chick_id	brood_id	brood_composition	sex	rank_in_nest	playback_treatment	nest_temperature_above_ambient	max_daily_temp_hatch_day	mean_max_temp_hatch_to_day2	mean_max_temp_hatch_to_day10	mean_max_temp_hatch_to_day13	hatching_mass	day1_mass	day2_mass	day10_mass	day13_mass	day13_tarsus
1	N1.10LF3	N1.10m3	mixed	F	2	treat	4.289583333	17.4	18.83333333	22.7	23.05714286	0.7	1.1000000000000001	1.2	NA	9.8	14.11
2	N1.10noCut3	N1.10m3	mixed	M	4	cont	4.289583333	19	20.53333333	24.53	23.41428571	0.6	0.80000000000000004	1.1000000000000001	NA	9.1	12.9
3	N1.10RB3	N1.10m3	mixed	F	2	cont	4.289583333	17.4	18.83333333	22.7	23.05714286	0.7	0.90000000000000002	1.3999999999999999	NA	9.3	13.6
4	N1.10RF3	N1.10m3	mixed	F	5	cont	4.289583333	19	20.53333333	24.53	23.41428571	0.6	0.5	0.90000000000000002	NA	7.7	13.06
5	N1.12LB3	N1.12m3	mixed	F	3	cont	3.972916667	29	24.63333333	22.85	22.91428571	0.7	1	1.3999999999999999	9.4000000000000004	10.1	14.08
6	N1.12LF3	N1.12m3	mixed	F	1	treat	3.972916667	25.1	24.8	23.35	23.24285714	0.6	0.90000000000000002	1.3999999999999999	8.0999999999999996	9.6	13.46
7	N1.12noCut3	N1.12m3	mixed	M	4	cont	3.972916667	20.3	23.43333333	22.2	22.45714286	0.8	0.69999999999999996	NA	6.9000000000000004	8	13.12
8	N1.12RB3	N1.12m3	mixed	M	2	treat	3.972916667	25.1	24.8	23.35	23.24285714	0.6	0.59999999999999998	1.1000000000000001	7.5	10	13.73
9	N1.13LF3	N1.13m3	same	F	1	treat	4.745833333	34	25.36666667	25.22	23.55	0.7	0.90000000000000002	1.2	NA	11.1	14.22
10	N1.13RB3	N1.13m3	same	M	2	treat	4.745833333	20.2	22.4	23.92	22.72857143	0.6	0.59999999999999998	1.1000000000000001	NA	8.3	14.1
11	N1.1LB2	N1.1m2	same	M	1	treat	4.467361111	23.3	24.76666667	23.39	22.76428571	0.8	1	1.8	NA	10	13.83
12	N1.1RF2	N1.1m2	same	M	2	treat	4.467361111	26.1	23.63333333	23.12	22.72857143	0.7	1	NA	NA	10.8	13.95
13	N1.2LF3	N1.2m3	mixed	M	3	cont	4.372916667	32.8	33	26.55	25.4	0.7	0.69999999999999996	0.90000000000000002	9.1999999999999993	10.2	13.47
14	N1.2noCut3	N1.2m3	mixed	F	1	treat	4.372916667	32.8	33	26.55	25.4	0.4	0.5	0.69999999999999996	7.0999999999999996	8.5	13.07
15	N1.2RB3	N1.2m3	mixed	F	1	treat	4.372916667	32.8	33	26.55	25.4	0.75	0.80000000000000004	1.1000000000000001	10.300000000000001	12.2	14.05
16	N1.2RF3	N1.2m3	mixed	M	4	cont	4.372916667	32.2	28.8	25.4	24.41428571	0.6	1	NA	9.8000000000000007	9.7	14.22
17	N1.3LB3	N1.3m3	mixed	M	3	treat	5.566666667	25.1	24.8	23.35	23.24285714	0.7	0.80000000000000004	NA	6.7000000000000002	7.5	13.03
18	N1.3LF3	N1.3m3	mixed	M	1	treat	5.566666667	20.2	22.4	23.92	22.72857143	0.8	1	1.2	NA	8.9	13.29
19	N1.3RB3	N1.3m3	mixed	M	3	cont	5.566666667	25.1	24.8	23.35	23.24285714	0.7	1.2	NA	8.5	9	14.25
20	N1.3RF3	N1.3m3	mixed	M	1	treat	5.566666667	20.2	22.4	23.92	22.72857143	0.7	1.1000000000000001	1.5	NA	10.2	13.95
21	N1.4LF2	N1.4m2	same	F	2	treat	5.909722222	26.9	26.63333333	23.72	23.88571429	0.5	0.59999999999999998	NA	NA	7.1	13.91
22	N1.4noCut2	N1.4m2	same	M	3	treat	5.909722222	23.7	24.36666667	23.64	22.91428571	0.7	0.69999999999999996	1	6.5	8.4	13.61
23	N1.4RF2	N1.4m2	same	M	1	treat	5.909722222	25.9	27.36666667	24.13	24.26428571	0.6	0.59999999999999998	1.1000000000000001	NA	9.8	14.52
24	N1.5allH3	N1.5m3	mixed	M	1	treat	4.947222222	21.6	26.06666667	26.23	25.60714286	0.6	0.80000000000000004	NA	NA	10	14.58
25	N1.5LF3	N1.5m3	mixed	M	1	cont	4.947222222	21.6	26.06666667	26.23	25.60714286	0.7	1	NA	NA	9.8	14.64
26	N1.5RB3	N1.5m3	mixed	M	3	cont	4.947222222	21.6	26.06666667	26.23	25.60714286	0.6	0.90000000000000002	NA	NA	10.1	14.21
27	N1.6allB2	N1.6m2	mixed	F	4	treat	5.155	26.1	23.63333333	23.12	22.72857143	0.6	0.80000000000000004	NA	NA	10	14.09
28	N1.6LB2	N1.6m2	mixed	M	1	cont	5.155	25.9	27.36666667	24.13	24.26428571	0.8	0.90000000000000002	1.3	NA	10	14.58
29	N1.6noCut2	N1.6m2	mixed	F	3	cont	5.155	23.3	24.76666667	23.39	22.76428571	0.7	NA	1.3	NA	10.2	13.34
30	N1.6RB2	N1.6m2	mixed	M	2	cont	5.155	26.9	26.63333333	23.72	23.88571429	0.7	1.1000000000000001	NA	NA	10.9	14.57
31	N1.7LF2	N1.7m2	same	F	1	cont	6.170833333	29.3	25.43333333	23.34	23.42857143	0.6	NA	NA	NA	10.4	13.78
32	N1.7RB2	N1.7m2	same	M	2	cont	6.170833333	23.3	24.76666667	23.39	22.76428571	0.6	0.90000000000000002	NA	9.5	9.5	13.44
33	N1.8LB2	N1.8m2	same	F	1	treat	5.2	32.3	24.7	23.35	24.64285714	0.7	0.90000000000000002	NA	NA	9.1	13.95
34	N1.9LF3	N1.9m3	mixed	M	2	treat	3.964583333	29	24.63333333	22.85	22.91428571	0.8	1	1.2	8.3000000000000007	10.3	14.67
35	N1.9noCut3	N1.9m3	mixed	M	4	cont	3.964583333	20.3	23.43333333	22.2	22.45714286	0.6	0.5	0.80000000000000004	5.9000000000000004	7.7	13.04
36	N1.9RB3	N1.9m3	mixed	F	1	treat	3.964583333	25.1	24.8	23.35	23.24285714	0.7	0.59999999999999998	0.90000000000000002	6.2999999999999998	8.5	12.49
37	N1.9RF3	N1.9m3	mixed	F	2	treat	3.964583333	29	24.63333333	22.85	22.91428571	0.7	1	1.1000000000000001	8.6999999999999993	10	12.95
38	N2.1LB2	N2.1m2	same	F	2	treat	5.309583333	26.9	26.63333333	23.72	23.88571429	0.5	0.90000000000000002	NA	7.7000000000000002	9.2	14.29
39	N2.1RB2	N2.1m2	same	M	1	treat	5.309583333	25	25.93333333	24.53	24.53571429	0.5	0.80000000000000004	NA	NA	10.2	14.13
40	N2.3LF2	N2.3m2	mixed	M	3	treat	3.421666667	25.9	27.36666667	24.13	24.26428571	0.7	0.59999999999999998	1.1000000000000001	7.5999999999999996	9.6	13.21
41	N2.3RF2	N2.3m2	mixed	F	1	cont	3.421666667	22	23.9	25.18	23.91428571	0.6	0.59999999999999998	NA	NA	10.9	13.01
42	N2.4LB2	N2.4m2	same	M	4	cont	5.124166667	32.3	24.7	23.35	24.64285714	0.7	0.90000000000000002	NA	NA	10.3	13.47
43	N2.4RB2	N2.4m2	same	F	1	cont	5.124166667	20.3	21.03333333	22.45	22.83571429	0.7	0.69999999999999996	NA	NA	8.4	12.49
44	N2.4RF2	N2.4m2	same	F	3	cont	5.124166667	23.1	25.53333333	23.68	23.99285714	0.7	0.90000000000000002	1.2	8.0999999999999996	10.1	13.64
45	N2.5allF2	N2.5m2	same	M	4	cont	4.534583333	23.3	24.76666667	23.39	22.76428571	0.8	0.69999999999999996	NA	4.7999999999999998	7	11.98
46	N2.5noCut2	N2.5m2	same	F	3	cont	4.534583333	23.3	24.76666667	23.39	22.76428571	0.7	0.90000000000000002	NA	7.7000000000000002	9.9	14.1
47	N2.5RB2	N2.5m2	same	M	1	cont	4.534583333	26.9	26.63333333	23.72	23.88571429	0.7	1	NA	NA	11.2	14.55
48	N2.5RF2	N2.5m2	same	M	1	cont	4.534583333	26.9	26.63333333	23.72	23.88571429	0.7	1	NA	NA	10.7	14.12
49	N2.6LB3	N2.6m3	same	M	5	cont	4.153333333	20.2	22.4	23.92	22.72857143	0.7	0.90000000000000002	1.3	8.5	9.6	14.29
50	N2.6LF3	N2.6m3	same	M	1	cont	4.153333333	32.8	33	26.55	25.4	0.6	0.80000000000000004	NA	8.4000000000000004	9.1	13.75
51	N2.6noCut3	N2.6m3	same	F	3	cont	4.153333333	34	25.36666667	25.22	23.55	0.6	0.59999999999999998	0.80000000000000004	6.7000000000000002	7.9	12.68
52	N2.6RB3	N2.6m3	same	F	4	cont	4.153333333	34	25.36666667	25.22	23.55	0.7	0.80000000000000004	0.90000000000000002	8.5	9.7	14.05
53	N2.6RF3	N2.6m3	same	F	2	cont	4.153333333	32.8	33	26.55	25.4	0.7	0.80000000000000004	NA	NA	9.9	14.06
54	N2.7LF2	N2.7m2	same	M	1	treat	3.672083333	19.9	20.4	22.28	22.84285714	0.7	0.69999999999999996	NA	NA	7.2	11.47
55	N2.8LB3	N2.8m3	mixed	M	3	cont	4.640833333	20.1	22.66666667	24.82	23.6	0.6	0.90000000000000002	1.5	NA	6.9	12.82
56	N2.8LF3	N2.8m3	mixed	M	1	treat	4.640833333	19	20.53333333	24.53	23.41428571	0.7	0.90000000000000002	1.8	NA	9.3	13.99
57	N2.8RF3	N2.8m3	mixed	F	1	cont	4.640833333	19	20.53333333	24.53	23.41428571	0.6	NA	1	NA	8.7	14.35
58	N2.9LF3	N2.9m3	same	F	1	cont	3.809583333	32.3	24.7	23.35	24.64285714	0.7	0.69999999999999996	0.80000000000000004	NA	10.7	14.28
59	N2.9RB3	N2.9m3	same	F	2	cont	3.809583333	21.2	20.76666667	22.38	24.76428571	0.7	0.80000000000000004	NA	NA	10.7	14.8
60	N3.1LF2	N3.1m2	same	M	3	cont	4.601666667	20.3	21.03333333	22.45	22.83571429	0.7	1.1000000000000001	NA	NA	10.1	14.7
61	N3.1noCut2	N3.1m2	same	F	4	cont	4.601666667	20.3	21.03333333	22.45	22.83571429	0.6	0.59999999999999998	NA	NA	9.8	13.58
62	N3.1RB2	N3.1m2	same	M	1	cont	4.601666667	19.9	20.4	22.28	22.84285714	0.7	1.1000000000000001	1.5	NA	11.1	14.09
63	N3.1RF2	N3.1m2	same	F	1	cont	4.601666667	19.9	20.4	22.28	22.84285714	0.7	0.59999999999999998	1	NA	9	14.36
64	N3.2LB3	N3.2m3	mixed	M	5	treat	4.06	29	24.63333333	22.85	22.91428571	0.6	0.90000000000000002	1.2	8.0999999999999996	8.9	14.52
65	N3.2LF3	N3.2m3	mixed	M	2	cont	4.06	21.9	25.33333333	23.64	23.1	0.7	0.69999999999999996	1	7.5999999999999996	10	13.7
66	N3.2noCut3	N3.2m3	mixed	F	4	treat	4.06	25.1	24.8	23.35	23.24285714	0.7	0.59999999999999998	1	6.7000000000000002	9.3	13.27
67	N3.2RB3	N3.2m3	mixed	M	3	treat	4.06	25.1	24.8	23.35	23.24285714	0.8	1.2	1.6000000000000001	NA	8.7	14.56
68	N3.3noCut3	N3.3m3	mixed	F	1	cont	3.526666667	24.6	23.76666667	22.71	22.7	0.7	0.69999999999999996	0.90000000000000002	NA	6.6	11.81
69	N3.3RB3	N3.3m3	mixed	M	2	cont	3.526666667	24.6	23.76666667	22.71	22.7	0.6	0.69999999999999996	0.69999999999999996	NA	6.2	10.41
70	N3.4LB2	N3.4m2	same	M	3	treat	5.51	26.9	26.63333333	23.72	23.88571429	0.7	0.90000000000000002	1.2	NA	8.5	12.64
71	N3.4LF2	N3.4m2	same	M	1	treat	5.51	22	23.9	25.18	23.91428571	0.8	1.2	1.5	NA	9.9	13.82
72	N3.4RB2	N3.4m2	same	M	2	treat	5.51	24.7	25.2	24.97	23.99285714	0.6	0.90000000000000002	NA	NA	8.7	13.66
73	N3.5LF2	N3.5m2	same	F	2	cont	4.76	24.9	21.7	22.56	23.27857143	0.7	1	NA	10.300000000000001	10.2	14
74	N3.5RB2	N3.5m2	same	M	1	cont	4.76	23.3	24.76666667	23.39	22.76428571	0.7	0.90000000000000002	NA	NA	10.8	14.8
75	N3.5RF2	N3.5m2	same	F	2	cont	4.76	24.9	21.7	22.56	23.27857143	0.6	0.80000000000000004	NA	8.9000000000000004	9.5	14.55
76	N3.6LB3	N3.6m3	mixed	F	3	treat	4.11	24.6	23.76666667	22.71	22.7	0.6	0.5	0.90000000000000002	NA	8.5	13.86
77	N3.6noCuta3	N3.6m3	mixed	M	4	cont	4.11	21.3	24.23333333	22.15	23.95714286	0.7	0.80000000000000004	1.2	7.9000000000000004	8.8	13.81
78	N3.6RB3	N3.6m3	mixed	M	2	cont	4.11	24.6	23.76666667	22.71	22.7	0.6	0.59999999999999998	0.80000000000000004	NA	6.6	12.62
79	N3.8LB3	N3.8m3	same	F	1	cont	4.251666667	21.2	20.76666667	22.38	24.76428571	0.7	0.80000000000000004	NA	NA	10.7	13.79
80	N3.8RB3	N3.8m3	same	F	2	cont	4.251666667	20.5	21.4	23.87	24.78571429	0.7	0.80000000000000004	1.1000000000000001	8.6999999999999993	9.6	13.51
81	N3.9LF2	N3.9m2	mixed	M	3	treat	3.643333333	20.3	21.03333333	22.45	22.83571429	0.6	0.90000000000000002	1.3999999999999999	NA	10.4	14.21
82	N3.9noCut2	N3.9m2	mixed	F	4	treat	3.643333333	21	21.96666667	22.7	23	0.8	1	NA	NA	9.1	14.07
83	N3.9RB2	N3.9m2	mixed	M	2	treat	3.643333333	19.9	20.4	22.28	22.84285714	0.7	0.69999999999999996	1.3	NA	9.3	13.47
84	N3.9RF2	N3.9m2	mixed	F	1	cont	3.643333333	29.3	25.43333333	23.34	23.42857143	0.5	0.5	NA	NA	6.7	11.38
85	N4.2LB2	N4.2m2	same	M	2	treat	3.645416667	23.7	24.36666667	23.64	22.91428571	0.7	0.90000000000000002	NA	8.6999999999999993	10.5	13.72
86	N4.2RB2	N4.2m2	same	M	1	treat	3.645416667	26.9	26.63333333	23.72	23.88571429	0.6	0.90000000000000002	NA	NA	9.6	13.45
87	N4.3LB2	N4.3m2	same	F	2	treat	3.270416667	25.9	27.36666667	24.13	24.26428571	0.7	0.90000000000000002	1.1000000000000001	NA	9.5	13.72
88	N4.3LF2	N4.3m2	same	F	3	treat	3.270416667	26.9	26.63333333	23.72	23.88571429	0.7	0.69999999999999996	1.1000000000000001	NA	10.4	13.44
89	N4.3RB2	N4.3m2	same	F	4	treat	3.270416667	29.3	25.43333333	23.34	23.42857143	0.6	0.90000000000000002	NA	8.9000000000000004	10.1	13.46
90	N4.4LB3	N4.4m3	same	F	3	cont	4.770416667	23.9	29.63333333	26.4	25.86428571	0.7	0.90000000000000002	NA	NA	9	12.87
91	N4.4LF3	N4.4m3	same	F	1	cont	4.770416667	33.8	24.13333333	26	25.64285714	0.7	0.69999999999999996	NA	NA	9.8	13.79
92	N4.4RF3	N4.4m3	same	F	2	cont	4.770416667	22.6	26.43333333	26.2	25.97857143	0.7	0.80000000000000004	1.1000000000000001	8.8000000000000007	10.8	13.47
93	N4.6LF2	N4.6m2	same	F	2	cont	4.20375	19.9	20.4	22.28	22.84285714	0.7	0.80000000000000004	NA	NA	8.7	12.65
94	N4.6RB2	N4.6m2	same	M	1	cont	4.20375	26.1	23.63333333	23.12	22.72857143	0.7	0.80000000000000004	NA	NA	11.7	14.56
95	N5.1LB2	N5.1m2	same	F	3	cont	4.224583333	22	23.9	25.18	23.91428571	0.6	NA	1.2	NA	9.6	13.98
96	N5.1LF2	N5.1m2	same	M	4	cont	4.224583333	24.7	25.2	24.97	23.99285714	0.6	0.80000000000000004	NA	NA	8.7	13.78
97	N5.1RF2	N5.1m2	same	F	1	cont	4.224583333	37.2	27.96666667	26.41	25.01428571	0.7	0.69999999999999996	NA	NA	10	13.82
98	N5.3LB2	N5.3m2	same	F	3	cont	3.147916667	26.9	26.63333333	23.72	23.88571429	0.6	0.59999999999999998	NA	5.2999999999999998	8	12.28
99	N5.3RB2	N5.3m2	same	M	1	cont	3.147916667	24.7	25.2	24.97	23.99285714	0.7	0.5	NA	NA	10	13.58
100	N5.3RF2	N5.3m2	same	M	2	cont	3.147916667	25.9	27.36666667	24.13	24.26428571	0.6	0.59999999999999998	0.80000000000000004	6.7999999999999998	7.4	12.47
101	N5.5LF3	N5.5m3	mixed	M	1	treat	4.289583333	22.8	25.13333333	26.09	25.51428571	0.7	1.2	NA	NA	10.3	15.37
102	N5.5RF3	N5.5m3	mixed	M	4	treat	4.289583333	19.8	22.1	26.15	25.22142857	0.6	1	NA	NA	9.2	14.58
103	N5.7LB2	N5.7m2	same	F	1	cont	3.164583333	35.1	31.43333333	27.31	26.02142857	0.7	1	NA	NA	9.7	13.95
104	N5.7LF2	N5.7m2	same	M	4	cont	3.164583333	24.7	25.2	24.97	23.99285714	0.7	0.90000000000000002	NA	NA	9.4	14.41
105	N5.7RB2	N5.7m2	same	F	3	cont	3.164583333	24.7	25.2	24.97	23.99285714	0.7	0.90000000000000002	NA	NA	9.7	14.35
106	N5.8LB2	N5.8m2	mixed	M	1	cont	4.135416667	23.1	25.53333333	23.68	23.99285714	0.7	0.90000000000000002	NA	NA	10.2	14.1
107	N5.8LF2	N5.8m2	mixed	M	4	treat	4.135416667	20.6	21.06666667	22.65	24.69285714	0.7	1.1000000000000001	NA	9.5999999999999996	10.1	13.85
108	N5.8RB2	N5.8m2	mixed	M	2	cont	4.135416667	21.2	20.76666667	22.38	24.76428571	0.5	0.59999999999999998	0.90000000000000002	8.5	9.5	13.85
109	N5.8RF2	N5.8m2	mixed	F	2	cont	4.135416667	21.2	20.76666667	22.38	24.76428571	0.7	0.90000000000000002	1.3999999999999999	9.5	9.9	14.3
110	N6.10LB3	N6.10m3	same	F	2	treat	3.814166667	19.8	22.1	26.15	25.22142857	0.7	1.1000000000000001	NA	NA	9.9	14.31
111	N6.10LF3	N6.10m3	same	M	1	treat	3.814166667	22.8	25.13333333	26.09	25.51428571	0.7	0.69999999999999996	NA	NA	11.1	14.91
112	N6.10RF3	N6.10m3	same	M	2	treat	3.814166667	19.8	22.1	26.15	25.22142857	0.6	1.1000000000000001	NA	NA	10.5	14.41
113	N6.1LB3	N6.1m3	mixed	F	4	cont	4.509583333	19.8	22.1	26.15	25.22142857	0.6	1	NA	NA	9.1	13.94
114	N6.1LF3	N6.1m3	mixed	F	1	treat	4.509583333	22.8	25.13333333	26.09	25.51428571	0.7	1	1.3	NA	9.6	13.5
115	N6.1noCut3	N6.1m3	mixed	M	4	cont	4.509583333	19.8	22.1	26.15	25.22142857	0.6	1	NA	NA	8.6	12.85
116	N6.1RB3	N6.1m3	mixed	F	1	treat	4.509583333	22.8	25.13333333	26.09	25.51428571	0.6	0.80000000000000004	1.3999999999999999	NA	10.2	13.53
117	N6.1RF3	N6.1m3	mixed	F	3	treat	4.509583333	33.8	24.13333333	26	25.64285714	0.7	1	NA	NA	9.5	13.72
118	N6.2RF2	N6.2m2	same	M	1	cont	3.345416667	21	21.96666667	22.7	23	0.6	0.69999999999999996	NA	NA	7.5	12.66
119	N6.3LB2	N6.3m2	mixed	F	3	cont	3.657569444	32.3	24.7	23.35	24.64285714	0.6	0.69999999999999996	NA	NA	9.7	13.09
120	N6.3LF2	N6.3m2	mixed	F	1	treat	3.657569444	23.1	25.53333333	23.68	23.99285714	0.7	0.69999999999999996	1	NA	10.5	13.41
121	N6.3RB2	N6.3m2	mixed	F	1	treat	3.657569444	23.1	25.53333333	23.68	23.99285714	0.7	0.69999999999999996	1.1000000000000001	NA	10.4	14.2
122	N6.4allB3	N6.4m3	same	F	4	treat	5.693333333	24.6	23.76666667	22.71	22.7	0.7	NA	NA	8.5	11	13.47
123	N6.4LB3	N6.4m3	same	F	1	treat	5.693333333	25.1	24.8	23.35	23.24285714	0.7	0.80000000000000004	NA	7.5999999999999996	10.4	13.46
124	N6.4noCut3	N6.4m3	same	F	5	treat	5.693333333	25.4	25.7	22.64	23.22142857	0.6	0.69999999999999996	0.80000000000000004	4.0999999999999996	6.3	11.35
125	N6.5LB3	N6.5m3	mixed	M	3	treat	4.865902778	19.8	22.1	26.15	25.22142857	0.7	0.90000000000000002	NA	NA	10	13.23
126	N6.5LF3	N6.5m3	mixed	F	1	cont	4.865902778	22.8	25.13333333	26.09	25.51428571	0.6	0.69999999999999996	0.90000000000000002	NA	10.7	13.68
127	N6.5RF3	N6.5m3	mixed	M	2	cont	4.865902778	33.8	24.13333333	26	25.64285714	0.6	0.59999999999999998	NA	NA	9.6	14.05
128	N6.6RB2	N6.6m2	same	M	2	treat	4.447847222	26.9	26.63333333	23.72	23.88571429	0.6	1	NA	8.3000000000000007	9.2	13.9
129	N6.6RF2	N6.6m2	same	M	1	treat	4.447847222	25	25.93333333	24.53	24.53571429	0.6	0.69999999999999996	NA	NA	10.6	14.13
130	N6.7RB2	N6.7m2	same	F	1	treat	3.590902778	26.9	26.63333333	23.72	23.88571429	0.5	0.69999999999999996	NA	NA	10	13.47
