site.abbr	site.type	sample.date	year	month	day	quadrat	wood	soil	rock	veg	thatch	stems	tilled	holes	slope
BAL	N	28/03/2014	2014	3	28	11	0	0	0	70	30	0		0	3
BAL	N	28/03/2014	2014	3	28	12	5	0	0	45	50	0		0	15
BAL	N	28/03/2014	2014	3	28	13	1	0	0	60	39	0		0	20
BAL	N	28/03/2014	2014	3	28	14	5	5	0	50	40	0		0	25
BAL	N	28/03/2014	2014	3	28	15	5	0	0	60	25	0		0	25
BAL	N	28/03/2014	2014	3	28	21	1	0	0	69	30	0		0	3
BAL	N	28/03/2014	2014	3	28	22	0	0	0	10	90	1		0	5
BAL	N	28/03/2014	2014	3	28	23	5	35	0	20	40	0		0	30
BAL	N	28/03/2014	2014	3	28	24	0	20	0	15	65	0		0	25
BAL	N	28/03/2014	2014	3	28	25	30	15	0	5	50	0		0	25
BAL	N	28/03/2014	2014	3	28	31	15	0	0	45	30	0		0	0
BAL	N	28/03/2014	2014	3	28	32	0	10	0	50	40	1		0	20
BAL	N	28/03/2014	2014	3	28	33	10	20	0	30	40	0		0	30
BAL	N	28/03/2014	2014	3	28	34	15	15	0	20	50	0		0	30
BAL	N	28/03/2014	2014	3	28	35	30	15	0	35	20	0		1	30
FUL2	O	20/02/2014	2014	2	20	11	0	60	0	35	5	0	Y	0	0
FUL2	O	20/02/2014	2014	2	20	12	0	70	0	45	15	0	Y	0	0
FUL2	O	20/02/2014	2014	2	20	13	0	70	0	15	15	0	Y	0	0
FUL2	O	20/02/2014	2014	2	20	14	0	5	0	50			Y	0	0
FUL2	O	20/02/2014	2014	2	20	15	0	90	0	1	10	0		0	0
FUL2	O	20/02/2014	2014	2	20	21	0	45	0	55	0	0	Y	0	0
FUL2	O	20/02/2014	2014	2	20	22	0	25	0	70	5	0	Y	0	0
FUL2	O	20/02/2014	2014	2	20	23	2	65	0	15	20	0	Y	0	0
FUL2	O	20/02/2014	2014	2	20	24	0	80	0	20	0	0	Y	0	0
FUL2	O	20/02/2014	2014	2	20	25	0	90	0	10	0	0	Y	0	0
FUL2	O	20/02/2014	2014	2	20	31	0	10	0	80	10	0	Y	0	0
FUL2	O	20/02/2014	2014	2	20	32	0	50	0	40	10	0	Y	0	0
FUL2	O	20/02/2014	2014	2	20	33	0	0	0	0	100	0		0	0
FUL2	O	20/02/2014	2014	2	20	34	0	60	0	40	0	0	Y	0	0
FUL2	O	20/02/2014	2014	2	20	35	0	60	0	40	0	0	Y	0	0
FUL4	O	20/02/2014	2014	2	20	11	0	92	0	8	0	0	Y	0	0
FUL4	O	20/02/2014	2014	2	20	12	0	90	0	10	0	0	Y	0	0
FUL4	O	20/02/2014	2014	2	20	13	0	94	0	6	0	0	Y	0	0
FUL4	O	20/02/2014	2014	2	20	14	0	94	0	6	0	0	Y	0	0
FUL4	O	20/02/2014	2014	2	20	15	0	93	0	7	0	0	Y	0	0
FUL4	O	20/02/2014	2014	2	20	21	0	90	0	10	0	0	Y	0	0
FUL4	O	20/02/2014	2014	2	20	22	0	90	0	10	0	0	Y	0	0
FUL4	O	20/02/2014	2014	2	20	23	0	94	0	6	0	0	Y	0	0
FUL4	O	20/02/2014	2014	2	20	24	0	94	0	5	1	0	Y	0	0
FUL4	O	20/02/2014	2014	2	20	25	0	92	0	8	0	0	Y	0	0
FUL4	O	20/02/2014	2014	2	20	31	0	89	0	11	0	0	Y	0	0
FUL4	O	20/02/2014	2014	2	20	32	0	76	0	20	4	0	Y	0	0
FUL4	O	20/02/2014	2014	2	20	33	0	86	0	14	0	0	Y	0	0
FUL4	O	20/02/2014	2014	2	20	34	0	69	0	30	1	0	Y	0	0
FUL4	O	20/02/2014	2014	2	20	35	0	85	0	15	0	0	Y	0	0
HOL	C	28/03/2014	2014	3	28	11	1	38	0	1	60	0		1	0
HOL	C	28/03/2014	2014	3	28	12	0	84	0	15	1	0	Y	0	0
HOL	C	28/03/2014	2014	3	28	13	0	89	0	10	1	0	Y	0	0
HOL	C	28/03/2014	2014	3	28	14	0	86	0	11	3	0	Y	0	0
HOL	C	28/03/2014	2014	3	28	15	0	85	0	13	2	0	Y	0	0
HOL	C	28/03/2014	2014	3	28	21	2	34	0	4	60	0		2	1
HOL	C	28/03/2014	2014	3	28	22	0	80	0	20	0	0	Y	0	0
HOL	C	28/03/2014	2014	3	28	23	0	90	0	10	0	0	Y	0	0
HOL	C	28/03/2014	2014	3	28	24	0	81	0	18	1	0	Y	0	0
HOL	C	28/03/2014	2014	3	28	25	0	88	0	11	1	0	Y	0	0
HOL	C	28/03/2014	2014	3	28	31	5	34	1	0	60	0		0	0
HOL	C	28/03/2014	2014	3	28	32	0	90	0	8	2	0	Y	0	0
HOL	C	28/03/2014	2014	3	28	33	0	85	0	14	1	0	Y	0	0
HOL	C	28/03/2014	2014	3	28	34	0	90	0	8	2	0	Y	0	0
HOL	C	28/03/2014	2014	3	28	35	0	92	0	6	2	0	Y	0	0
LEE	C	27/03/2014	2014	3	27	11	0	50	0	45	5	0		0	0
LEE	C	27/03/2014	2014	3	27	12	0	50	0	43	2	0		0	0
LEE	C	27/03/2014	2014	3	27	13	0	50	0	40	10	0		0	0
LEE	C	27/03/2014	2014	3	27	14	0	30	0	50	20	0		0	0
LEE	C	27/03/2014	2014	3	27	15	0	30	0	50	20	0		0	0
LEE	C	27/03/2014	2014	3	27	21	0	30	0	60	10	0		0	0
LEE	C	27/03/2014	2014	3	27	22	0	30	0	65	5	0		0	0
LEE	C	27/03/2014	2014	3	27	23	0	15	0	80	5	0		0	0
LEE	C	27/03/2014	2014	3	27	24	0	45	0	50	5	0		0	0
LEE	C	27/03/2014	2014	3	27	25	0	39	0	60	1	0		0	0
LEE	C	27/03/2014	2014	3	27	31	0	20	0	70	10	0		0	0
LEE	C	27/03/2014	2014	3	27	32	0	25	0	65	10	0		0	0
LEE	C	27/03/2014	2014	3	27	33	0	5	0	75	20	0		0	0
LEE	C	27/03/2014	2014	3	27	34	0	39	0	60	1	0		0	0
LEE	C	27/03/2014	2014	3	27	35	0	5	0	94	1	0		0	0
LOW	N	20/02/2014	2014	2	20	11	1	2	3	20	70	1			0
LOW	N	20/02/2014	2014	2	20	12	15	0	0	60	25	0		2	0
LOW	N	20/02/2014	2014	2	20	13	0	45	20	10	20	0		0	15
LOW	N	20/02/2014	2014	2	20	14	5	0	15	15	35	0		0	5
LOW	N	20/02/2014	2014	2	20	15	0	0	15	10	10	0		2	0
LOW	N	20/02/2014	2014	2	20	21	0	70	20	1	5	0		0	0
LOW	N	20/02/2014	2014	2	20	22	4	70	15	1	10	0		0	20
LOW	N	20/02/2014	2014	2	20	23	40	5	0	1	45	0		0	0
LOW	N	20/02/2014	2014	2	20	24	20	30	0	20	30	0		0	25
LOW	N	20/02/2014	2014	2	20	25	2	10	95	0	0	0		0	45
LOW	N	20/02/2014	2014	2	20	31	0	30	70	0	0	0		0	20
LOW	N	20/02/2014	2014	2	20	32	0	30	10	5	60	0		0	10
LOW	N	20/02/2014	2014	2	20	33	0	15	30	5	50	0		0	10
LOW	N	20/02/2014	2014	2	20	34	2	20	30	10	35	0		0	20
LOW	N	20/02/2014	2014	2	20	35	0	45	15	5	35	0		0	5
MUR63	N	25/04/2014	2014	4	25	11	0	40	3	55	2	0		0	2
MUR63	N	25/04/2014	2014	4	25	12	0	30	0	50	20	0		0	2
MUR63	N	25/04/2014	2014	4	25	13	0	15	0	70	10	0		0	5
MUR63	N	25/04/2014	2014	4	25	14	0	20	0	60	20	0		0	15
MUR63	N	25/04/2014	2014	4	25	15	5	30	0	50	15	0		0	35
MUR63	N	25/04/2014	2014	4	25	21	30	0	0	20	50	0		0	15
MUR63	N	25/04/2014	2014	4	25	22	0	40	0	45	15	0		0	10
MUR63	N	25/04/2014	2014	4	25	23	2	5	0	30	50	0		0	10
MUR63	N	25/04/2014	2014	4	25	24	5	28	0	70	2	0		0	20
MUR63	N	25/04/2014	2014	4	25	25	0	40	0	50	5	0		0	15
MUR63	N	25/04/2014	2014	4	25	31	0	40	0	40	10	0		0	5
MUR63	N	25/04/2014	2014	4	25	32	0	25	2	68	5	0		0	10
MUR63	N	25/04/2014	2014	4	25	33	0	15	0	80	5	0		0	15
MUR63	N	25/04/2014	2014	4	25	34	0	5	0	90	5	0		0	15
MUR63	N	25/04/2014	2014	4	25	35	0	40	0	65	5	0		0	10
MUR70	N	25/04/2014	2014	4	25	11	3	0	0	60	37	0		0	0
MUR70	N	25/04/2014	2014	4	25	12	0	20	0	60	20	0		0	0
MUR70	N	25/04/2014	2014	4	25	13	2	0	0	48	50	0		0	0
MUR70	N	25/04/2014	2014	4	25	14	0	5	0	70	25	0		0	20
MUR70	N	25/04/2014	2014	4	25	15	0	10	0	85	5	0		0	15
MUR70	N	25/04/2014	2014	4	25	21	0	25	0	75	0	0		0	15
MUR70	N	25/04/2014	2014	4	25	22	0	30	0	65	5	0		0	15
MUR70	N	25/04/2014	2014	4	25	23	2	3	0	90	5	0		0	2
MUR70	N	25/04/2014	2014	4	25	24	10	0	0	80	10	0		0	2
MUR70	N	25/04/2014	2014	4	25	25	0	80	0	20	0	0		0	80
MUR70	N	25/04/2014	2014	4	25	31	10	40	0	30	0	0		0	60
MUR70	N	25/04/2014	2014	4	25	32	2	0	0	80	18	0		0	0
MUR70	N	25/04/2014	2014	4	25	33	0	40	0	60	0	0		0	2
MUR70	N	25/04/2014	2014	4	25	34	0	30	0	70	0	0		0	5
MUR70	N	25/04/2014	2014	4	25	35	0	25	0	70	5	0		0	5
NIC	N	27/03/2014	2014	3	27	11	0	1	0	98	1	0		0	0
NIC	N	27/03/2014	2014	3	27	12	0	0	0	99	1	0		0	5
NIC	N	27/03/2014	2014	3	27	13	0	0	0	5	95	0		0	5
NIC	N	27/03/2014	2014	3	27	14	0	1	0	94	5	0		0	10
NIC	N	27/03/2014	2014	3	27	15	0	5	0	90	5	0		1	10
NIC	N	27/03/2014	2014	3	27	21	0	1	0	94	5	0		0	0
NIC	N	27/03/2014	2014	3	27	22	0	1	0	95	4	0		0	0
NIC	N	27/03/2014	2014	3	27	23	0	5	0	80	15	0		0	0
NIC	N	27/03/2014	2014	3	27	24	5	5	0	75	15	0		0	0
NIC	N	27/03/2014	2014	3	27	25	5	0	0	75	20	0		0	0
NIC	N	27/03/2014	2014	3	27	31	10	10	0	75	5	0		0	15
NIC	N	27/03/2014	2014	3	27	32	5	10	0	15	70	0		0	20
NIC	N	27/03/2014	2014	3	27	33	0	1	0	89	10	0		0	2
NIC	N	27/03/2014	2014	3	27	34	3	30	0	57	10	0		0	2
NIC	N	27/03/2014	2014	3	27	35	0	5	0	80	15	0		0	3
PIL	C	25/04/2014	2014	4	25	11	0	5	0	40	50	0		0	0
PIL	C	25/04/2014	2014	4	25	12	0	60	0	30	10	0	Y	0	0
PIL	C	25/04/2014	2014	4	25	13	0	60	0	40	0	0	Y	0	0
PIL	C	25/04/2014	2014	4	25	14	0	65	0	35	0	0	Y	0	0
PIL	C	25/04/2014	2014	4	25	15	0	65	0	35	0	0	Y	0	0
PIL	C	25/04/2014	2014	4	25	21	0	60	0	38	0	0	Y	0	0
PIL	C	25/04/2014	2014	4	25	22	0	60	0	38	0	0	Y	0	0
PIL	C	25/04/2014	2014	4	25	23	0	60	0	38	0	0	Y	0	0
PIL	C	25/04/2014	2014	4	25	24	0	60	0	38	0	0	Y	0	0
PIL	C	25/04/2014	2014	4	25	25	0	60	0	38	0	0	Y	0	0
PIL	C	25/04/2014	2014	4	25	31	0	2	0	60	38	0		1	0
PIL	C	25/04/2014	2014	4	25	32	0	60	0	38	2	0	Y	0	0
PIL	C	25/04/2014	2014	4	25	33	0	60	0	38	2	0	Y	0	0
PIL	C	25/04/2014	2014	4	25	34	0	60	0	38	2	0	Y	0	0
PIL	C	25/04/2014	2014	4	25	35	0	60	0	38	2	0	Y	0	0
PUT1	N	27/03/2014	2014	3	27	11	0	3	0	90	7	0		0	7
PUT1	N	27/03/2014	2014	3	27	12	0	2	3	65	30	0		0	4
PUT1	N	27/03/2014	2014	3	27	13	15	5	0	20	60	0		0	15
PUT1	N	27/03/2014	2014	3	27	14	0	20	5	30	45	0		0	40
PUT1	N	27/03/2014	2014	3	27	15	0	1	0	99	0	0		0	0
PUT1	N	27/03/2014	2014	3	27	16	0	0	0	85	15	2		0	0
PUT1	N	27/03/2014	2014	3	27	17	0	5	0	80	15	0		0	0
PUT1	N	27/03/2014	2014	3	27	18	0	20	0	72	8	2		1	0
PUT1	N	27/03/2014	2014	3	27	21	0	2	0	93	5	0		0	0
PUT1	N	27/03/2014	2014	3	27	22	0	20	1	70	9	0		0	0
PUT1	N	27/03/2014	2014	3	27	23	0	19	1	65	15	0		0	0
PUT1	N	27/03/2014	2014	3	27	24	0	20	1	40	39	0		0	0
PUT1	N	27/03/2014	2014	3	27	25	1	15	0	39	45	1		0	40
PUT1	N	27/03/2014	2014	3	27	26	0	5	0	65	30	0		0	15
PUT1	N	27/03/2014	2014	3	27	27	0	9	1	40	50	0		1	10
RIV3	O	20/02/2014	2014	2	20	11	0	2	0	48	50	2		0	0
RIV3	O	20/02/2014	2014	2	20	12	0	80	0	0	20	0	Y	0	0
RIV3	O	20/02/2014	2014	2	20	13	0	98	2	0	0	0		0	0
RIV3	O	20/02/2014	2014	2	20	14	0	0	0	2	98	0	Y	0	0
RIV3	O	20/02/2014	2014	2	20	15	0	60	0	10	30	0	Y	0	2
RIV3	O	20/02/2014	2014	2	20	21	0	93	0	2	5	0	Y	0	0
RIV3	O	20/02/2014	2014	2	20	22	0	93	4	3	0	0		0	0
RIV3	O	20/02/2014	2014	2	20	23	0	2	0	35	63	0	Y	0	0
RIV3	O	20/02/2014	2014	2	20	24	0	0	0	3	97	0	Y	0	3
RIV3	O	20/02/2014	2014	2	20	25	0	85	0	10	5	0	Y	0	0
RIV3	O	20/02/2014	2014	2	20	31	0	30	0	50	20	0	Y	0	0
RIV3	O	20/02/2014	2014	2	20	32	0	1	0	5	94	0	Y	0	0
RIV3	O	20/02/2014	2014	2	20	33	0	1	0	1	98	0	Y	0	0
RIV3	O	20/02/2014	2014	2	20	34	0	0	0	25	75	2	Y	0	0
RIV3	O	20/02/2014	2014	2	20	35	0	15	0	42	43	0	Y	0	0
RIV4	O	20/02/2014	2014	2	20	11	0	10	0	90	0	0	Y	0	0
RIV4	O	20/02/2014	2014	2	20	12	0	15	0	85	0	0	Y	0	0
RIV4	O	20/02/2014	2014	2	20	13	0	25	0	75	0	0	Y	0	0
RIV4	O	20/02/2014	2014	2	20	14	0	10	0	90	0	2	Y	0	0
RIV4	O	20/02/2014	2014	2	20	15	0	8	0	92	0	0	Y	0	0
RIV4	O	20/02/2014	2014	2	20	21	0	90	0	8	2	0		4	0
RIV4	O	20/02/2014	2014	2	20	22	0	25	0	95	0	0	Y	0	0
RIV4	O	20/02/2014	2014	2	20	23	0	10	0	90	0	0	Y	0	0
RIV4	O	20/02/2014	2014	2	20	24	0	7	0	93	0	0	Y	0	0
RIV4	O	20/02/2014	2014	2	20	25	0	15	0	85	0	0	Y	0	0
RIV4	O	20/02/2014	2014	2	20	31	0	6	0	94	0	0	Y	0	0
RIV4	O	20/02/2014	2014	2	20	32	0	20	0	70	10	0	Y	0	0
RIV4	O	20/02/2014	2014	2	20	33	0	38	0	60	2	0	Y	0	0
RIV4	O	20/02/2014	2014	2	20	34	0	39	0	60	1	0	Y	0	0
RIV4	O	20/02/2014	2014	2	20	35	0	39	0	60	1	0	Y	0	0
TER1	O	27/03/2014	2014	3	27	11	10	15	0	75	10	0		1	0
TER1	O	27/03/2014	2014	3	27	12	0	100	0	0	0	0	Y	0	0
TER1	O	27/03/2014	2014	3	27	13	0	99	0	1	0	0	Y	0	0
TER1	O	27/03/2014	2014	3	27	14	0	100	0	0	0	0	Y	0	0
TER1	O	27/03/2014	2014	3	27	15	0	100	0	0	1	0	Y	0	0
TER1	O	27/03/2014	2014	3	27	21	0	99	0	1	0	0	Y	0	0
TER1	O	27/03/2014	2014	3	27	22	0	100	0	0	0	0	Y	0	0
TER1	O	27/03/2014	2014	3	27	23	0	100	0	0	0	0	Y	0	0
TER1	O	27/03/2014	2014	3	27	24	0	99	0	1	0	0	Y	0	0
TER1	O	27/03/2014	2014	3	27	25	0	30	0	40	30	0			
TER1	O	27/03/2014	2014	3	27	31	0	0	0	15	85	0		0	20
TER1	O	27/03/2014	2014	3	27	32	0	2	0	95	3	0		0	15
TER1	O	27/03/2014	2014	3	27	33	0	99	0	0	1	0		0	0
TER1	O	27/03/2014	2014	3	27	34	0	14	0	15	1	0	Y	0	0
TER1	O	27/03/2014	2014	3	27	35	0	13	0	25	2	0	Y	0	0
TOM	N	25/04/2014	2014	4	25	11	0	2.5	2.5	90	5	2		0	30
TOM	N	25/04/2014	2014	4	25	12	0	5	1	85	5	0		0	10
TOM	N	25/04/2014	2014	4	25	13	0	30	0	70	0	0		0	20
TOM	N	25/04/2014	2014	4	25	14	5	10	0	75	0	0		0	20
TOM	N	25/04/2014	2014	4	25	15	0	50	0	50	0	0		0	20
TOM	N	25/04/2014	2014	4	25	21	0	30	0	70	2	0		0	15
TOM	N	25/04/2014	2014	4	25	22	0	15	0	80	5	0		0	15
TOM	N	25/04/2014	2014	4	25	23	0	70	0	30	0	0		0	20
TOM	N	25/04/2014	2014	4	25	24	0	45	0	45	10	0		0	25
TOM	N	25/04/2014	2014	4	25	25	0	10	0	60	30	0		0	15
TOM	N	25/04/2014	2014	4	25	31	0	40	5	50	5	0		0	0
TOM	N	25/04/2014	2014	4	25	32	10	60	0	30	0	0		0	0
TOM	N	25/04/2014	2014	4	25	33	0	8	0	20	0	0		0	40
TOM	N	25/04/2014	2014	4	25	34	80	110	0	10	0	0		0	40
TOM	N	25/04/2014	2014	4	25	35	0	10	0	65	25	0		0	10
TUR	C	27/03/2014	2014	3	27	11	0	1	89	5	5	3		0	40
TUR	C	27/03/2014	2014	3	27	12	0	10	70	20	0	0		0	0
TUR	C	27/03/2014	2014	3	27	13	0	10	3	77	10	0		0	0
TUR	C	27/03/2014	2014	3	27	14	0	25	0	65	10	0		1	0
TUR	C	27/03/2014	2014	3	27	15	0	15	0	85	0	0	Y	0	0
TUR	C	27/03/2014	2014	3	27	21	0	5	0	95	0	0	Y	0	0
TUR	C	27/03/2014	2014	3	27	22	2	15	3	75	5	0		1	0
TUR	C	27/03/2014	2014	3	27	23	0	10	60	25	5	15		1	10
TUR	C	27/03/2014	2014	3	27	24	1	4	25	50	20	0		0	30
TUR	C	27/03/2014	2014	3	27	25	5	15	0	40	40	0		0	0
TUR	C	27/03/2014	2014	3	27	31	0	24	5	65	5	0		0	0
TUR	C	27/03/2014	2014	3	27	32	0	23	1	70	5	0		0	0
TUR	C	27/03/2014	2014	3	27	33	0	10	0	80	8	0		0	0
TUR	C	27/03/2014	2014	3	27	34	0	15	0	60	25	0	Y	0	0
TUR	C	27/03/2014	2014	3	27	35	0	0	1	98	1	0	Y	0	0
