45	138	2	1
AAC_CAN_83.0
AAC_CAN_85.0
AAC_CAN_89.0
AAC_CAN_91.0
AAC_CAN_100.0
AAC_CAN_102.0
AAC_CAN_108.0
AAC_CAN_124.0
AAC_CAN_125.0
AAC_CAN_128.0
AAC_CAN_130.0
AAC_CAN_132.0
AAC_CAN_133.0
AAC_CAN_136.0
AAC_CAN_137.0
AAC_CAN_146.0
AAC_CAN_151.0
AAC_CAN_152.0
AAC_CAN_153.0
AAC_CAN_182.0
AAC_CAN_195.0
AAC_CAN_211.0
AAC_CAN_220.0
AAC_CAN_231.0
AAC_CAN_239.0
AAC_CAN_272.0
AAC_CAN_319.0
ACA_CAT_81.0
ACA_CAT_85.0
ACA_CAT_90.0
ACA_CAT_97.0
ACA_CAT_99.0
ACA_CAT_100.0
ACA_CAT_102.0
ACA_CAT_103.0
ACA_CAT_108.0
ACA_CAT_120.0
ACA_CAT_124.0
ACA_CAT_126.0
ACA_CAT_129.0
ACA_CAT_131.0
ACA_CAT_133.0
ACA_CAT_135.0
ACA_CAT_140.0
ACA_CAT_148.0
ACA_CAT_152.0
ACA_CAT_153.0
ACA_CAT_155.0
ACA_CAT_157.0
ACA_CAT_159.0
ACA_CAT_162.0
ACA_CAT_168.0
ACA_CAT_173.0
ACA_CAT_177.0
ACA_CAT_178.0
ACA_CAT_187.0
ACA_CAT_192.0
ACA_CAT_196.0
ACA_CAT_199.0
ACA_CAT_200.0
ACA_CAT_204.0
ACA_CAT_205.0
ACA_CAT_210.0
ACA_CAT_214.0
ACA_CAT_219.0
ACA_CAT_229.0
ACA_CAT_237.0
ACA_CAT_243.0
ACA_CAT_246.0
ACA_CAT_248.0
ACA_CAT_282.0
ACA_CAT_300.0
ACA_CAT_390.0
ACA_CAT_391.0
ACA_CAT_393.0
AGG_CAA_82.3
AGG_CAA_83.0
AGG_CAA_84.2
AGG_CAA_86.9
AGG_CAA_90.9
AGG_CAA_94.8
AGG_CAA_95.6
AGG_CAA_100.0
AGG_CAA_101.0
AGG_CAA_109.3
AGG_CAA_110.2
AGG_CAA_113.5
AGG_CAA_115.9
AGG_CAA_117.4
AGG_CAA_118.2
AGG_CAA_122.9
AGG_CAA_129.5
AGG_CAA_130.1
AGG_CAA_135.5
AGG_CAA_137.9
AGG_CAA_144.9
AGG_CAA_145.8
AGG_CAA_150.9
AGG_CAA_152.8
AGG_CAA_155.4
AGG_CAA_164.0
AGG_CAA_175.9
AGG_CAA_181.6
AGG_CAA_182.1
AGG_CAA_188.1
AGG_CAA_191.3
AGG_CAA_193.9
AGG_CAA_196.8
AGG_CAA_201.7
AGG_CAA_212.4
AGG_CAA_215.6
AGG_CAA_219.0
AGG_CAA_225.2
AGG_CAA_253.2
AGG_CAA_256.7
AGG_CAA_262.5
AGG_CAA_263.6
AGG_CAA_264.8
AGG_CAA_267.9
AGG_CAA_269.8
AGG_CAA_270.8
AGG_CAA_276.8
AGG_CAA_299.0
AGG_CAA_305.1
AGG_CAA_312.1
AGG_CAA_313.2
AGG_CAA_316.0
AGG_CAA_319.0
AGG_CAA_324.1
AGG_CAA_359.4
AGG_CAA_360.5
AGG_CAA_363.2
AGG_CAA_364.1
AGG_CAA_376.2
AGG_CAA_376.7
AGG_CAA_396.0
AGG_CAA_403.4
AGG_CAA_420.5
1	2	2	1	1	1	1	1	1	1	2	2	1	1	2	1	1	1	1	1	1	1	2	1	1	1	1	1	2	1	1	2	1	1	2	1	2	1	1	1	2	1	1	2	1	1	2	1	1	1	2	1	2	1	2	1	1	1	1	1	2	1	1	1	1	1	2	1	1	1	1	1	1	1	2	1	1	2	1	1	1	2	1	1	1	1	1	1	1	1	1	1	1	1	1	1	1	1	1	1	1	1	1	1	1	1	1	1	1	1	2	1	1	1	2	1	2	1	1	1	1	1	1	1	1	1	1	2	1	1	1	2	1	1	1	1	1	1	1
1	2	2	1	1	1	1	1	1	1	2	2	1	1	2	2	1	1	1	1	2	1	2	1	1	1	1	1	2	1	1	2	1	1	2	1	2	1	1	1	2	1	1	2	1	1	2	1	1	1	2	1	2	1	2	1	1	1	1	1	2	1	1	1	1	1	2	1	1	1	1	2	1	1	2	1	1	2	1	1	1	2	1	1	1	1	1	1	1	1	1	1	1	1	1	1	1	1	1	1	1	1	1	1	1	1	1	1	1	1	2	1	1	1	2	1	2	1	1	1	1	1	1	1	1	1	1	1	1	1	1	2	1	1	1	1	1	1	1
1	2	2	1	1	1	1	1	1	1	2	2	1	1	2	2	1	1	1	1	1	1	2	1	1	1	1	1	2	1	1	2	1	1	2	1	2	1	1	1	2	1	2	1	1	1	2	1	1	1	2	1	2	1	2	1	1	1	1	1	2	1	1	1	1	1	2	1	1	1	1	1	1	1	2	1	1	1	1	1	1	2	1	1	2	1	1	1	1	1	1	1	1	1	1	1	1	1	1	1	1	1	1	1	1	1	1	1	1	1	2	1	1	1	2	1	2	1	1	1	1	1	1	1	1	1	1	1	1	1	1	2	1	1	1	1	1	1	1
2	2	2	1	1	1	1	1	1	1	2	2	1	1	2	1	1	1	1	1	2	1	1	1	1	1	1	1	2	1	1	2	1	1	2	2	1	1	1	1	2	1	2	1	1	1	2	1	2	1	2	1	2	1	2	1	1	1	1	1	2	1	1	1	1	1	2	1	1	1	1	1	1	2	1	1	1	2	1	1	1	2	1	1	1	1	1	1	1	1	1	1	1	1	1	1	1	1	2	1	1	1	1	1	1	1	1	1	1	2	2	1	1	1	2	1	2	1	1	1	1	1	1	1	1	1	1	1	1	2	1	2	1	1	1	1	1	1	1
2	2	2	1	1	1	1	1	1	1	2	2	1	1	2	1	1	1	1	1	2	1	2	1	1	1	1	1	2	1	1	2	1	1	2	1	1	1	1	1	2	1	2	1	1	1	2	1	2	1	2	1	2	1	2	1	1	1	1	1	2	1	1	1	1	1	1	1	1	1	1	1	1	1	2	1	1	2	1	1	1	2	1	1	1	1	1	1	1	1	1	1	1	1	1	1	1	1	2	1	1	1	1	1	1	1	1	1	1	1	2	1	1	1	2	1	2	1	1	1	1	1	1	1	1	1	1	1	1	1	1	1	1	1	1	1	1	1	1
2	2	2	1	1	1	1	1	1	1	2	2	1	2	2	1	1	1	1	1	2	2	2	1	1	1	1	1	2	1	1	2	1	1	2	1	1	1	1	1	2	1	2	1	1	1	2	1	2	1	2	1	2	1	2	1	1	1	1	1	2	1	1	1	1	1	1	1	1	1	1	1	1	2	2	1	1	2	1	1	1	2	1	1	1	1	1	1	2	1	1	1	1	1	1	1	1	1	2	1	1	1	1	1	1	1	1	1	1	1	2	1	1	1	2	1	2	1	1	1	1	1	1	1	1	1	1	1	1	2	2	2	1	1	1	1	1	1	1
3	1	1	1	1	1	1	1	1	2	2	2	1	2	2	1	1	1	1	1	1	1	2	1	1	1	1	1	2	1	1	2	1	1	2	1	2	1	1	1	2	1	2	1	1	1	2	1	1	1	1	1	2	1	2	1	1	1	1	1	2	1	1	1	1	2	1	1	1	1	1	1	1	1	1	1	1	2	1	1	1	2	1	1	1	1	1	1	1	1	1	1	1	1	1	1	1	1	2	1	1	1	1	1	1	1	1	1	1	1	2	1	1	1	2	1	2	1	1	1	1	1	1	1	1	1	1	2	1	1	2	1	1	1	1	1	1	1	1
3	2	1	1	1	1	1	1	1	2	1	2	1	2	2	1	1	1	1	1	1	2	2	1	1	1	1	1	2	1	1	2	1	1	2	1	1	1	1	1	2	1	1	2	1	1	2	1	1	1	2	1	2	1	2	1	2	1	1	1	2	1	1	1	1	2	2	1	1	1	1	1	1	1	1	1	1	2	1	1	1	2	1	1	1	1	1	1	1	2	1	1	1	1	1	1	2	1	2	1	2	1	1	1	1	1	1	1	1	1	2	1	1	1	2	1	2	1	1	1	1	1	1	1	1	1	1	2	1	2	1	2	1	1	1	1	1	1	1
3	2	1	1	1	1	1	1	1	2	2	2	1	2	2	1	1	2	1	1	2	2	1	1	1	2	1	1	2	1	1	2	1	2	2	1	1	1	2	1	2	1	1	2	1	1	2	1	1	1	2	1	2	1	2	1	1	2	1	1	2	1	1	1	1	1	2	1	1	1	1	1	1	1	1	1	1	2	1	1	1	2	1	1	1	1	1	1	1	1	2	1	1	1	1	1	1	1	2	1	1	1	1	1	1	1	1	1	1	1	2	1	1	1	2	1	2	1	1	1	1	1	1	1	1	1	1	2	2	1	1	2	1	2	1	1	1	2	1
4	2	2	1	1	1	1	1	1	2	1	2	1	2	1	1	1	1	1	1	2	1	1	1	1	2	1	1	2	1	1	2	1	1	2	1	1	1	1	1	2	1	2	1	1	1	2	1	1	2	2	2	2	1	2	1	2	1	1	1	2	1	1	1	1	1	2	1	1	1	1	1	1	1	1	1	1	2	1	1	1	2	1	1	1	1	1	1	2	1	1	1	1	1	1	1	1	2	1	1	1	1	1	1	1	1	1	1	1	1	2	1	1	1	2	1	2	1	1	1	1	1	1	1	1	1	1	1	1	2	1	1	1	1	1	1	1	1	1
4	2	1	1	1	1	1	1	1	2	1	2	1	2	1	1	1	1	1	1	2	1	1	1	1	1	1	1	2	1	1	2	1	1	2	1	1	1	1	1	2	1	2	1	1	1	2	1	1	2	1	1	2	1	2	1	2	1	1	1	2	1	1	1	1	1	2	1	1	1	1	1	1	2	1	1	1	2	1	1	1	2	1	1	1	1	1	1	1	1	1	1	1	1	1	1	1	1	1	1	1	1	1	1	1	1	1	1	1	1	2	1	1	1	2	1	2	1	1	1	1	1	1	1	1	1	1	2	1	2	2	2	1	1	1	1	1	1	1
4	2	1	1	1	1	1	1	1	2	1	2	1	2	1	1	1	1	1	1	2	1	1	1	1	1	1	1	2	1	1	2	1	1	2	1	1	1	1	1	2	1	2	1	1	1	2	1	1	2	2	1	2	1	2	1	1	2	1	1	2	1	1	1	1	1	2	1	1	1	1	1	1	2	1	1	1	2	1	1	1	2	1	1	1	1	1	1	1	1	1	1	1	1	1	1	1	1	1	1	1	1	1	1	1	1	1	1	1	1	2	1	1	1	2	1	2	1	1	1	1	1	1	1	1	1	1	2	1	1	1	2	1	1	1	1	1	2	1
5	2	1	1	1	1	1	1	1	2	1	2	1	1	1	1	1	1	1	1	2	2	1	1	1	1	1	1	2	1	1	2	1	1	2	1	1	1	1	1	2	1	2	1	1	1	2	1	2	1	2	1	2	1	2	1	1	1	1	1	2	1	1	1	1	1	2	1	1	1	1	2	1	2	1	1	1	2	1	1	1	2	1	1	1	1	1	1	1	1	1	1	1	1	1	1	1	1	2	1	1	1	1	1	1	1	1	1	1	1	2	1	1	1	2	1	2	1	1	1	1	1	1	1	2	1	1	2	1	1	2	1	1	1	1	1	1	1	1
5	2	1	1	1	1	1	1	1	2	1	2	1	1	2	1	1	1	1	1	2	2	1	1	1	1	1	1	2	1	1	2	1	1	2	1	1	1	1	1	2	1	1	1	1	1	2	1	1	1	2	1	2	1	2	1	1	1	1	1	2	1	1	1	1	1	2	1	1	1	1	1	1	2	2	1	1	2	1	1	1	2	1	1	1	1	1	1	1	1	1	1	1	1	1	1	1	2	2	1	1	1	1	1	1	1	1	1	1	1	2	1	1	1	2	1	2	1	1	1	1	1	1	1	1	1	1	2	1	1	2	1	1	1	1	1	1	1	1
5	2	1	1	1	1	1	1	1	1	2	2	1	1	2	1	1	1	1	1	2	2	1	1	1	1	1	1	2	1	1	2	1	1	2	1	1	1	1	1	2	1	2	1	1	1	2	1	2	1	1	1	2	1	2	1	2	1	1	1	2	1	1	1	1	1	2	1	1	1	1	1	1	2	1	1	1	2	1	1	1	2	1	1	1	1	1	1	1	1	1	1	1	1	1	1	1	1	2	1	1	1	1	1	1	1	1	1	1	1	2	1	1	1	2	1	2	1	1	1	1	1	1	1	1	1	1	1	1	1	2	1	1	1	1	1	1	1	1
6	2	2	1	1	2	1	1	1	2	1	2	1	2	2	1	1	1	1	1	2	2	2	1	1	1	1	1	2	2	1	2	1	1	1	2	1	1	1	1	2	1	2	1	1	1	2	1	2	1	1	1	2	1	2	1	1	1	1	1	2	1	1	2	1	1	2	1	1	1	1	1	1	2	1	1	1	2	1	1	1	2	1	1	1	1	1	1	2	2	1	1	1	1	1	2	1	1	2	1	1	1	1	1	1	1	1	2	1	1	2	1	1	1	2	1	2	1	1	1	2	2	1	1	1	1	1	1	1	2	2	2	1	2	1	1	1	1	1
6	2	2	1	1	1	1	1	1	1	1	2	1	1	1	1	1	1	1	1	2	1	1	1	1	1	1	1	2	1	1	2	1	1	1	2	1	2	1	1	2	1	2	1	1	1	2	1	1	1	2	1	2	1	2	1	1	1	1	1	2	1	1	1	1	1	1	1	1	1	1	1	1	2	1	1	1	2	1	1	1	2	1	1	1	1	1	1	2	1	1	1	1	1	1	1	1	1	2	1	1	1	1	1	1	1	1	1	1	1	2	1	1	1	2	1	2	1	1	1	1	1	1	1	1	1	1	1	1	1	2	2	1	1	1	1	1	1	1
6	2	2	1	1	1	1	1	1	2	2	2	1	1	2	1	1	1	1	1	2	1	2	1	1	1	1	1	2	1	1	2	1	1	2	1	1	1	1	1	2	1	2	1	1	1	2	1	2	1	1	1	2	1	2	1	1	1	1	1	2	1	1	2	1	1	1	1	1	1	1	1	1	2	1	1	1	2	1	1	1	2	1	1	1	1	1	1	2	1	1	1	1	1	1	2	1	1	2	1	1	1	1	1	1	1	1	1	1	1	2	1	1	1	2	1	2	1	1	1	1	1	1	1	2	1	1	2	1	1	1	2	1	1	1	1	1	1	1
7	2	1	1	1	2	1	1	1	1	2	2	1	2	1	1	1	1	1	1	1	2	2	1	1	1	1	1	2	1	1	2	1	1	2	1	1	2	1	1	2	1	2	1	1	1	2	1	2	1	1	1	2	1	2	1	1	1	1	1	2	1	1	1	1	1	1	1	1	1	1	1	1	2	1	1	1	2	1	1	1	2	1	1	1	1	1	1	1	1	1	1	1	1	1	1	1	1	2	1	1	1	1	1	1	1	1	1	1	1	2	1	1	1	2	1	2	1	1	1	1	1	1	1	2	1	1	2	1	1	1	2	1	1	1	1	1	1	1
7	2	1	1	1	2	1	1	1	1	2	2	1	2	1	1	1	1	1	1	2	2	2	1	1	1	1	1	2	1	1	2	1	1	2	2	1	2	1	1	2	1	2	1	1	1	2	1	2	1	1	1	2	1	2	1	1	1	1	1	2	1	1	1	1	1	1	1	1	1	1	1	1	2	1	1	1	2	1	1	1	2	1	1	1	1	1	1	2	1	1	1	1	1	1	2	1	1	2	1	1	1	1	1	1	1	1	1	1	1	2	1	1	1	2	1	2	1	1	1	1	1	1	1	2	1	1	2	1	1	1	2	1	1	1	1	1	1	1
7	2	1	1	1	2	1	1	1	1	2	2	1	2	1	1	1	1	1	1	1	2	2	1	1	1	1	1	2	1	1	2	1	1	2	2	1	2	1	1	2	1	2	1	1	1	2	1	2	1	1	1	2	1	2	1	1	1	1	1	2	1	1	1	1	1	1	1	1	1	1	1	1	2	1	1	1	2	1	1	1	2	1	1	1	1	1	1	2	1	1	1	1	1	1	2	1	1	1	1	1	1	1	1	1	1	1	1	1	1	2	1	1	1	2	1	2	1	1	1	1	1	1	1	2	1	1	2	1	1	1	2	1	1	1	1	1	1	1
8	2	1	1	1	1	1	1	1	1	1	2	1	1	2	1	1	1	1	1	1	1	2	1	1	1	1	1	2	1	1	2	1	1	2	1	1	1	1	1	2	1	1	1	1	1	2	1	1	1	2	1	2	1	2	1	2	1	1	1	2	1	1	1	1	2	1	1	1	1	1	2	1	1	1	1	1	2	1	1	1	2	1	1	1	1	1	1	2	1	1	1	1	1	1	1	1	1	2	1	1	1	1	1	1	1	1	1	1	1	2	1	1	1	2	1	2	1	1	1	1	1	1	1	1	1	1	2	1	1	1	2	1	1	1	1	1	1	1
8	2	1	1	1	1	1	1	1	1	1	2	1	1	2	1	1	1	1	1	2	1	2	1	1	1	1	1	2	1	1	2	1	1	2	1	1	1	1	1	2	1	2	2	1	1	2	1	2	1	2	1	2	1	2	1	2	2	1	1	2	1	1	1	1	2	1	1	1	1	1	2	1	1	1	1	1	2	1	1	1	2	1	1	1	1	1	1	2	2	1	1	1	1	1	1	1	1	2	1	1	1	1	1	1	1	1	2	1	1	2	2	1	1	2	1	2	1	1	1	1	1	1	2	2	1	1	2	1	1	1	2	1	1	1	1	1	1	1
8	2	1	1	1	1	1	1	1	1	1	2	1	2	2	1	1	1	1	1	2	2	2	1	1	1	1	1	2	1	1	2	1	1	2	1	1	1	1	1	2	1	2	1	1	1	2	1	2	1	2	1	2	1	2	1	2	1	1	1	2	1	1	1	1	2	1	1	1	1	1	2	1	1	1	1	1	2	1	1	1	2	1	1	1	1	1	1	2	1	1	1	1	1	1	1	1	1	2	1	1	1	1	1	2	1	1	2	1	2	2	1	1	1	2	1	2	1	1	1	1	1	1	2	2	1	1	2	1	1	1	2	1	1	1	1	1	1	1
9	2	2	1	1	1	1	1	1	2	1	2	1	1	2	1	1	1	1	1	2	2	1	1	1	1	1	1	2	1	1	2	1	1	2	1	1	1	1	1	2	1	2	1	1	1	2	1	1	1	2	1	2	1	1	2	2	1	1	1	2	1	1	1	1	1	1	1	1	1	1	1	1	1	1	1	1	2	1	1	1	2	1	1	1	1	1	1	1	1	1	1	1	1	1	1	1	1	1	1	1	1	1	1	1	1	1	1	1	2	2	1	1	1	2	1	2	1	1	1	1	1	1	1	1	1	1	2	1	1	1	2	1	1	1	1	1	1	1
9	2	1	1	1	1	1	1	1	2	1	2	1	2	2	1	1	1	1	1	2	2	1	1	1	1	1	1	2	1	1	2	1	1	2	1	1	1	1	1	2	1	2	1	1	1	2	1	1	1	1	1	1	1	1	2	2	1	1	1	2	1	1	1	1	1	1	1	1	1	1	2	1	1	1	1	1	2	1	1	1	2	1	1	1	1	1	1	1	1	1	1	1	1	1	1	1	1	2	1	1	1	1	1	1	1	1	2	1	2	2	2	1	1	2	1	2	1	1	1	1	1	1	1	1	1	1	1	2	1	1	2	1	1	1	1	1	1	1
9	2	1	1	1	1	1	1	1	2	1	2	1	2	2	1	1	1	1	1	2	2	1	1	1	1	1	1	2	1	1	2	1	1	2	1	1	1	1	1	2	1	2	1	1	1	2	1	1	1	2	1	1	1	2	1	2	1	1	1	2	1	1	1	1	1	2	1	1	1	1	1	1	1	1	1	1	2	1	1	1	2	1	1	1	1	1	1	1	1	1	1	1	1	1	2	1	1	2	1	1	1	1	1	1	1	1	2	1	1	2	1	1	1	2	1	2	1	1	1	1	1	1	1	1	1	1	1	1	1	2	2	1	1	1	1	1	1	1
10	2	2	1	1	1	1	1	1	2	2	2	1	2	2	1	1	1	1	1	1	2	1	2	1	1	1	1	2	1	1	2	1	1	2	1	1	1	1	1	2	1	2	1	1	1	2	1	2	1	1	1	2	1	2	1	1	1	1	1	2	1	1	1	1	1	2	1	1	1	1	1	1	2	1	1	1	2	1	1	1	2	1	1	1	1	1	1	2	1	1	1	1	1	1	1	1	1	1	1	2	1	1	1	1	1	1	2	1	1	2	1	1	1	2	1	2	1	1	1	1	1	1	1	1	1	1	2	1	1	2	2	1	1	1	1	1	1	1
10	2	2	1	1	1	1	1	1	2	2	2	1	2	2	1	1	1	1	1	2	1	1	2	1	1	1	1	2	1	1	2	1	1	2	1	2	1	1	1	2	1	2	1	1	1	2	1	2	1	1	1	2	1	2	1	1	1	1	1	2	1	1	1	1	1	2	1	1	1	1	1	1	1	2	1	1	2	1	1	1	2	1	1	1	1	1	1	2	1	1	1	1	1	1	1	1	1	2	1	1	1	1	1	1	1	1	1	1	1	2	1	1	1	2	1	2	1	1	2	1	1	1	1	1	1	1	1	1	1	1	2	1	1	1	1	1	1	1
10	2	2	1	1	1	1	1	1	2	2	2	1	2	1	1	1	1	1	1	2	1	1	2	1	1	1	1	2	1	1	2	1	1	2	1	1	1	1	1	2	1	2	1	1	1	2	1	2	1	1	1	2	1	2	1	1	1	1	1	2	1	1	1	1	1	2	1	1	1	1	1	1	2	1	1	1	2	1	1	1	2	2	1	1	1	1	1	1	1	1	1	1	1	1	1	1	1	2	1	1	1	1	1	1	1	1	1	1	1	2	2	1	1	2	1	2	1	1	1	1	1	1	1	1	1	1	1	1	1	1	2	1	1	1	1	1	1	1
11	2	1	1	1	1	1	1	1	2	1	2	1	1	1	1	1	1	1	1	2	2	2	1	1	1	1	1	2	1	1	2	1	1	2	1	2	2	2	1	2	1	1	1	1	1	2	1	2	1	1	1	2	1	2	1	1	1	1	1	2	2	1	1	1	1	1	1	1	1	1	1	1	2	1	1	1	2	1	1	1	2	2	1	1	1	1	1	2	1	1	1	1	1	1	1	1	2	1	1	1	1	1	1	1	1	1	1	1	1	2	1	1	1	2	1	2	1	1	1	1	1	1	1	1	1	1	1	1	1	2	2	1	1	1	1	1	1	1
11	2	1	1	1	1	1	1	1	2	1	2	1	1	2	1	1	1	1	1	2	1	2	1	1	1	1	1	2	1	1	2	1	1	2	1	2	1	1	1	2	1	2	1	1	1	2	1	2	1	2	1	2	1	2	1	1	1	1	1	2	1	1	1	1	1	2	1	1	1	1	2	1	2	1	1	1	2	1	1	1	2	2	1	1	1	1	1	2	1	1	1	1	1	1	1	1	2	2	1	1	1	1	1	1	1	1	1	1	1	2	1	1	1	2	1	2	1	1	1	1	1	1	1	1	1	1	2	1	1	1	2	1	1	1	1	1	1	1
11	2	1	1	1	1	1	1	1	1	2	2	1	1	2	1	1	1	1	1	2	2	2	1	1	1	1	1	2	1	1	2	1	1	2	1	2	1	1	1	2	1	1	1	1	1	2	1	2	1	1	1	2	1	2	1	1	1	1	1	2	2	1	1	1	1	2	1	1	1	1	2	1	1	1	1	1	2	1	1	1	2	2	1	1	1	1	1	2	1	1	1	1	1	2	1	1	1	2	1	1	1	1	1	1	1	1	1	1	1	2	1	1	1	2	1	2	1	1	1	1	1	1	1	1	1	1	1	1	1	2	2	1	1	1	2	1	1	1
12	2	2	1	1	1	1	1	1	2	1	2	1	2	2	1	1	1	1	1	1	2	1	1	1	1	1	1	2	1	1	2	1	1	2	1	1	1	1	1	2	1	1	1	1	1	2	1	1	1	2	1	2	1	2	1	2	1	1	1	2	1	1	1	1	1	1	1	1	1	1	1	1	1	1	1	1	2	1	1	1	2	1	1	1	1	1	1	1	1	1	1	1	1	1	1	1	1	2	1	1	1	1	2	1	1	1	1	1	1	2	1	1	1	2	1	2	1	1	1	1	1	1	1	1	1	1	1	1	1	1	2	1	1	1	1	1	1	1
12	2	2	2	1	1	1	1	1	1	1	2	1	2	2	1	1	1	1	1	1	2	1	1	1	1	1	1	2	1	1	2	2	1	2	1	1	2	2	2	2	2	1	2	1	2	2	1	1	1	2	1	2	2	2	1	1	1	2	2	2	2	1	1	1	1	1	2	1	1	2	1	2	1	1	1	1	2	2	1	1	2	1	1	1	1	1	1	1	1	1	1	1	1	1	1	1	1	2	1	1	1	1	1	1	1	1	1	2	1	2	1	1	1	2	1	2	1	1	1	1	1	1	1	1	1	1	1	1	1	1	2	1	1	1	1	1	1	1
12	2	2	1	1	1	1	1	1	2	1	2	1	2	2	1	1	1	1	1	2	1	2	1	1	1	1	1	2	1	1	2	1	1	2	1	1	1	1	1	2	1	1	1	1	1	2	1	1	1	2	1	2	1	2	1	1	1	1	1	2	1	1	1	1	1	2	1	1	1	1	1	1	2	1	1	1	2	1	1	1	2	1	1	2	1	1	1	1	1	1	1	1	1	1	1	1	1	2	1	1	1	1	1	1	1	1	2	1	1	2	1	1	1	2	1	2	1	1	1	1	1	1	1	1	1	1	1	1	1	1	2	1	1	1	1	1	1	1
13	2	2	1	1	1	1	1	1	1	2	2	1	2	1	1	1	1	1	1	2	1	2	1	1	1	1	1	2	1	1	2	1	1	2	1	1	1	1	1	2	1	2	1	1	1	2	1	2	1	2	1	2	1	2	1	2	1	1	1	2	1	1	2	1	1	2	1	1	1	1	2	1	2	1	1	1	2	1	1	1	2	1	1	1	1	1	1	1	1	1	1	1	1	1	2	1	1	2	1	1	1	1	1	1	1	1	1	1	1	2	1	1	1	2	1	2	1	1	1	1	1	1	1	1	1	1	2	1	1	1	2	1	1	1	1	1	1	1
13	2	1	1	1	1	1	1	1	1	1	2	1	2	2	1	1	1	1	1	2	1	2	1	1	1	1	1	2	1	1	2	1	1	2	2	1	1	2	1	2	1	1	1	1	1	2	1	2	1	2	1	2	2	2	1	1	2	1	1	2	2	1	1	1	1	1	1	1	1	2	2	1	2	1	1	1	2	1	1	2	2	1	1	1	1	2	1	1	1	1	2	1	2	1	1	1	1	2	1	1	2	1	1	1	1	1	1	1	1	2	1	1	1	2	1	2	1	1	1	1	1	1	1	1	1	1	1	1	1	1	2	1	1	1	1	1	1	2
13	2	1	1	1	1	1	1	1	1	1	2	1	2	2	1	1	1	1	1	2	1	2	1	1	1	1	1	2	1	1	2	1	1	1	2	2	1	1	1	2	1	2	1	1	1	2	1	2	1	1	1	2	1	2	1	2	2	1	1	2	1	1	2	1	1	2	1	1	1	1	2	1	2	1	1	1	2	1	1	1	2	1	1	1	1	1	1	1	1	1	2	1	1	1	1	1	1	2	1	1	1	1	1	2	1	2	1	1	1	2	1	1	2	2	1	2	1	1	2	1	1	1	2	1	1	1	1	1	1	1	2	1	1	1	1	1	1	1
14	2	1	1	1	1	1	1	1	1	2	2	1	1	1	1	1	1	1	1	2	1	2	1	1	1	1	1	2	1	1	2	1	1	2	2	2	1	1	1	2	1	2	1	1	1	2	1	2	1	1	1	2	1	2	1	1	2	1	1	2	1	1	2	1	1	2	1	1	1	1	1	1	2	1	1	1	2	1	1	1	2	1	1	1	1	1	1	2	1	1	1	1	2	1	1	1	1	2	1	1	1	1	1	1	1	1	1	1	2	2	1	1	1	2	1	2	1	1	1	1	1	1	1	2	1	1	2	1	2	1	2	1	1	1	1	1	1	1
14	2	1	1	1	1	1	1	1	1	1	2	1	2	2	1	1	1	1	1	2	1	2	1	1	1	1	1	2	1	1	2	1	1	2	1	2	1	1	1	2	1	2	1	1	1	2	2	2	1	2	1	2	1	2	1	1	1	1	1	2	1	1	2	1	1	2	1	1	1	1	1	1	1	1	1	1	2	1	1	1	2	1	1	1	1	1	1	1	1	1	1	1	1	1	2	1	1	2	1	1	1	1	1	1	1	1	1	1	1	2	1	1	1	2	1	2	1	1	1	1	1	1	1	1	1	1	1	1	1	1	2	1	1	1	1	1	1	1
14	2	1	1	1	1	1	1	1	1	1	2	1	1	2	1	1	1	1	1	2	1	2	1	1	1	1	1	2	1	1	2	1	1	2	1	2	1	1	1	2	1	2	1	1	1	2	1	2	1	1	1	2	1	2	1	1	1	1	1	2	1	1	2	1	1	1	1	1	1	1	1	1	2	1	1	1	2	1	1	1	2	1	1	1	1	1	1	1	1	1	1	1	1	1	1	1	1	2	1	1	1	1	1	1	1	1	1	1	1	2	1	1	1	2	1	2	1	1	1	1	1	1	1	1	1	1	1	1	2	1	2	1	1	1	1	1	1	1
15	2	1	1	1	1	1	1	1	2	2	2	1	1	2	1	1	1	1	1	2	1	2	1	1	1	1	1	2	1	1	2	1	1	2	1	1	1	1	1	2	1	2	1	1	1	2	1	1	1	2	1	2	1	2	1	2	1	1	1	2	1	1	1	1	2	2	1	1	1	1	2	1	1	1	2	1	2	1	1	1	2	1	1	1	1	1	1	2	1	1	1	1	2	1	1	1	1	1	1	1	1	1	1	1	1	1	1	1	1	2	1	1	1	2	1	2	1	1	1	1	1	1	1	1	1	1	2	1	1	1	2	1	1	1	1	1	1	1
15	2	1	1	1	1	1	1	1	2	1	2	1	1	2	1	1	1	1	1	1	2	1	1	1	1	1	1	2	1	1	2	1	1	2	1	1	1	1	1	2	1	2	1	1	1	2	1	2	1	1	1	2	1	2	1	2	1	1	1	2	1	1	1	1	1	2	1	1	1	1	1	1	1	1	1	1	2	1	1	1	2	1	1	1	1	1	1	2	1	1	1	1	1	1	1	1	1	2	1	1	1	1	1	1	1	1	1	1	1	2	1	1	1	2	1	2	1	1	1	1	1	1	1	1	1	1	2	1	2	2	2	1	1	1	1	1	1	1
15	2	1	1	1	1	1	1	1	1	2	2	1	1	2	1	1	1	1	1	2	2	2	1	1	1	1	1	2	1	1	2	1	1	2	1	1	1	1	1	2	1	2	1	1	1	2	1	2	1	1	1	2	1	2	1	1	1	1	1	2	1	1	1	1	2	2	1	1	1	1	2	1	1	2	2	1	2	1	1	1	2	1	1	1	1	1	1	2	1	1	1	1	1	1	1	1	1	2	1	1	1	1	1	1	1	1	1	1	1	2	1	1	1	2	1	2	1	1	1	1	1	1	1	1	1	1	2	1	1	1	2	1	1	1	1	1	1	1
16	2	1	1	1	1	1	1	1	1	1	2	1	2	2	1	1	1	1	1	2	2	1	1	1	1	1	1	2	1	1	2	1	1	2	1	1	1	1	1	2	2	2	1	1	1	2	1	2	1	2	1	2	1	2	2	2	1	1	1	2	1	1	1	1	1	2	1	1	1	1	1	1	1	1	1	1	2	1	1	1	2	1	1	1	1	1	1	1	1	1	1	1	2	1	2	1	1	2	1	1	1	1	2	1	1	1	2	1	1	2	1	1	1	2	1	2	1	1	1	1	1	1	1	1	1	1	1	1	1	2	2	1	1	1	1	1	1	1
16	2	1	1	1	1	1	1	1	2	1	2	1	2	2	1	1	1	1	1	2	2	1	1	1	1	1	1	2	1	1	2	1	1	2	1	1	1	1	1	2	1	2	1	2	1	2	1	2	1	1	1	2	1	2	2	2	1	1	1	2	1	1	1	1	2	2	1	1	2	1	1	1	1	1	1	1	2	1	1	1	2	1	2	1	1	1	1	1	1	1	1	1	1	1	1	1	2	2	1	1	1	1	1	1	1	1	1	1	2	2	2	2	1	2	1	2	2	2	1	1	1	2	1	1	1	1	1	1	1	2	2	1	1	1	1	1	1	1
16	2	2	1	1	1	1	1	1	1	1	2	1	2	2	1	1	1	1	1	2	1	1	1	1	1	1	1	2	1	1	2	1	1	2	1	1	1	1	1	2	1	2	1	1	1	2	1	2	1	2	1	2	1	2	2	1	1	1	1	2	1	1	1	1	1	1	1	1	2	1	1	1	1	1	1	1	2	1	1	1	2	1	1	1	1	1	1	1	1	1	1	1	1	1	1	1	2	2	1	1	1	2	2	1	1	1	1	1	2	2	1	1	1	2	1	2	1	1	1	1	1	1	1	1	1	1	1	1	1	2	1	1	1	1	1	1	1	1
17	2	1	1	1	1	1	1	1	1	1	2	1	2	1	1	1	1	1	1	1	2	1	1	1	1	1	1	2	1	1	2	1	1	2	1	1	1	1	1	2	1	2	1	1	1	2	1	2	1	1	1	2	1	1	1	1	1	1	1	2	1	1	1	1	1	1	1	1	1	2	1	1	1	1	1	1	2	1	1	1	2	1	1	1	1	1	1	2	1	1	1	1	1	1	1	1	1	1	2	1	1	1	1	1	1	1	1	1	1	2	1	1	1	2	1	2	1	1	1	1	1	1	1	1	1	1	1	1	1	2	2	1	1	1	1	1	1	1
17	2	1	1	1	1	1	1	1	1	1	2	1	2	2	1	1	1	1	1	1	1	2	1	1	1	1	1	2	1	1	2	1	1	2	1	1	1	1	1	2	1	2	1	1	1	2	1	2	1	1	1	2	1	2	1	1	1	1	1	2	1	1	1	1	1	2	1	1	1	1	1	1	2	1	1	1	2	1	1	1	2	1	1	1	1	1	1	2	1	1	1	1	1	1	1	1	1	2	1	1	1	1	1	1	1	1	1	1	2	2	1	1	1	2	1	2	1	1	1	1	1	1	1	1	1	1	1	1	1	1	2	1	1	1	1	1	1	1
17	2	1	1	1	1	1	1	1	2	1	2	1	2	2	1	1	1	1	1	2	1	1	1	1	1	1	1	2	1	1	2	1	1	2	1	1	1	1	1	2	1	2	1	1	1	2	1	2	2	1	1	2	1	2	1	1	1	1	1	2	1	1	1	1	1	1	1	1	1	1	2	1	2	1	1	1	2	1	1	1	2	1	1	1	1	1	1	1	1	1	1	1	1	1	1	1	2	1	1	1	1	1	1	1	1	1	2	1	2	2	1	1	1	2	1	2	1	1	1	1	1	1	1	1	1	1	1	1	1	1	2	1	1	1	1	1	1	1
18	2	1	1	1	1	1	1	1	2	1	2	1	1	1	1	1	1	1	1	2	2	1	1	1	1	1	1	2	1	1	2	1	1	2	1	1	1	1	1	2	1	2	1	1	1	2	1	2	1	1	1	2	1	2	1	1	1	1	1	2	1	1	1	1	1	2	1	1	1	1	2	1	2	1	1	1	2	1	1	1	2	2	1	1	1	1	1	1	1	1	1	1	1	1	1	1	2	1	1	1	1	1	1	1	1	1	1	1	2	2	1	1	1	2	1	2	1	1	1	1	1	1	1	1	1	2	1	1	1	2	2	1	1	1	1	1	1	1
18	2	1	1	1	1	1	1	1	1	1	2	1	1	2	1	1	1	1	1	2	1	1	1	1	1	1	1	2	1	1	2	1	1	2	1	1	1	1	1	2	1	2	1	1	1	2	1	2	1	1	1	2	1	2	1	1	1	1	1	2	1	1	1	1	1	2	1	1	1	1	2	1	1	1	1	1	2	1	1	1	2	1	1	1	1	1	1	1	1	1	1	1	1	1	1	1	1	2	1	1	1	1	1	1	1	1	1	1	2	2	1	1	1	2	1	2	1	1	1	1	1	1	1	1	1	1	1	1	1	2	1	1	1	1	1	1	1	1
18	2	1	1	1	1	1	1	1	1	1	2	1	2	1	1	1	1	1	1	2	2	1	1	1	1	1	1	1	1	1	2	1	1	2	1	1	1	1	1	2	1	2	1	1	1	2	1	2	1	1	1	2	1	2	1	1	1	1	1	2	1	1	1	1	1	2	1	1	1	1	2	1	1	1	1	1	2	1	1	1	2	1	1	1	1	1	1	1	1	1	1	1	1	1	1	1	1	2	1	1	1	1	1	1	1	1	1	1	2	2	1	1	1	2	2	2	1	1	1	1	1	1	1	1	1	1	1	1	1	1	2	1	1	1	1	1	1	1
19	2	1	1	1	1	1	1	1	2	1	2	1	2	2	1	1	1	1	1	2	2	2	1	1	1	1	1	2	1	1	2	1	1	2	1	1	1	1	1	2	1	2	1	1	1	2	1	2	1	1	1	2	1	2	1	1	2	1	1	2	1	1	1	1	1	2	1	1	2	1	1	1	1	1	1	1	2	1	1	1	2	1	1	1	1	1	1	2	1	1	1	1	1	1	1	1	1	2	1	1	1	1	1	1	1	1	1	1	1	2	1	1	1	2	1	2	1	1	1	1	1	1	1	1	1	1	2	1	1	1	2	1	1	1	1	1	1	1
19	2	1	1	1	1	1	1	1	2	1	2	1	2	2	1	1	1	1	1	2	1	2	1	1	1	1	1	2	1	1	2	1	1	2	1	1	1	1	1	2	1	1	1	1	1	2	1	2	1	1	1	2	1	2	1	1	1	1	1	2	1	1	1	1	1	2	1	1	1	1	1	1	1	1	1	1	2	1	1	2	2	1	1	1	1	1	1	2	1	1	1	1	2	1	1	1	1	2	1	1	1	1	1	1	1	1	2	1	1	2	1	1	1	2	1	2	1	1	1	1	1	1	1	1	1	1	2	1	1	1	2	1	1	1	1	1	1	1
19	2	1	1	1	1	1	1	1	2	1	2	1	1	2	1	1	1	1	1	2	2	2	1	1	1	1	1	2	1	1	2	1	1	2	1	1	1	1	1	2	1	2	1	1	1	2	1	2	1	2	1	2	1	2	1	1	1	1	1	2	1	1	1	1	1	2	1	1	2	1	1	1	1	1	1	1	2	1	1	2	2	1	1	1	1	1	1	2	1	1	1	1	1	1	1	1	1	2	1	1	1	1	1	1	1	1	1	1	1	2	1	1	1	2	1	2	1	1	1	1	1	1	1	1	1	1	2	1	2	1	2	1	1	1	1	1	1	1
20	2	1	2	2	1	1	1	1	2	1	2	1	2	2	1	1	1	1	1	2	1	2	1	1	1	1	1	2	1	2	2	1	1	2	1	1	1	1	1	2	1	1	1	1	1	2	1	2	1	1	1	2	1	2	1	1	2	1	1	2	1	1	1	1	1	2	1	1	1	1	1	1	1	1	1	1	2	1	2	1	2	1	1	1	1	1	2	1	1	1	1	1	1	1	1	1	1	1	1	1	1	1	1	1	1	1	1	1	1	2	1	1	1	2	1	2	1	1	1	1	1	1	1	1	1	1	2	1	1	1	2	1	1	1	1	1	1	1
20	2	1	1	1	1	1	1	1	2	1	2	1	2	2	1	1	1	1	1	2	1	2	1	1	1	1	1	2	1	1	2	1	1	2	1	2	1	1	1	2	1	1	1	1	1	2	1	2	1	1	1	2	1	2	1	1	2	1	1	2	1	1	1	1	1	1	1	1	1	1	1	1	1	1	1	1	2	1	1	1	2	1	1	1	1	1	1	1	1	1	1	1	1	1	1	1	1	1	1	2	1	1	1	1	1	1	1	1	1	2	1	1	1	2	1	2	1	1	1	1	1	1	1	1	1	1	2	1	1	1	2	1	1	1	1	1	1	1
20	2	1	1	2	1	1	1	1	2	1	2	1	2	2	1	1	1	1	1	2	1	1	1	1	1	1	1	2	1	1	2	1	1	2	1	1	1	1	1	2	1	1	1	1	1	2	1	2	1	1	1	2	1	2	1	1	2	1	1	2	1	1	1	1	1	2	1	1	1	1	1	1	1	1	1	1	2	1	1	1	2	1	1	2	1	1	1	1	1	1	1	1	1	1	1	1	1	1	1	1	2	1	1	1	1	1	1	1	1	2	1	1	1	2	2	2	1	1	1	1	1	1	1	2	1	1	2	1	1	1	2	1	1	1	1	1	1	1
21	2	1	1	1	1	1	1	1	2	2	2	1	2	2	1	1	1	1	1	2	1	2	1	1	1	1	1	2	1	1	2	1	1	2	1	1	1	1	1	2	1	1	1	1	1	2	1	1	1	1	1	2	1	2	1	1	2	1	1	2	1	1	2	1	1	2	1	1	1	1	2	1	2	1	1	1	2	1	1	1	2	2	1	1	1	1	1	2	1	1	1	1	1	1	1	2	1	2	1	1	1	1	1	1	1	1	1	1	1	2	1	1	1	2	1	2	1	1	1	1	1	1	1	1	1	1	1	1	1	1	2	1	1	1	1	1	1	1
21	2	2	1	1	1	1	1	1	2	2	2	1	2	1	1	1	1	1	1	2	1	2	1	1	1	1	1	2	1	1	2	2	1	2	1	2	2	2	2	2	1	1	1	1	1	2	1	1	1	2	1	2	2	2	1	1	1	2	1	2	2	1	1	1	1	2	2	1	1	2	1	2	2	1	1	1	2	1	1	1	2	2	1	1	1	1	1	1	1	1	1	1	1	2	1	2	1	2	1	1	1	1	1	1	1	1	1	1	1	2	1	1	1	2	1	2	1	1	1	1	1	1	1	1	1	1	1	1	1	1	2	1	1	1	1	1	1	1
21	2	1	1	1	1	1	1	1	1	2	2	1	2	1	1	1	1	1	1	1	1	2	1	1	1	1	1	2	1	1	2	1	1	2	1	2	1	1	1	2	1	1	1	1	1	2	1	1	1	2	1	2	1	2	1	1	2	1	1	2	1	1	1	1	1	2	1	1	1	1	1	1	2	1	1	1	2	1	1	1	2	2	1	1	1	1	1	1	1	1	1	1	2	1	1	1	1	1	1	1	2	1	1	1	1	1	1	1	1	2	1	1	1	2	1	2	1	1	1	1	1	1	1	1	1	1	2	1	1	1	2	1	1	1	1	1	1	1
22	2	2	1	1	1	1	1	1	2	1	2	1	2	1	1	1	1	1	1	1	1	2	1	1	1	1	1	2	1	1	2	1	1	1	2	1	2	1	1	2	1	2	1	1	1	2	2	1	1	2	1	2	1	2	1	2	1	1	1	2	1	1	1	1	1	2	1	1	1	1	2	1	2	1	1	1	2	1	1	1	2	1	1	1	1	1	1	2	1	1	1	1	2	1	1	1	1	2	1	1	1	1	1	1	1	1	1	1	1	2	1	1	1	2	1	2	1	1	1	1	1	1	1	2	1	1	2	1	1	1	2	1	1	1	1	1	1	1
22	2	2	1	1	1	1	1	1	2	1	2	1	1	2	1	1	1	1	1	2	1	2	1	1	1	1	1	2	1	1	2	1	1	2	2	1	2	1	1	2	1	2	1	1	1	2	1	2	1	1	1	2	1	2	1	2	1	1	1	2	1	1	1	1	1	1	1	1	1	1	1	1	2	1	1	1	2	1	1	1	2	1	1	1	1	1	1	2	1	1	1	1	2	1	1	1	1	2	1	1	1	1	1	1	1	1	1	1	1	2	1	1	1	2	1	2	1	1	1	1	1	1	1	2	1	1	2	1	1	1	2	1	1	1	1	1	1	1
22	2	1	1	1	2	1	1	1	1	1	2	1	1	1	1	1	1	1	1	2	1	2	1	1	1	1	1	2	1	1	2	1	1	1	2	2	2	1	1	2	1	2	1	1	1	2	2	2	1	2	1	2	1	2	1	2	1	1	1	2	1	1	1	1	1	2	1	1	1	1	1	1	2	1	1	1	2	1	1	1	2	1	1	1	1	1	1	2	1	1	1	1	2	1	1	1	1	2	1	1	1	1	1	1	1	1	1	1	1	2	1	1	1	2	1	2	1	1	1	1	1	1	1	2	1	1	2	1	1	1	2	1	1	1	1	1	1	1
23	2	1	1	1	1	1	1	1	1	1	2	1	1	2	1	1	1	1	1	2	2	1	1	1	1	1	1	2	1	1	2	1	1	2	1	2	1	1	1	2	1	2	1	1	1	2	1	2	1	1	1	2	1	2	1	2	1	1	1	2	1	1	1	1	1	2	1	1	1	1	2	1	1	1	1	1	2	1	1	2	2	1	1	1	1	1	1	2	1	1	1	1	1	1	1	1	1	2	1	1	1	1	2	1	1	1	1	1	1	2	1	1	1	2	1	2	1	1	1	1	1	1	1	1	1	1	2	1	1	2	1	1	1	2	1	1	1	1
23	2	1	1	1	1	1	1	1	1	1	2	1	1	1	1	1	2	1	1	1	2	1	1	1	2	1	1	2	1	1	2	1	2	2	1	1	1	1	1	2	1	1	1	1	1	2	1	1	1	2	1	2	1	2	1	2	1	1	1	2	1	1	1	1	2	2	1	1	1	1	2	1	1	1	1	1	2	1	2	1	2	1	2	1	1	1	1	2	1	1	1	1	1	1	1	1	2	1	1	1	2	1	2	1	1	1	1	1	1	2	1	2	1	2	1	2	1	1	1	1	1	1	1	1	1	1	2	2	1	2	1	1	2	1	1	1	2	1
23	2	1	1	1	1	1	1	1	2	1	2	1	1	2	1	1	1	1	1	1	2	1	1	1	1	1	1	2	1	1	2	1	2	2	1	1	1	1	1	2	1	2	1	1	1	2	1	1	1	2	1	2	1	2	1	2	1	1	1	2	1	1	1	1	2	2	1	1	1	1	1	1	1	1	1	1	2	1	1	1	2	1	1	1	1	1	1	1	1	1	1	1	1	1	1	1	1	2	1	1	1	1	2	1	1	1	1	1	2	2	1	1	1	2	1	2	1	1	1	1	1	1	1	1	1	1	2	1	1	2	1	1	1	1	1	1	1	1
24	2	2	1	1	1	1	1	1	1	2	2	1	1	2	1	1	1	1	1	2	1	2	1	1	1	1	1	2	1	1	2	1	1	2	1	2	1	1	1	2	1	2	1	1	1	2	1	1	1	2	1	2	1	2	1	1	1	1	1	2	1	1	1	1	1	2	1	1	1	1	1	1	1	2	1	1	2	1	1	1	2	1	1	1	1	1	1	1	1	1	1	1	1	1	1	1	1	1	1	1	1	1	1	1	1	1	1	1	1	2	1	1	1	2	1	2	1	1	1	1	1	1	1	1	1	1	2	1	1	1	2	1	1	1	1	1	1	1
24	2	1	1	1	1	1	1	1	2	1	2	1	2	1	1	1	2	1	1	2	1	2	1	1	2	1	1	2	1	1	2	1	2	2	1	1	1	1	1	2	1	2	1	1	1	2	1	2	1	1	1	2	1	2	1	1	1	1	1	2	1	1	1	1	1	1	1	1	1	1	1	1	1	1	1	1	2	1	2	1	2	1	1	1	1	1	1	2	1	1	1	1	2	1	1	1	1	2	1	1	1	1	1	1	1	1	2	1	1	2	1	1	1	1	1	2	1	1	1	1	1	1	1	1	1	1	1	2	1	1	2	1	2	1	1	1	2	1
24	2	1	1	1	1	1	1	2	1	2	2	1	1	2	1	1	1	1	1	2	1	2	1	1	1	1	1	2	1	1	2	1	1	2	1	2	1	1	1	2	1	1	1	1	1	2	1	2	1	1	1	2	1	1	1	1	1	1	1	2	1	1	1	1	1	1	1	1	1	1	1	1	1	1	1	1	2	1	1	1	2	1	1	1	1	1	1	1	1	1	1	1	1	1	1	1	1	1	1	1	1	1	1	1	1	1	1	1	1	2	1	1	1	1	1	2	1	1	1	1	1	1	1	1	1	1	1	1	1	1	1	1	1	1	1	1	1	1
25	1	1	1	1	1	1	1	1	1	2	2	1	1	2	1	1	1	1	1	1	1	1	1	1	1	1	1	2	1	1	2	1	1	2	1	1	1	1	1	2	1	2	1	1	1	1	1	2	1	1	1	2	1	2	1	1	2	1	1	2	1	1	1	1	1	2	1	1	1	1	1	1	1	1	1	1	2	1	1	1	2	1	1	1	1	1	1	2	1	1	1	1	1	1	1	1	1	2	1	1	1	1	1	1	1	1	1	1	1	2	1	1	1	2	1	2	1	1	1	1	1	1	1	1	1	1	1	1	1	1	2	1	1	1	1	1	1	1
25	2	1	1	1	1	1	1	1	1	2	2	1	1	2	1	1	1	1	1	1	1	1	1	1	1	1	1	2	1	1	2	1	1	2	1	1	1	1	1	2	1	2	1	1	1	1	1	2	1	1	1	2	1	2	1	1	2	1	1	2	1	1	1	1	1	2	1	1	1	1	1	1	1	1	1	1	2	1	1	1	2	1	1	1	1	1	1	2	1	1	1	1	1	1	1	1	1	1	1	1	1	1	1	1	1	1	1	1	1	2	1	1	1	2	1	2	1	1	1	1	1	1	1	1	1	1	1	1	1	1	2	1	1	1	1	1	1	1
26	2	1	1	1	1	1	1	1	1	1	2	1	1	2	1	1	1	1	1	2	1	2	1	1	1	1	1	2	1	1	2	1	1	2	1	1	1	1	1	2	1	2	1	1	1	2	1	2	1	1	1	2	1	2	1	1	1	1	1	2	1	1	1	1	1	2	1	1	1	1	1	1	2	1	1	1	2	1	1	1	2	1	1	1	1	1	1	2	1	1	1	1	1	1	1	1	1	1	1	1	1	1	1	1	1	1	1	1	1	2	1	1	1	2	1	2	1	1	1	1	1	1	1	1	1	1	2	1	1	1	2	1	1	1	1	1	1	1
26	2	1	1	1	1	1	1	1	2	1	2	1	1	2	1	1	1	1	1	2	1	2	1	1	1	1	1	2	1	1	2	1	1	2	1	1	1	1	1	2	1	2	1	1	1	1	1	2	1	1	1	2	1	2	1	1	1	1	1	2	1	1	1	1	1	2	1	1	1	1	1	1	1	1	1	1	2	1	2	1	2	1	1	1	1	1	1	2	1	1	1	1	1	1	1	1	1	2	1	1	1	1	1	1	1	1	1	1	1	2	1	1	1	2	1	2	1	1	1	1	1	1	1	1	1	1	2	1	1	1	2	1	1	1	1	1	1	1
26	2	1	1	1	1	1	1	1	2	1	2	1	1	2	1	1	2	1	1	2	1	2	1	1	2	1	1	2	1	1	2	1	1	2	1	1	1	1	1	2	1	2	1	1	1	1	1	2	1	1	1	2	1	2	1	1	1	1	1	2	1	1	1	1	1	2	1	1	1	1	1	1	2	1	1	1	2	1	1	1	2	1	1	1	1	1	1	1	1	1	1	1	1	1	1	1	1	2	1	1	1	1	1	1	1	1	1	1	1	2	1	1	1	2	1	2	1	1	1	1	1	1	1	1	1	1	2	1	1	1	2	1	1	1	1	1	1	1
27	2	1	1	1	1	1	1	1	1	1	2	1	2	2	1	1	1	1	1	2	2	2	1	1	1	1	1	2	1	1	2	1	1	2	1	2	1	1	1	2	1	1	1	1	1	2	1	2	1	1	1	2	1	2	1	1	1	1	1	2	1	1	1	1	1	2	1	1	1	1	1	1	2	1	1	1	2	1	1	1	2	2	1	1	1	1	1	2	1	1	1	1	2	1	1	1	1	2	1	1	1	1	1	1	1	1	1	1	1	2	1	1	1	2	1	2	1	1	1	1	1	1	1	1	1	1	2	1	1	1	1	1	1	1	1	1	1	1
27	2	1	1	1	1	2	1	1	1	2	2	1	1	2	1	2	1	1	1	2	1	2	1	1	1	1	1	2	1	1	2	2	1	2	1	1	1	1	1	2	2	1	1	1	1	2	1	2	1	1	1	2	2	2	1	1	2	2	1	2	1	1	2	1	1	2	1	1	1	2	1	1	1	1	1	1	2	1	1	1	2	2	1	1	1	1	1	2	1	1	1	1	1	1	1	1	1	1	1	1	1	1	1	1	1	1	1	1	1	2	1	1	1	2	1	2	1	1	1	1	1	1	1	1	1	1	2	1	1	1	2	1	1	1	1	1	1	1
27	2	1	1	2	1	1	1	1	1	1	2	1	2	2	1	1	1	1	1	2	1	1	1	1	1	1	1	2	1	1	2	2	1	2	1	2	2	1	1	2	1	1	1	1	1	2	1	2	1	1	1	2	2	2	1	1	1	2	1	2	2	1	1	1	1	2	1	1	1	2	1	1	2	1	1	1	2	1	1	1	2	2	1	1	1	1	1	2	1	1	1	1	2	1	1	1	1	2	1	1	1	1	1	1	1	1	1	1	1	2	1	1	1	2	1	2	1	1	1	1	1	1	1	1	1	1	1	1	1	1	2	1	1	1	1	1	1	1
28	2	2	1	1	1	1	1	1	1	1	2	1	1	2	1	1	1	1	1	2	1	2	1	1	1	1	1	2	1	1	2	1	1	2	1	1	1	1	1	2	1	2	1	1	1	2	1	2	1	1	1	2	1	2	1	2	2	1	1	2	2	1	2	1	1	2	1	1	1	1	2	1	2	1	1	1	2	1	1	1	2	1	1	2	1	1	1	1	1	2	1	1	1	2	1	2	1	2	1	1	2	1	1	1	1	1	2	1	1	2	1	1	1	2	2	2	1	1	1	1	1	1	1	1	1	1	1	1	1	1	2	1	1	1	1	1	1	1
28	2	1	1	1	1	1	1	1	1	2	2	1	2	1	1	1	1	1	1	2	1	2	1	1	1	1	1	2	1	1	2	1	1	2	1	1	1	1	1	2	1	2	1	1	1	2	1	2	1	1	1	2	1	2	1	1	2	1	1	2	2	1	2	1	1	2	1	1	1	1	2	1	2	1	1	1	2	1	1	1	2	1	1	1	1	1	1	1	1	1	1	1	1	2	1	1	1	2	1	1	1	1	1	1	1	1	1	1	1	2	1	1	1	2	1	2	1	1	1	1	1	1	1	1	1	1	1	1	1	1	2	1	1	1	1	1	1	1
28	2	1	1	1	1	1	1	1	1	2	2	1	2	1	1	1	1	1	1	2	1	1	1	1	1	1	1	2	1	1	2	1	1	2	1	1	1	1	1	2	1	2	1	1	1	2	1	2	1	1	1	2	1	2	1	1	2	1	1	2	1	1	2	1	1	2	1	1	1	1	2	1	1	1	1	1	2	1	1	1	2	1	1	1	1	1	1	1	1	1	1	2	1	1	1	1	1	2	1	2	1	1	1	1	1	1	1	1	1	2	1	1	2	2	2	2	1	1	1	1	1	1	1	1	1	1	1	1	1	1	2	1	1	1	1	1	1	1
29	2	1	1	1	1	1	1	1	2	1	2	1	1	2	1	1	1	1	1	1	1	2	1	1	1	1	1	2	1	1	2	1	1	2	1	1	1	1	1	2	1	2	1	1	1	2	2	2	1	1	1	2	1	2	1	1	1	1	1	2	1	1	1	1	1	2	1	1	1	1	1	1	1	1	1	1	2	1	1	1	2	1	1	1	1	2	1	2	1	1	1	1	2	1	1	1	1	2	1	1	1	1	1	1	1	1	1	1	1	2	1	1	1	2	1	2	1	1	1	1	1	1	1	1	1	1	1	1	2	1	2	1	1	1	1	1	1	1
29	2	1	1	1	1	1	1	1	2	2	2	1	1	1	1	1	1	1	1	1	1	2	1	1	1	1	1	2	1	1	2	1	1	2	1	1	1	1	1	2	1	2	1	1	1	2	2	1	1	1	1	2	1	2	1	1	1	1	1	2	1	1	1	1	1	2	1	1	1	2	1	1	1	1	1	1	2	1	1	1	2	1	1	2	1	1	1	1	1	1	1	1	1	1	1	1	1	2	1	1	1	1	1	1	1	1	1	1	1	2	1	1	1	2	1	2	1	1	1	1	1	1	1	2	1	1	2	1	1	1	2	1	1	1	1	1	1	1
29	2	1	1	1	1	1	1	1	1	1	2	1	1	2	1	1	1	1	1	1	1	2	1	1	1	1	1	2	1	1	2	1	1	2	1	1	2	1	1	2	1	2	1	1	1	2	2	2	1	1	1	2	1	2	1	1	1	1	1	2	1	1	1	1	1	2	1	1	1	1	1	1	1	1	1	1	2	1	1	1	2	1	1	1	1	1	1	1	1	1	1	1	2	1	1	1	1	2	1	1	1	1	1	1	1	1	1	1	1	2	1	1	1	2	1	2	1	1	1	1	1	1	1	1	1	1	1	1	1	1	2	1	1	1	1	1	1	1
30	2	2	1	1	1	1	2	1	1	2	2	1	1	2	1	1	1	1	1	2	2	1	1	1	1	1	1	2	1	1	2	1	1	2	2	1	1	1	1	2	1	2	1	2	1	2	1	2	1	2	2	2	1	2	1	2	1	1	1	2	1	2	1	1	1	2	1	1	1	1	1	1	1	1	2	1	2	1	1	1	2	1	1	1	1	1	1	2	1	1	1	1	1	1	2	1	1	2	1	2	2	1	1	1	1	1	1	1	1	2	1	1	1	2	1	2	2	2	1	1	1	1	1	1	1	1	1	1	1	1	2	1	1	1	1	1	1	1
30	2	2	1	1	1	1	2	1	1	1	2	1	1	2	1	1	1	1	1	2	2	2	1	1	1	1	1	2	1	1	2	1	1	1	2	1	1	1	1	2	1	2	1	1	1	2	1	1	1	2	2	2	1	1	1	1	1	1	1	2	1	2	1	1	1	2	1	1	1	1	2	1	1	1	2	1	2	1	1	1	2	1	1	2	1	1	1	2	1	1	1	1	1	1	2	1	1	2	1	2	1	1	1	1	1	1	1	1	1	2	1	1	1	2	1	2	2	2	1	1	1	1	1	1	1	1	1	1	2	2	2	1	1	1	1	1	1	1
30	2	2	1	1	1	1	2	1	1	1	2	1	2	2	1	1	1	1	1	2	1	1	1	1	1	2	1	2	1	1	2	1	1	2	2	1	1	1	1	2	1	2	1	1	1	2	1	2	1	1	1	2	1	1	1	2	1	1	1	2	1	2	1	1	1	2	1	1	1	1	2	1	1	1	2	1	2	1	1	2	2	1	1	1	1	1	1	2	1	1	1	1	1	1	1	1	1	2	1	2	1	1	1	1	1	1	1	1	1	2	1	1	1	2	1	1	2	2	1	1	1	1	1	1	1	1	1	1	1	1	2	1	1	1	1	1	1	1
31	2	1	1	1	1	1	1	1	1	2	2	1	2	2	1	1	1	1	1	2	1	2	1	1	1	2	1	2	1	1	2	1	1	2	2	2	1	1	1	2	1	2	1	1	1	2	1	1	1	1	1	2	1	2	1	1	1	1	1	2	1	1	1	1	1	2	1	1	1	1	1	1	2	1	1	1	2	1	1	1	2	1	1	1	1	2	1	2	1	1	1	2	1	1	1	1	1	2	1	1	1	1	1	1	1	1	1	1	1	2	1	1	1	2	1	2	1	1	1	1	1	1	1	1	1	1	2	1	1	1	2	1	1	1	1	1	1	1
31	2	1	1	1	1	1	1	1	2	2	2	1	2	1	1	1	1	1	1	2	1	2	1	1	1	1	1	2	1	1	2	1	1	2	1	2	1	1	1	2	1	2	1	1	1	2	1	1	1	1	1	2	1	2	1	1	1	1	1	2	1	1	1	1	1	1	1	1	1	1	1	1	2	1	1	1	2	1	1	1	2	1	1	1	1	1	1	2	1	1	1	2	1	1	1	1	1	2	1	1	1	1	1	1	1	1	1	1	1	2	1	1	1	2	1	2	1	1	1	1	1	1	1	1	1	1	2	1	1	1	2	1	1	1	1	1	1	1
31	2	1	1	1	1	1	1	1	1	1	2	1	2	1	1	1	1	1	1	2	1	2	1	1	1	1	1	2	1	1	2	1	1	2	1	1	1	1	1	2	1	2	1	1	1	2	1	1	1	1	1	2	1	2	1	1	1	1	1	2	1	1	1	1	1	1	1	1	1	1	1	1	2	1	1	1	2	1	1	1	2	1	1	1	1	1	1	2	1	1	1	2	1	1	1	1	1	2	1	1	1	1	1	1	1	1	1	1	1	2	1	1	1	2	1	2	1	1	1	1	1	1	1	1	1	1	1	1	2	1	2	1	1	1	1	1	1	1
32	2	1	1	1	1	1	1	1	1	2	2	1	1	2	1	1	1	1	1	1	1	1	1	1	1	1	1	2	1	1	2	2	1	2	1	1	2	2	2	2	2	2	2	1	2	2	1	2	1	2	1	2	2	2	1	2	1	2	2	2	2	1	1	1	1	2	2	1	2	2	1	2	1	2	1	1	2	1	1	1	2	1	1	1	1	1	1	2	1	1	1	1	1	1	1	1	1	2	1	1	1	1	1	1	1	1	1	1	2	2	1	1	1	2	1	1	2	1	1	1	1	1	1	1	1	1	1	1	1	1	2	1	1	1	1	1	1	1
32	2	1	1	1	1	1	1	1	1	2	2	1	1	1	1	1	1	1	1	1	2	2	1	1	1	1	1	2	1	1	2	1	1	2	1	1	1	1	1	2	1	2	1	1	1	2	1	2	1	1	1	2	1	2	1	1	1	1	1	2	1	1	1	1	1	2	1	1	2	1	1	1	1	2	1	1	2	1	1	1	2	1	1	1	1	1	1	2	1	1	1	1	1	1	1	1	1	2	1	1	1	1	1	1	1	1	1	1	1	2	1	1	1	2	1	2	2	1	1	1	1	1	1	1	1	1	1	1	1	1	2	1	1	1	1	1	1	1
32	1	1	1	1	1	1	1	1	1	2	2	1	1	1	1	1	1	1	1	1	1	1	1	1	1	1	1	2	1	1	2	1	1	2	1	1	1	1	1	2	1	2	1	1	1	2	1	2	1	1	1	2	1	2	1	1	1	1	1	2	1	1	1	1	1	2	1	1	2	1	1	1	1	1	1	1	2	1	1	1	2	1	1	1	1	1	1	2	1	1	2	1	1	1	1	1	1	2	1	1	1	1	1	1	1	1	1	1	1	2	1	1	1	2	1	2	1	1	1	1	1	1	1	1	1	1	1	1	1	1	2	1	1	1	1	1	1	1
33	2	1	1	1	1	1	1	1	2	1	2	1	1	2	1	1	1	1	1	1	1	2	1	1	1	1	1	2	1	1	2	1	1	2	1	1	1	1	1	2	1	2	2	1	1	2	2	2	1	2	1	2	1	2	1	2	1	1	1	2	1	1	1	1	1	2	1	1	1	1	2	1	1	1	1	1	2	1	1	1	2	1	1	1	1	1	1	1	1	1	1	1	2	1	1	1	1	2	1	1	1	1	1	1	1	1	1	1	1	2	1	1	1	2	1	2	1	1	1	1	1	1	1	1	1	1	1	1	1	1	2	1	1	2	1	1	1	1
33	2	1	1	1	1	1	1	1	2	1	2	1	1	1	1	1	1	1	1	1	1	2	1	1	1	1	1	2	1	1	2	1	1	2	1	1	1	1	1	2	1	2	1	1	1	2	2	1	1	2	1	2	1	2	1	1	1	1	1	2	1	1	2	1	1	2	1	1	1	1	2	1	1	1	1	1	2	1	1	1	2	1	1	1	1	1	1	1	1	1	1	1	1	1	1	1	1	2	1	1	1	1	1	1	1	1	1	1	1	2	1	1	1	2	1	2	1	1	2	1	1	1	1	1	1	1	2	1	1	1	2	1	1	1	1	1	1	1
33	2	1	1	1	1	1	1	1	1	1	2	1	1	2	1	1	1	1	1	1	1	2	1	1	1	1	1	2	1	1	2	1	1	2	1	1	1	1	1	2	1	2	1	1	1	2	2	2	1	2	1	2	1	2	1	1	1	1	1	2	1	1	1	1	1	2	1	1	1	1	1	1	2	1	1	1	2	1	1	1	2	1	1	1	1	2	1	1	1	1	1	1	2	1	1	1	1	2	1	1	1	1	2	1	1	1	1	1	1	2	1	1	1	2	1	2	1	1	2	1	1	1	1	1	1	2	1	1	1	1	2	1	1	2	1	1	1	1
34	2	2	1	1	1	1	1	1	1	1	2	1	2	2	1	1	1	1	1	1	2	2	1	1	1	1	1	2	1	1	2	1	1	2	1	1	1	1	1	2	1	2	1	1	1	2	1	1	1	2	1	2	1	2	1	1	1	1	1	2	1	1	1	2	1	2	1	1	1	1	1	1	1	2	1	1	2	1	2	2	2	1	1	1	1	1	1	2	1	1	1	1	1	1	1	1	1	2	1	1	1	1	1	1	1	1	2	1	1	2	1	1	1	2	1	2	1	1	1	1	1	1	1	1	1	1	1	2	1	1	2	1	1	1	1	1	1	1
34	2	1	1	1	1	1	1	1	1	1	2	1	2	2	1	1	1	1	1	1	2	2	1	1	1	1	1	2	1	1	2	1	1	2	1	1	1	1	1	2	1	2	1	1	1	2	1	1	1	2	1	1	1	2	1	1	1	1	1	2	1	1	1	1	1	2	1	1	1	1	2	1	1	2	1	1	2	1	1	2	2	1	1	1	1	1	1	2	1	1	1	1	2	1	1	1	1	2	1	1	1	1	1	1	1	1	2	1	2	2	2	1	1	2	1	2	1	1	1	1	1	2	2	1	1	1	1	1	1	1	2	1	1	1	1	1	1	1
34	2	1	1	1	1	1	1	1	1	1	2	1	2	2	1	1	1	1	1	1	2	1	1	1	1	1	1	2	1	1	2	1	1	2	1	1	1	1	1	2	1	2	1	1	1	2	1	1	1	2	1	1	1	2	1	1	1	1	1	2	1	1	1	1	1	2	1	1	1	1	2	1	1	2	1	1	2	1	1	2	2	1	1	1	1	1	1	2	1	1	1	1	1	1	1	1	1	2	1	1	1	1	1	1	1	1	2	2	1	2	1	1	1	2	1	2	1	1	1	1	1	1	2	1	1	1	1	2	1	1	2	1	1	1	1	1	1	1
35	2	1	1	1	1	1	2	1	1	2	2	1	1	2	1	1	2	1	1	2	2	1	1	1	2	1	2	2	1	1	2	1	2	2	2	1	1	1	1	2	1	2	2	2	1	2	1	2	1	1	1	2	1	2	1	1	1	1	1	2	1	2	1	1	1	2	1	1	1	1	2	1	1	1	1	1	2	1	2	1	2	2	2	1	1	1	1	1	1	2	2	1	1	1	2	1	1	1	1	1	2	1	1	1	1	1	1	1	1	2	1	2	1	2	1	2	1	1	1	1	1	1	1	1	1	1	2	2	1	1	2	1	2	1	1	2	2	1
35	2	1	1	1	1	1	2	1	1	2	2	1	2	2	1	1	2	1	1	2	2	2	1	1	2	1	2	2	1	1	2	1	2	2	2	1	1	1	1	2	1	2	2	1	1	2	1	2	1	1	1	2	1	2	1	1	1	1	1	2	1	2	1	1	1	2	1	1	1	1	1	1	2	1	1	1	2	1	2	1	2	1	2	1	1	1	1	1	1	2	2	1	1	1	2	1	1	2	1	1	1	1	1	1	1	1	1	1	1	2	1	2	1	2	1	2	2	1	1	2	2	1	1	1	1	1	2	2	1	2	2	1	2	1	1	2	2	1
35	2	1	1	1	1	1	1	1	1	2	2	1	1	2	1	1	1	1	1	2	2	2	1	1	1	1	1	2	1	1	2	1	2	2	1	2	1	1	1	2	1	2	2	1	1	2	1	2	1	2	1	2	1	2	1	1	1	1	1	2	1	2	1	1	2	2	1	1	1	1	1	1	1	2	2	1	2	1	1	1	2	1	2	1	1	1	1	1	1	1	1	1	1	1	2	1	1	2	1	1	2	1	1	1	1	1	1	1	1	2	1	2	1	2	1	2	2	1	1	1	1	1	1	1	1	1	2	2	1	1	2	1	1	1	1	1	2	1
36	2	1	1	1	1	1	1	1	1	2	2	1	2	2	1	1	1	1	1	1	2	2	1	2	1	1	1	2	1	1	2	1	1	2	1	1	1	1	1	2	2	2	1	1	1	2	1	2	1	1	1	2	1	2	1	1	1	1	1	2	1	1	1	2	1	1	1	1	1	1	1	1	1	1	1	1	1	2	1	1	2	1	1	1	1	1	1	2	1	2	1	2	1	1	1	1	2	2	1	1	1	2	1	1	1	2	1	1	1	2	1	1	1	2	1	1	2	1	1	1	1	1	1	1	1	1	2	1	1	1	2	1	1	1	1	1	1	1
36	2	1	1	1	1	1	1	1	1	2	2	1	1	2	1	1	1	1	1	1	2	2	1	2	1	1	1	2	1	1	2	1	1	2	1	1	1	1	1	2	2	2	1	1	1	2	1	2	1	1	1	2	1	2	1	1	1	1	1	2	1	1	1	2	1	1	1	1	1	1	1	1	1	1	1	1	2	1	2	1	2	1	1	1	1	1	1	2	1	1	1	1	1	1	1	1	2	2	1	1	1	1	1	1	1	1	1	1	1	1	1	1	1	2	1	1	2	1	1	1	1	1	1	1	1	1	2	1	1	1	2	1	1	1	1	1	1	1
37	2	1	1	1	1	1	1	1	1	1	2	1	1	1	1	1	1	1	1	2	1	1	1	1	1	1	1	2	1	1	2	1	1	2	1	2	1	1	1	2	1	2	1	1	1	2	1	1	1	1	1	2	1	2	1	1	2	1	1	2	1	1	1	1	1	2	1	1	1	1	1	1	1	1	1	1	2	1	1	1	2	1	1	1	1	1	1	2	1	1	1	1	1	1	1	1	1	2	1	1	1	1	1	1	1	1	1	1	1	2	1	1	1	2	1	2	1	1	1	1	1	1	1	1	1	1	1	1	1	1	1	1	1	1	1	1	1	1
37	2	1	1	1	1	1	1	1	1	2	2	1	2	1	1	1	1	1	1	2	1	1	1	1	1	1	1	2	1	1	1	1	1	2	1	1	1	1	1	2	1	2	1	1	1	2	1	1	1	1	1	2	1	2	1	1	1	1	1	2	1	1	1	1	1	2	1	1	1	1	1	1	1	1	1	1	2	1	1	1	2	1	1	1	1	1	1	2	1	1	1	1	1	1	1	2	1	2	1	1	1	1	1	2	1	2	1	1	2	2	1	1	1	2	1	2	1	1	1	1	1	1	1	1	1	1	1	1	1	2	1	1	1	1	1	1	1	1
37	2	1	1	1	1	1	1	1	2	1	2	1	1	2	1	1	1	1	1	2	1	1	1	1	1	1	1	2	1	1	2	1	1	2	1	2	1	1	1	2	1	2	1	1	1	2	1	1	1	1	1	2	1	2	1	1	2	1	1	2	1	1	1	1	1	1	1	1	1	1	1	1	1	1	1	2	2	1	1	1	2	1	1	1	1	1	1	2	1	2	1	1	1	1	1	1	1	2	1	1	1	1	1	1	1	1	1	1	1	2	1	1	1	2	1	2	1	1	1	1	1	1	1	1	1	1	1	1	1	2	1	1	1	1	1	1	1	1
38	1	1	1	2	1	1	1	2	1	1	2	1	1	2	1	1	1	1	1	1	2	1	1	2	1	1	1	1	1	1	1	1	1	2	1	1	1	1	2	1	2	2	2	1	1	1	1	1	1	1	1	2	1	2	1	1	1	1	1	2	1	1	1	2	1	1	1	2	1	1	1	1	1	1	1	1	2	1	2	1	2	1	2	2	1	1	1	2	1	1	1	1	1	1	1	1	1	1	2	1	1	1	1	1	1	1	1	1	1	2	1	1	1	2	1	2	2	1	1	1	1	1	1	1	1	1	2	1	1	2	1	1	1	1	1	1	1	1
38	2	1	2	2	1	1	1	1	1	2	2	1	1	1	1	1	1	1	1	1	2	2	1	1	1	1	1	1	1	1	2	1	1	2	1	2	1	1	1	2	2	2	1	1	1	1	2	1	1	1	1	1	1	2	1	1	1	1	1	2	1	1	1	2	1	1	1	1	1	1	1	1	1	1	1	1	1	1	2	1	2	1	1	2	2	1	1	2	1	1	1	1	1	1	1	1	1	2	1	1	1	1	1	1	1	1	1	1	1	1	1	1	1	2	1	2	1	1	1	1	1	1	1	1	1	1	1	1	1	1	2	1	1	1	1	1	1	1
38	2	1	1	1	1	1	1	1	1	2	1	1	2	1	1	1	1	1	1	2	2	2	1	1	1	1	1	2	1	1	1	1	1	2	1	1	1	1	1	2	2	2	1	1	1	1	1	1	1	1	1	2	1	2	1	1	1	1	1	2	1	1	1	2	1	1	1	1	1	1	1	1	1	1	1	1	2	1	1	1	2	1	1	1	1	1	1	2	1	1	1	1	1	1	1	1	2	2	1	1	1	1	1	1	1	1	1	1	1	1	1	1	1	2	1	1	2	1	1	1	1	1	1	1	1	1	1	1	1	2	2	1	1	1	1	1	1	1
39	2	1	2	2	1	1	1	2	1	2	2	1	1	1	1	1	1	1	1	1	2	2	1	1	1	1	1	1	1	1	2	2	1	2	1	1	2	2	2	2	2	2	1	1	2	1	1	1	1	2	1	1	2	2	1	1	1	2	2	2	2	1	1	2	1	1	2	1	2	2	1	2	2	1	1	2	2	1	2	1	2	1	1	2	1	1	1	2	2	1	1	1	1	2	1	1	1	2	1	1	1	1	1	1	1	1	1	1	1	1	1	1	1	2	1	1	1	1	1	1	1	1	1	1	1	1	2	1	1	1	2	1	1	1	1	1	1	1
39	2	1	2	2	1	1	1	1	1	1	1	1	1	1	1	1	1	1	1	2	2	2	1	1	1	1	1	1	1	1	2	1	2	2	1	1	1	1	1	2	2	2	1	1	1	2	1	1	1	1	1	1	1	2	1	1	1	1	1	2	1	1	1	2	1	1	2	1	1	1	1	1	2	1	1	1	2	2	1	1	2	1	1	1	1	1	1	2	1	1	1	1	1	1	1	1	1	2	1	1	1	1	1	1	1	1	1	1	1	1	1	1	1	1	1	1	1	1	1	1	1	1	1	1	1	1	1	1	1	1	2	1	1	1	1	1	1	1
39	2	1	2	2	1	1	1	1	2	1	2	1	1	1	1	1	1	1	1	2	1	2	1	1	1	1	1	1	2	2	2	1	2	2	1	1	1	1	1	2	2	2	1	1	1	1	1	1	1	1	1	2	1	2	1	1	1	1	1	2	1	1	1	2	1	1	1	1	1	1	1	1	2	1	1	2	2	1	1	1	2	1	1	2	1	1	2	2	1	1	1	1	1	1	1	1	1	2	1	1	1	1	1	1	1	1	1	1	1	1	1	1	1	2	1	1	1	1	1	1	1	1	1	1	1	1	2	1	1	1	2	1	1	1	1	1	1	1
40	2	1	1	1	1	1	1	1	1	2	2	1	1	2	1	1	1	2	2	1	2	2	1	1	1	2	1	2	1	1	2	1	1	2	1	1	1	1	1	2	1	2	1	1	1	1	1	1	1	1	1	2	1	2	1	1	1	1	1	2	1	1	1	2	1	2	1	1	1	1	1	1	2	1	1	1	2	1	2	1	2	1	1	1	1	1	1	1	1	1	1	1	1	1	1	1	2	2	1	1	1	1	1	1	1	1	1	1	1	1	1	1	1	2	1	1	2	1	1	1	1	2	1	1	1	1	2	1	1	1	2	1	1	1	1	1	1	1
40	2	1	1	2	1	1	1	1	1	1	1	1	1	2	1	1	1	1	1	1	2	2	1	1	1	2	1	2	1	1	2	1	1	2	1	1	1	1	1	2	1	2	2	1	1	1	1	2	1	1	1	2	1	2	1	1	1	1	1	2	1	1	1	2	1	2	1	1	1	1	1	1	1	1	1	1	2	2	1	1	2	1	1	1	1	1	1	2	1	1	1	1	1	1	1	1	1	2	1	1	1	1	1	1	1	1	1	1	1	1	1	1	1	2	1	1	2	1	1	1	1	1	1	1	1	1	2	1	1	1	2	1	1	1	1	1	1	1
41	2	1	2	2	1	1	1	1	1	2	1	1	1	1	1	1	1	1	1	2	1	2	1	2	1	1	1	2	1	1	1	1	1	2	1	1	1	1	1	2	2	2	1	1	1	1	2	2	1	1	1	2	1	2	1	1	1	1	1	2	1	1	1	2	1	1	1	1	1	1	1	1	1	1	1	1	2	1	2	1	2	1	1	1	1	1	1	2	1	1	1	1	1	1	1	1	2	2	1	1	1	1	1	1	1	1	1	1	1	1	1	1	1	2	1	1	2	1	1	1	1	1	2	1	1	1	2	1	1	1	2	1	1	1	1	1	1	1
41	2	1	2	1	1	1	1	1	1	1	1	1	2	1	1	1	1	1	1	2	1	2	1	2	1	2	1	2	1	1	2	1	1	2	1	1	1	1	1	1	2	2	1	1	1	1	2	1	1	1	1	1	1	2	1	1	1	1	1	1	1	1	1	2	1	1	1	1	1	1	1	1	2	1	1	1	1	1	2	1	2	1	1	1	1	1	1	2	1	1	1	1	1	1	1	1	2	1	1	1	1	1	1	1	1	1	1	1	1	2	1	1	1	2	1	1	2	1	1	1	1	1	1	1	1	1	2	1	1	1	2	1	1	1	2	1	1	1
41	2	1	2	2	1	1	1	1	1	2	1	1	1	2	1	1	1	1	1	2	1	2	1	2	1	1	1	2	1	1	1	1	2	2	1	1	1	1	1	2	2	2	1	1	1	1	2	1	1	1	1	2	1	2	1	1	1	1	1	2	1	1	1	1	1	1	1	1	1	1	1	1	2	1	1	1	2	2	2	1	2	1	2	1	1	1	1	2	1	1	1	1	1	1	1	1	2	2	1	1	1	1	1	1	2	1	1	1	1	1	2	1	1	2	1	1	2	1	1	1	1	1	1	1	1	1	2	1	1	1	2	1	1	1	1	1	1	1
42	2	1	2	2	1	1	1	1	1	1	1	1	1	1	1	1	1	2	2	2	2	2	1	1	1	1	1	1	1	1	2	1	2	2	1	1	1	1	1	2	2	2	1	1	1	1	1	1	1	1	1	2	1	2	1	1	1	1	1	2	1	1	1	2	1	1	1	1	1	1	1	1	1	1	1	2	1	1	1	1	2	1	2	2	2	1	1	1	1	1	1	1	1	1	1	1	1	1	1	1	1	1	1	1	1	1	1	1	1	1	1	1	1	1	1	1	2	1	1	1	1	1	1	1	1	1	1	1	1	1	1	1	1	1	1	1	1	1
42	2	1	2	2	1	1	1	1	1	2	2	1	1	1	1	1	1	1	2	2	2	2	1	1	1	1	1	1	1	1	2	1	1	1	1	1	1	1	1	2	2	2	1	1	1	2	1	1	1	1	1	2	1	2	1	1	1	1	1	2	1	1	1	1	1	1	1	1	1	1	1	1	2	1	1	1	1	1	1	1	2	1	1	1	1	1	1	2	1	1	1	1	1	1	1	1	1	2	1	1	1	1	1	1	1	1	1	1	1	2	1	1	1	2	1	1	2	1	1	1	1	1	1	1	1	1	2	1	1	1	1	1	1	1	1	1	1	1
42	2	1	2	2	1	1	1	1	1	1	2	1	1	1	1	2	1	1	2	2	2	1	1	1	1	1	1	1	1	1	2	1	1	2	1	1	1	1	1	2	2	2	1	1	1	2	1	1	1	1	1	1	1	2	1	1	1	1	1	2	1	1	1	2	1	1	1	1	1	1	1	1	1	1	1	1	1	2	1	1	2	1	1	1	2	1	1	2	1	1	1	1	2	1	1	1	1	2	1	1	2	1	1	1	1	1	1	1	1	2	1	1	1	2	1	1	2	1	1	1	1	1	1	1	1	1	2	1	1	1	2	1	1	1	1	1	1	1
43	2	1	1	1	1	1	1	1	1	2	2	1	1	1	1	1	1	1	1	1	2	2	1	1	1	2	1	2	1	1	2	1	1	2	1	1	1	1	1	2	1	2	1	1	1	1	1	1	1	1	1	2	1	2	1	1	1	1	1	2	1	1	1	1	1	1	1	1	1	1	1	1	1	1	1	1	2	1	1	1	2	1	2	1	1	1	1	1	1	1	1	1	1	1	1	1	2	2	1	1	1	1	1	1	1	1	1	1	1	2	1	1	1	2	1	1	2	1	1	1	1	1	1	1	1	1	2	1	1	1	2	1	1	1	1	1	1	2
43	1	1	2	2	1	1	1	1	1	1	1	1	1	1	1	1	1	1	1	1	1	2	1	1	1	2	1	1	1	2	2	1	1	2	1	1	2	1	1	2	1	2	1	1	1	1	1	1	1	1	1	2	1	1	1	1	1	2	1	2	1	1	1	2	1	1	2	1	1	1	1	1	1	1	1	1	1	1	2	1	1	1	1	1	1	1	1	1	1	1	1	1	1	1	1	1	2	2	1	1	1	1	2	1	1	1	1	1	1	2	1	1	1	2	1	1	1	1	1	1	1	1	1	1	1	1	1	1	1	1	1	2	1	1	1	1	1	2
43	2	1	1	1	1	1	1	1	1	2	2	1	1	1	1	1	1	1	1	1	2	2	1	1	1	2	1	2	1	1	2	1	1	2	1	1	1	1	1	2	1	2	1	1	1	1	1	1	1	1	1	2	1	2	1	1	1	1	1	2	1	1	1	2	1	1	1	1	1	1	1	1	1	1	1	1	2	2	1	1	2	1	1	2	1	1	1	2	1	1	1	1	1	1	1	1	1	2	1	1	1	1	1	1	1	1	1	1	1	1	1	1	1	2	1	1	1	1	1	1	1	1	1	2	1	1	2	1	1	1	1	1	1	1	1	1	1	1
44	2	1	1	1	1	2	1	1	1	1	1	1	1	1	1	1	1	1	1	1	2	2	1	1	1	1	1	1	1	1	2	1	1	1	1	1	1	1	1	2	1	2	1	1	1	1	2	1	1	1	1	2	1	2	1	1	1	1	1	2	1	1	1	2	1	1	1	1	1	1	1	1	2	1	1	1	2	1	1	1	2	1	1	1	1	1	1	1	1	1	1	1	1	1	1	1	1	2	1	1	1	1	1	1	1	1	1	1	1	1	1	1	1	2	1	1	1	1	1	1	1	1	1	1	2	1	2	1	1	1	2	1	1	1	1	1	1	1
44	2	1	1	1	1	1	1	1	1	1	1	1	1	2	1	1	1	1	1	1	2	2	1	1	1	1	1	1	1	1	2	1	1	1	1	1	1	1	1	2	1	2	1	1	1	1	2	1	1	1	1	2	1	2	1	1	1	1	1	2	1	1	1	2	1	1	1	1	1	1	1	1	2	1	1	1	2	1	1	1	2	1	2	1	1	1	1	1	1	1	1	1	1	1	1	1	1	2	1	1	1	1	1	1	1	1	1	1	1	2	1	1	1	2	1	1	1	1	1	1	1	2	1	1	2	1	2	1	1	1	2	1	1	1	1	1	1	1
44	2	1	1	1	1	2	1	1	1	2	2	1	1	1	1	1	1	1	1	2	2	2	1	1	1	1	1	2	1	1	2	1	1	2	1	1	1	1	1	2	2	2	1	1	1	1	2	1	1	1	1	2	1	2	1	1	1	1	1	2	1	1	1	2	1	1	1	1	1	1	1	1	2	1	1	1	2	1	1	1	2	2	1	2	1	1	1	1	1	1	1	1	1	1	1	1	1	2	1	1	1	1	1	1	2	1	1	1	1	1	1	1	1	2	1	1	2	1	1	1	1	1	1	1	1	1	2	1	1	1	1	1	1	1	1	1	1	1
45	2	1	1	1	1	1	1	1	1	2	1	1	1	1	1	1	1	1	1	2	2	1	1	2	1	1	1	1	1	1	2	1	1	1	1	1	1	1	1	2	1	2	1	1	1	2	1	2	1	1	1	2	1	1	1	1	1	1	1	2	1	1	1	1	1	1	1	1	1	1	1	1	1	1	1	1	2	1	1	1	2	1	1	2	1	1	1	2	1	1	1	1	1	1	1	1	1	2	1	2	1	1	1	1	1	1	1	1	1	2	1	1	1	2	1	1	2	1	1	1	1	1	1	1	1	1	1	1	1	1	2	1	1	1	1	1	1	1
45	2	1	1	1	1	1	1	2	1	2	2	1	1	1	1	1	1	1	1	2	2	1	1	2	1	1	1	1	1	1	2	2	1	2	1	1	2	2	2	2	2	2	1	1	2	2	1	2	1	2	1	1	2	1	1	2	1	2	2	2	1	1	1	1	1	2	2	2	1	2	1	1	2	1	1	1	2	1	1	1	2	1	1	1	1	1	1	2	1	1	2	1	1	2	1	1	1	2	1	2	1	1	1	1	1	1	1	1	1	1	1	1	1	2	1	1	2	1	1	1	1	1	1	1	1	1	1	1	1	1	2	1	1	1	1	1	1	1
