44	93	2	1
AGA_CTA_54.2
AGA_CTA_58.7
AGA_CTA_59.4
AGA_CTA_60.6
AGA_CTA_63.1
AGA_CTA_70.0
AGA_CTA_74.9
AGA_CTA_78.5
AGA_CTA_86.0
AGA_CTA_94.6
AGA_CTA_96.0
AGA_CTA_97.3
AGA_CTA_125.0
AGA_CTA_141.2
AGA_CTA_145.7
AGA_CTA_148.4
AGA_CTA_152.9
AGA_CTA_158.7
AGA_CTA_167.2
AGA_CTA_177.9
AGA_CTA_181.8
AGA_CTA_196.0
AGA_CTA_197.9
AGA_CTA_202.2
AGA_CTA_204.7
AGA_CTA_212.7
AGA_CTA_226.2
AGA_CTA_245.5
AGA_CTA_260.0
AGA_CTA_261.3
AGA_CTA_265.3
AGA_CTA_266.4
AGA_CTA_267.4
AGA_CTA_276.5
AGA_CTA_277.6
AGA_CTA_279.6
AGA_CTA_286.7
AGA_CTA_296.2
AGA_CTA_319.3
AGA_CTA_327.4
AGA_CTA_338.0
AGA_CTA_350.9
AGA_CTA_422.8
AGA_CTA_450.9
AGT_CTA_52.5
AGT_CTA_57.9
AGT_CTA_60.6
AGT_CTA_110.3
AGT_CTA_134.0
AGT_CTA_141.0
AGT_CTA_147.7
AGT_CTA_203.5
AGT_CTA_222.5
AGT_CTA_247.8
AGT_CTA_250.6
AGT_CTA_255.4
AGT_CTA_263.5
AGT_CTA_300.1
AGT_CTA_335.6
AGT_CTA_337.0
AGT_CTA_366.9
AGT_CTA_377.8
AGT_CTA_381.0
ATG_CTA_54.3
ATG_CTA_58.6
ATG_CTA_80.4
ATG_CTA_106.6
ATG_CTA_126.7
ATG_CTA_148.7
ATG_CTA_154.7
ATG_CTA_158.4
ATG_CTA_166.0
ATG_CTA_178.0
ATG_CTA_195.8
ATG_CTA_205.9
ATG_CTA_208.1
ATG_CTA_215.3
ATG_CTA_230.6
ATG_CTA_237.5
ATG_CTA_250.3
ATG_CTA_257.8
ATG_CTA_260.8
ATG_CTA_263.0
ATG_CTA_274.5
ATG_CTA_306.4
ATG_CTA_376.9
ATG_CTA_380.5
ATG_CTA_411.8
ATG_CTA_422.9
ATG_CTA_430.9
ATG_CTA_441.5
ATG_CTA_453.9
ATG_CTA_455.2
1	1	1	1	1	1	2	1	2	2	1	2	1	2	1	1	2	1	2	2	1	1	2	1	2	1	1	1	1	1	1	1	1	1	1	1	1	1	1	2	1	2	2	2	1	1	1	1	2	2	2	1	2	1	1	1	1	1	2	1	1	1	1	2	1	1	2	2	1	2	2	2	2	2	1	2	2	1	1	1	2	1	1	2	2	1	1	1	1	1	1	1	1	1
1	1	1	1	1	1	2	1	2	1	1	1	1	2	1	1	2	1	2	1	1	1	1	1	2	1	1	1	1	1	1	2	1	1	1	1	1	1	1	1	1	2	2	2	1	1	1	1	2	2	2	1	1	1	1	1	1	1	2	2	1	1	1	2	1	1	2	2	1	2	2	2	2	2	1	1	1	1	2	1	2	1	1	2	2	1	1	1	1	1	2	1	2	1
1	1	1	1	1	1	2	1	2	1	1	1	1	2	1	1	2	1	2	1	1	1	1	1	2	1	1	1	1	1	1	2	1	1	1	1	1	1	1	2	1	1	2	1	1	1	1	1	2	2	2	1	2	1	1	2	1	1	2	1	1	1	1	1	1	1	2	2	1	2	2	2	2	2	1	2	1	1	2	1	2	1	1	2	2	1	1	1	1	1	2	1	1	1
2	1	1	1	1	1	2	1	2	1	1	2	1	2	1	1	2	1	2	1	1	1	1	1	2	1	1	1	1	1	1	1	1	1	1	1	1	1	1	1	1	1	2	1	1	1	1	1	2	2	2	1	2	1	1	2	1	1	2	2	1	1	1	2	1	1	2	2	1	2	2	2	2	2	1	2	1	1	2	1	2	1	1	2	1	2	1	1	1	1	1	1	1	1
2	1	1	1	1	1	2	1	2	2	1	2	1	2	1	1	2	1	2	1	1	1	2	1	2	1	1	1	1	1	1	2	1	1	1	1	1	1	1	2	1	2	2	1	1	1	1	1	2	2	2	1	2	1	1	1	1	1	2	1	1	1	1	2	1	1	2	2	2	2	2	2	2	2	1	2	2	1	1	1	2	1	1	2	2	2	1	2	1	1	2	1	1	1
2	1	1	1	2	1	2	1	2	2	1	2	1	2	1	1	2	1	2	1	1	1	1	1	2	1	1	1	1	1	1	2	1	1	1	1	1	1	1	1	1	1	2	1	1	1	1	1	2	2	2	1	2	1	1	2	1	1	2	2	2	1	1	2	1	1	2	2	1	2	2	2	2	2	1	2	1	1	1	1	2	1	1	2	2	2	1	1	1	1	1	1	1	1
3	1	1	1	1	1	2	1	2	1	1	2	1	2	1	1	2	1	2	1	1	1	1	1	2	1	2	1	1	1	1	1	1	1	1	1	1	1	1	2	1	2	2	1	1	1	1	1	2	1	2	1	1	2	1	1	1	1	2	2	1	1	1	2	1	1	2	2	1	2	2	2	2	2	1	2	1	1	1	1	2	1	1	2	2	1	1	1	1	1	1	1	1	1
3	1	1	1	1	1	2	1	2	1	1	2	1	2	1	1	2	1	2	1	1	1	1	1	2	1	2	1	1	1	1	2	1	1	1	1	1	1	1	1	1	1	2	1	1	1	1	1	2	2	2	1	1	1	2	1	1	1	2	1	1	1	1	2	1	1	2	2	1	2	2	2	2	2	1	2	2	1	1	1	2	1	1	2	2	2	1	1	1	1	1	1	1	1
3	1	1	1	1	1	2	1	2	1	1	1	1	2	1	1	2	1	2	1	1	1	2	1	2	1	1	2	1	2	1	1	1	1	1	1	1	1	1	2	1	1	2	2	1	1	1	1	2	2	2	2	1	1	1	2	1	1	2	1	1	1	1	2	1	1	2	2	1	2	2	2	2	2	1	2	2	1	2	1	2	1	1	2	2	2	1	1	1	1	2	1	2	1
4	1	1	1	1	1	2	1	2	2	1	2	1	2	1	1	2	2	2	1	1	1	2	1	2	1	1	1	2	1	1	2	1	1	1	1	1	1	1	2	1	1	1	1	1	1	1	1	2	2	2	1	1	1	1	2	1	1	2	1	1	1	1	2	1	1	2	2	1	2	2	2	2	2	1	2	1	1	1	1	2	2	1	2	1	1	1	1	1	1	1	1	1	2
4	1	1	1	1	1	2	1	2	1	1	2	1	2	1	1	2	2	2	1	1	1	2	1	2	1	1	1	1	1	1	1	1	1	1	2	2	1	1	1	1	1	1	1	1	1	1	1	2	2	2	1	1	1	1	2	1	1	2	1	1	1	1	2	1	1	2	2	1	2	2	2	2	2	1	2	1	1	2	1	2	2	1	2	1	1	1	1	1	1	1	1	1	1
4	1	1	1	1	1	2	1	2	2	1	2	1	2	1	1	2	2	2	1	1	1	1	1	2	1	1	1	1	1	1	1	1	1	1	1	1	1	1	1	1	1	1	1	1	1	1	1	2	2	2	1	1	1	1	2	1	1	2	1	2	1	1	2	1	1	2	2	1	2	2	2	2	2	1	2	1	1	1	1	2	2	1	2	2	1	1	1	1	1	2	1	1	1
5	1	1	1	1	1	2	1	2	2	1	2	1	2	1	1	2	2	2	1	2	2	2	1	2	1	1	1	1	2	1	1	2	1	1	1	1	1	1	2	1	2	1	1	1	1	1	1	2	2	2	1	1	1	2	2	1	1	2	1	1	1	1	2	1	1	2	2	1	2	2	2	2	2	1	2	1	2	1	1	2	2	1	2	2	1	1	1	1	1	1	1	1	1
5	1	1	1	1	1	2	1	2	1	1	2	1	2	1	1	2	2	2	1	1	1	2	1	2	1	1	1	1	1	1	1	2	1	1	2	1	1	1	1	1	1	1	1	1	1	1	1	2	2	2	1	1	1	1	2	1	1	2	1	1	1	1	2	1	1	2	2	1	2	2	1	2	2	1	2	1	1	1	1	2	2	1	1	1	1	1	1	1	1	1	1	1	1
5	1	1	1	1	1	2	1	2	2	1	2	1	2	1	1	1	2	2	1	1	1	2	1	2	1	1	1	1	1	1	2	1	1	1	1	1	1	1	2	1	1	1	1	1	1	1	1	2	2	2	1	1	1	1	1	1	1	2	1	1	1	1	2	1	1	2	2	1	2	1	1	1	2	1	2	2	1	1	1	2	2	1	1	1	1	1	1	1	1	1	1	1	1
6	1	1	1	1	1	2	2	2	2	1	2	1	2	1	1	2	1	2	1	1	1	2	1	2	1	1	1	1	1	1	1	1	1	1	1	1	1	1	2	1	1	1	1	1	1	1	1	2	2	2	1	1	1	2	2	1	1	2	1	1	1	1	2	1	1	2	2	1	2	2	2	2	2	1	2	1	1	1	1	2	1	1	2	2	1	1	1	1	1	1	1	1	1
6	1	1	1	1	1	2	2	2	1	1	2	1	2	1	1	2	1	2	1	1	1	2	1	2	1	1	2	1	1	1	1	1	1	1	1	1	1	1	1	1	1	1	2	1	1	1	2	2	1	2	1	1	1	2	2	1	1	2	1	1	1	1	2	1	1	2	1	1	2	2	2	2	2	1	2	1	1	1	1	2	1	1	2	1	1	1	1	1	1	1	1	1	1
6	1	1	1	1	1	2	1	2	2	1	2	1	2	1	1	2	1	2	1	1	1	2	1	2	1	1	2	1	1	1	2	1	1	1	1	1	1	1	1	1	2	2	1	1	1	1	1	2	1	2	1	1	1	1	2	1	1	2	1	1	1	1	2	1	1	2	2	1	2	2	2	2	2	1	2	1	1	1	1	2	1	1	2	1	1	1	1	1	1	1	1	1	1
7	1	1	1	1	1	2	1	2	1	1	2	1	2	1	1	2	1	2	2	1	1	2	1	2	1	1	1	1	2	1	1	1	1	1	1	1	1	1	2	1	1	1	1	1	1	1	1	2	2	2	1	1	2	1	2	1	1	2	1	1	1	1	2	1	1	2	2	1	2	2	2	2	2	1	2	1	1	1	1	2	1	1	2	1	1	1	1	1	1	1	1	2	1
7	1	1	1	1	1	2	1	2	2	1	2	1	2	1	1	2	1	2	1	1	1	1	1	2	1	1	1	1	1	1	1	1	1	1	1	1	1	1	2	1	2	1	1	1	1	1	1	1	1	2	1	1	1	2	2	1	1	2	1	1	1	1	2	1	1	2	2	1	2	2	2	2	2	1	2	2	1	1	1	2	1	1	2	1	1	1	1	1	1	1	1	1	1
7	1	1	1	1	1	2	1	2	1	1	2	1	2	1	1	2	2	2	1	1	1	1	1	2	1	1	2	1	1	1	2	1	1	1	1	1	1	1	2	1	2	1	1	1	1	1	1	1	2	2	1	1	1	1	2	1	1	2	1	1	1	1	2	1	1	2	2	1	2	2	2	2	2	1	2	1	1	1	1	2	1	1	2	1	1	1	1	1	1	1	1	1	1
8	1	1	1	1	1	2	1	2	2	1	2	1	2	1	1	2	1	2	1	1	1	2	1	2	1	1	2	1	2	1	2	1	1	1	1	1	1	1	2	1	2	1	1	1	1	1	1	2	1	2	1	1	1	1	2	1	1	2	1	1	1	1	2	1	1	2	2	1	2	2	2	2	2	1	2	1	1	1	1	2	1	1	2	1	1	1	1	1	1	2	1	2	1
8	1	1	1	1	1	2	1	2	2	1	2	1	2	1	1	2	1	2	1	1	1	2	1	2	1	1	2	1	2	1	2	1	1	1	1	1	1	1	2	1	2	1	1	1	1	1	1	2	1	2	1	1	1	1	2	1	1	2	1	1	1	1	2	1	1	2	2	1	2	2	2	2	2	1	2	1	1	1	1	2	1	1	2	2	1	1	1	1	1	2	1	2	1
8	1	1	1	1	1	2	1	2	2	1	2	1	2	1	1	2	2	2	1	1	1	2	1	2	1	1	2	1	1	1	2	1	1	1	1	1	1	1	2	1	1	2	2	1	1	1	1	1	2	2	1	1	1	1	2	1	1	2	1	1	1	1	2	1	1	2	2	1	2	2	2	2	2	1	2	1	1	1	1	2	1	2	2	2	1	1	1	1	1	2	1	2	1
9	1	1	1	1	1	2	1	2	1	1	2	1	2	1	1	2	2	2	1	2	1	2	1	2	1	1	1	1	1	1	2	2	1	1	1	1	1	1	2	1	1	1	1	1	1	1	1	2	2	2	1	1	1	1	2	1	1	2	1	1	1	1	2	1	1	2	2	1	2	2	2	2	2	1	2	1	1	1	1	2	2	1	2	1	1	1	1	1	1	2	1	1	1
9	1	1	1	1	1	2	1	2	1	1	2	1	2	1	2	2	2	2	1	1	1	2	1	2	1	1	1	1	1	1	2	1	1	1	1	1	1	1	1	1	1	1	1	1	1	1	1	2	2	2	1	1	1	2	2	1	1	2	1	1	1	1	2	1	1	2	2	1	2	2	2	2	2	1	2	1	1	1	1	2	2	1	2	1	1	1	1	1	1	2	1	1	1
9	1	1	1	1	1	2	1	2	1	1	2	1	2	1	1	2	2	2	1	1	1	2	1	2	1	1	1	1	1	1	1	2	1	1	1	1	1	1	1	1	1	1	1	1	1	1	1	2	2	2	1	1	1	1	2	1	1	2	1	1	1	1	2	1	1	2	2	1	2	2	2	2	2	1	2	1	1	1	1	2	2	1	2	1	1	1	1	1	1	1	1	1	1
10	1	1	1	1	1	2	1	2	1	1	2	1	2	1	1	2	2	2	1	2	2	2	1	2	1	1	1	1	1	1	2	1	1	1	1	1	1	1	2	1	2	1	1	1	1	1	1	2	2	2	1	1	2	1	2	1	1	2	1	1	1	1	2	1	1	2	2	1	2	2	1	2	2	1	2	1	1	2	1	2	2	1	2	1	1	1	1	1	1	1	1	1	1
10	1	1	1	1	1	2	1	2	2	1	2	1	2	1	1	2	2	2	1	1	1	2	1	2	1	1	1	1	1	1	1	1	1	1	1	1	1	1	1	1	1	1	1	1	1	1	1	2	2	1	1	1	1	1	2	1	1	2	1	1	1	1	2	1	1	2	2	1	2	2	1	2	2	2	2	1	1	1	1	2	2	1	2	2	1	1	1	1	1	1	1	1	1
10	1	1	1	1	1	2	1	2	1	1	2	1	2	1	1	2	2	2	1	1	1	2	1	1	1	1	2	1	1	1	1	2	1	1	1	1	1	1	1	1	2	1	2	1	1	1	1	2	2	2	1	1	1	1	2	1	1	2	1	1	1	1	2	1	1	2	2	1	2	2	2	2	2	1	2	1	1	1	1	2	2	1	2	2	2	1	1	1	1	1	1	1	1
11	1	1	1	1	1	2	1	2	2	1	2	1	2	1	1	2	1	2	1	1	1	2	1	2	1	1	1	1	1	1	1	1	1	1	2	1	1	1	1	1	1	1	1	1	1	1	1	2	2	2	1	1	1	1	1	1	1	2	1	1	1	1	2	1	1	2	2	1	2	2	2	2	2	1	2	2	1	1	1	2	2	1	2	2	1	1	1	1	1	1	1	1	1
11	1	1	1	1	1	2	1	2	2	1	2	1	2	1	1	2	1	2	1	2	1	2	1	2	1	1	1	1	1	1	2	1	1	1	2	1	1	1	1	1	2	1	1	1	1	1	1	2	2	2	1	1	1	1	1	1	1	2	1	1	1	1	2	1	1	2	2	1	2	2	2	2	2	1	2	1	1	1	1	2	1	1	2	1	2	1	1	1	1	1	1	1	1
11	1	1	1	1	1	2	1	2	2	1	2	1	2	1	1	2	2	2	1	1	1	2	1	2	1	1	1	1	1	1	2	1	1	1	2	1	1	1	1	1	1	1	1	1	1	1	1	2	2	2	1	1	1	1	1	1	1	2	1	1	1	1	2	1	1	2	2	1	2	2	2	2	2	1	2	1	1	1	1	2	2	1	2	2	1	1	1	1	1	1	1	1	1
12	1	1	1	1	1	2	1	2	1	1	2	1	2	1	1	2	2	2	1	1	1	2	1	2	1	1	2	1	2	1	1	2	1	1	1	1	1	1	2	1	1	2	1	1	1	1	1	2	1	2	1	1	1	1	2	1	1	2	1	1	1	1	2	1	1	2	2	1	2	2	2	2	2	1	2	1	1	2	1	2	1	1	2	1	1	1	1	1	2	1	1	1	1
12	1	1	1	1	1	2	1	2	1	1	2	1	2	1	2	2	2	2	1	1	1	1	1	2	1	1	2	1	1	1	1	2	1	1	1	1	1	1	1	2	2	1	2	1	1	1	1	2	1	2	1	2	1	1	2	1	1	2	1	1	1	1	2	1	1	2	2	1	2	2	2	2	2	1	2	1	1	1	1	2	1	1	2	1	2	1	1	1	1	1	1	1	1
12	1	1	1	1	1	2	1	2	1	1	2	1	2	1	1	2	1	2	1	1	1	2	1	2	1	1	2	1	1	1	2	1	1	1	1	1	1	1	2	1	2	2	2	1	1	1	1	2	1	2	1	1	2	1	2	1	1	2	1	1	1	1	2	1	1	2	2	1	2	2	2	2	2	1	2	1	1	1	1	2	1	1	2	1	2	1	1	1	1	1	1	1	1
13	1	1	1	1	1	2	1	2	2	1	2	1	2	1	1	2	1	1	1	1	1	2	1	2	1	1	2	2	1	1	1	1	1	1	1	1	1	1	2	2	2	1	1	1	1	1	1	2	1	2	1	1	1	1	2	1	1	2	1	1	1	1	2	1	1	2	2	1	2	2	2	2	2	1	2	1	1	1	1	2	1	1	2	2	1	1	1	1	1	1	1	2	1
13	1	1	1	1	1	2	1	2	2	1	2	1	2	1	1	2	1	2	1	1	1	1	1	2	1	1	1	1	2	1	1	1	1	1	1	1	1	1	2	1	2	1	1	1	1	1	1	2	1	2	1	1	2	1	2	1	2	2	1	1	1	1	2	1	1	2	2	1	2	2	2	2	2	1	2	1	1	1	1	2	1	1	2	2	1	1	1	1	1	2	1	2	1
13	1	1	1	1	1	2	1	2	1	1	2	1	2	1	1	2	2	2	1	1	1	2	1	2	1	1	1	1	1	1	2	1	1	1	1	1	1	1	2	1	1	2	1	1	1	1	1	2	2	2	1	2	1	1	2	1	1	2	1	1	1	1	2	1	1	2	2	1	2	2	2	2	2	1	2	1	1	1	1	2	1	1	2	1	1	1	1	1	1	2	1	1	1
14	1	1	1	1	1	2	1	2	2	1	2	1	2	1	1	2	2	2	1	1	1	2	1	2	2	1	1	1	1	1	1	1	1	1	2	1	1	1	2	1	1	1	2	1	1	1	1	2	2	2	1	1	1	1	2	1	1	2	1	1	1	1	2	1	1	2	2	1	2	2	1	2	2	1	2	1	1	1	1	2	2	1	2	2	1	2	1	1	1	1	1	1	1
14	1	1	1	1	1	2	1	2	2	1	2	1	2	1	2	2	2	2	1	1	2	1	1	2	1	1	1	1	1	1	1	1	1	1	1	1	1	1	1	1	1	1	1	1	1	1	1	2	2	2	1	1	1	1	1	1	1	2	1	2	1	1	2	1	1	2	2	1	2	2	2	2	2	1	2	2	1	1	1	2	2	1	2	2	1	1	1	1	1	1	1	1	1
14	1	1	1	1	1	2	1	2	1	1	1	1	2	1	1	1	2	2	1	1	1	1	1	1	2	1	1	1	1	1	1	1	1	1	2	1	1	1	1	1	1	1	1	2	1	1	1	2	2	2	1	1	1	2	2	1	1	2	1	2	1	1	2	1	1	2	2	1	2	2	2	2	2	1	1	1	1	1	1	2	2	1	2	2	1	1	1	1	1	2	1	1	1
15	1	1	1	1	1	2	1	2	2	1	2	1	2	1	1	2	2	2	1	1	1	2	1	2	1	1	1	1	1	1	1	1	1	1	2	1	1	1	2	1	1	1	1	1	1	1	1	2	2	2	1	1	1	1	1	1	1	2	1	1	1	1	2	1	1	2	2	1	2	2	2	2	1	1	2	1	1	1	1	2	2	1	2	2	1	1	1	1	1	1	1	1	1
15	1	1	1	1	1	2	1	2	1	1	2	1	2	1	1	2	2	2	1	2	1	2	1	1	1	1	2	1	1	1	2	1	2	1	1	1	1	1	1	1	2	1	1	1	1	1	1	2	2	2	1	1	1	2	2	1	1	2	1	2	1	1	2	1	1	2	2	1	2	2	2	2	2	1	2	1	1	1	1	2	2	1	2	2	1	1	1	1	1	1	1	1	1
15	1	1	1	1	1	2	1	2	2	1	2	1	1	1	1	2	2	2	1	1	1	2	1	2	1	1	1	1	1	1	1	1	1	1	2	1	1	1	1	1	1	1	1	1	1	1	1	2	2	2	1	1	1	1	2	1	1	2	1	2	1	1	2	1	1	2	2	1	2	2	1	2	2	1	2	1	1	1	1	2	2	1	2	1	1	1	1	1	1	2	1	1	1
16	1	1	1	1	1	2	1	2	2	1	2	1	2	1	1	2	2	2	1	1	1	2	1	2	1	1	1	1	2	1	1	2	1	1	1	1	1	1	1	1	1	1	1	1	1	1	1	2	2	2	1	1	1	1	2	1	1	2	2	1	1	1	2	1	1	2	2	1	2	2	2	2	2	1	2	1	1	2	1	2	2	1	2	1	1	1	1	1	1	1	1	1	1
16	1	1	1	1	1	2	1	2	2	1	2	1	2	1	2	2	2	2	1	1	1	2	1	2	1	1	1	1	1	1	1	2	1	1	1	1	1	1	1	1	1	1	1	1	1	1	1	2	2	2	1	1	1	2	1	1	1	2	1	1	1	1	2	1	1	2	2	1	2	2	2	2	2	1	2	1	2	1	1	2	1	1	1	2	1	1	1	1	1	1	1	1	1
16	1	1	1	1	1	2	1	2	1	1	2	1	2	1	1	2	2	2	1	1	1	2	1	2	1	1	1	1	2	1	2	1	1	1	2	1	1	1	2	1	2	1	1	1	1	1	2	2	2	2	1	1	1	1	2	1	1	2	1	1	1	1	2	1	1	2	2	2	2	2	2	2	2	1	2	1	2	1	1	2	2	1	2	1	1	1	1	1	1	1	1	1	1
17	1	1	1	1	1	1	1	1	1	1	1	1	1	1	1	1	1	1	1	1	1	1	1	1	1	1	1	1	1	1	1	1	1	1	1	1	1	1	1	1	1	1	1	1	1	1	1	2	1	2	1	1	1	2	2	1	1	2	2	1	1	1	2	1	1	2	2	1	2	2	2	2	2	1	2	1	1	2	1	2	1	1	2	1	1	1	1	1	1	2	1	1	1
17	1	1	1	1	1	1	1	1	1	1	1	1	1	1	1	1	1	1	1	1	1	1	1	1	1	1	1	1	1	1	1	1	1	1	1	1	1	1	1	1	1	1	1	1	1	1	1	2	1	2	1	1	2	2	1	1	1	2	1	1	1	1	2	1	1	2	2	1	2	2	2	2	2	1	2	1	1	1	1	2	1	1	2	1	1	1	1	1	1	2	1	1	1
17	1	1	1	1	1	2	1	2	2	2	2	1	2	1	1	2	1	2	1	1	1	2	1	2	1	1	1	1	1	1	2	1	1	1	2	1	1	1	1	1	2	1	1	1	1	1	1	2	1	2	1	1	1	2	2	1	1	2	2	1	1	1	2	1	1	2	2	1	2	2	1	2	2	1	2	1	1	1	1	2	1	1	2	1	1	1	1	1	1	1	1	1	1
18	1	1	1	1	1	2	1	2	1	1	2	1	2	2	2	2	2	2	1	1	1	2	1	1	2	1	1	1	1	1	2	1	1	1	1	1	1	1	2	1	1	1	1	1	1	1	1	2	2	2	1	2	1	2	1	1	2	2	1	1	1	1	1	1	1	2	2	1	2	2	2	2	2	2	2	1	1	1	2	2	2	1	2	2	1	1	1	1	1	1	1	1	1
18	1	1	1	1	1	2	1	2	2	1	2	1	2	1	1	1	2	2	1	1	1	1	1	1	2	1	1	1	1	1	2	1	1	1	1	1	1	1	2	1	2	1	1	1	1	1	1	2	2	2	1	2	1	2	1	1	1	2	1	1	1	1	1	1	1	2	2	1	2	2	2	2	2	2	2	1	1	1	2	2	2	1	2	2	1	1	1	1	1	1	1	1	1
18	1	1	1	1	1	2	1	2	2	1	2	1	2	1	1	1	2	2	1	1	1	2	1	1	1	1	1	1	2	1	2	1	1	1	1	1	1	1	1	1	2	1	1	2	1	1	1	1	1	1	1	1	1	1	1	1	1	1	1	1	1	1	1	1	1	2	2	1	2	2	2	2	2	1	2	1	1	1	2	2	2	1	2	2	1	1	1	1	1	1	1	1	1
19	1	1	1	1	1	2	1	2	1	1	2	1	2	2	1	1	2	2	1	1	1	1	1	1	2	1	1	1	1	1	2	1	1	1	1	1	1	1	1	1	1	1	1	1	1	1	1	2	2	2	1	1	1	1	1	2	1	2	1	1	1	1	2	1	1	2	2	1	2	2	1	2	2	1	2	1	1	1	1	2	2	1	2	2	1	2	1	1	1	1	1	1	1
19	1	1	1	1	1	2	1	2	2	1	2	1	2	2	1	1	2	2	1	1	1	1	1	1	2	1	1	1	1	1	1	1	1	1	1	1	1	1	1	1	1	1	1	1	1	1	1	2	2	2	1	1	1	1	2	2	1	2	1	1	1	1	2	1	1	2	2	1	2	2	1	2	2	1	2	1	1	1	1	2	2	1	2	2	2	1	1	1	1	2	1	1	1
19	1	1	1	1	1	2	1	2	1	1	2	1	2	1	1	2	2	2	1	1	1	1	1	1	1	1	1	1	1	1	1	1	1	1	1	1	1	1	1	1	1	1	1	1	1	1	1	2	2	2	1	1	1	1	2	1	1	2	1	1	1	1	1	1	1	2	2	2	2	2	2	2	2	1	2	1	1	1	1	2	2	1	2	1	1	2	1	1	1	2	1	1	1
20	1	1	1	1	1	2	1	2	1	1	2	1	2	1	1	1	2	2	1	1	1	2	1	1	1	1	1	1	1	1	1	1	1	2	1	1	1	1	1	1	1	1	1	1	1	1	1	2	2	2	1	1	1	1	1	1	1	2	1	2	1	1	2	1	1	2	2	1	2	2	2	2	2	1	2	2	1	1	1	2	2	1	2	1	2	1	1	1	1	1	1	1	1
20	1	1	1	1	1	2	1	2	1	1	2	1	2	1	2	2	2	2	1	1	1	1	1	1	1	1	1	1	1	1	2	1	1	1	1	1	1	1	1	1	1	1	1	1	1	1	1	2	2	2	1	1	1	2	1	1	1	2	1	1	1	1	2	1	1	2	2	1	2	2	2	2	2	1	2	1	1	1	1	2	2	1	2	1	2	2	1	1	1	1	1	1	1
20	1	1	1	1	2	2	1	2	1	1	2	1	2	1	2	2	2	2	1	1	1	1	1	1	1	1	1	2	1	1	1	1	1	1	1	1	1	1	1	1	1	1	1	1	1	1	1	2	2	2	1	1	1	1	1	2	1	2	1	1	1	1	2	1	1	2	1	1	2	2	2	2	2	2	2	2	1	1	1	2	2	1	2	2	1	1	1	1	1	1	1	1	1
21	1	1	1	1	1	2	1	2	2	1	2	1	2	1	2	1	2	2	1	1	1	2	1	2	1	1	1	1	2	1	2	1	1	1	1	1	1	1	2	1	1	1	1	1	1	1	1	2	1	2	1	1	1	1	2	1	1	2	1	1	1	1	2	1	1	2	2	1	2	2	2	2	2	1	2	1	1	1	1	2	2	1	2	2	1	1	1	1	1	1	1	1	1
21	1	1	1	1	1	2	1	2	2	1	2	1	2	1	1	2	2	2	1	2	1	2	1	2	1	1	1	1	2	1	2	1	1	1	1	1	1	1	2	1	2	1	1	1	1	1	1	2	2	2	1	1	1	1	1	1	1	2	1	1	1	1	2	1	1	2	2	1	2	2	2	2	2	1	2	1	1	1	1	2	2	1	2	2	1	1	1	1	1	1	1	1	1
21	1	1	1	1	1	2	1	2	2	1	2	1	2	1	2	2	2	1	1	1	1	2	1	2	1	1	1	1	2	1	2	2	1	1	1	2	1	1	2	1	1	1	1	1	1	1	1	2	2	2	1	1	1	1	2	1	1	2	1	1	1	1	2	1	1	2	2	1	2	2	2	2	2	1	2	1	1	1	1	2	2	1	2	2	1	1	1	1	1	1	1	1	1
22	1	1	1	1	1	2	1	2	1	1	2	1	2	1	2	2	2	2	1	1	2	2	1	2	1	1	1	1	1	1	1	1	1	1	1	1	1	1	1	1	1	1	1	1	1	1	1	2	2	2	1	1	1	2	2	1	1	2	1	1	1	1	2	1	1	2	2	1	2	2	2	2	2	1	2	1	2	1	1	2	2	1	1	2	1	1	1	1	1	1	1	1	1
22	1	1	1	1	1	2	1	2	2	1	2	1	2	1	2	2	2	2	1	1	1	2	1	2	1	1	1	1	2	1	2	1	1	1	1	1	1	1	1	1	1	1	1	1	1	1	2	2	2	2	1	1	1	1	2	1	1	2	1	1	1	1	2	1	1	2	2	1	2	2	2	2	2	1	2	2	2	1	1	2	2	1	1	1	1	1	1	1	1	1	1	1	1
22	1	1	1	1	1	2	1	2	1	1	2	1	2	1	1	2	2	2	1	1	1	2	1	2	1	1	1	1	2	1	1	2	1	1	1	1	1	1	1	1	1	1	1	1	1	1	1	2	2	2	1	1	1	1	1	1	1	2	1	1	1	1	2	1	1	2	2	1	2	2	1	2	2	1	2	2	1	1	1	1	2	1	1	2	1	1	1	1	1	1	1	1	1
23	1	1	1	1	1	2	1	2	1	1	2	1	2	1	2	2	2	2	1	1	1	2	1	2	1	1	2	1	1	1	1	2	1	1	1	1	1	1	2	1	1	1	2	1	1	1	1	2	2	2	1	1	1	1	1	1	1	2	1	1	1	1	2	1	1	2	2	1	2	2	2	2	2	1	2	1	1	1	1	2	2	1	2	2	1	1	1	1	1	1	1	1	1
23	1	1	1	1	1	2	2	2	1	1	2	1	2	1	1	2	1	2	1	1	1	2	1	1	1	1	2	1	1	1	1	1	1	1	2	1	1	1	1	1	1	1	2	1	1	1	1	2	2	2	1	1	1	1	2	1	1	2	1	1	1	1	2	1	1	2	2	1	2	2	2	2	2	1	2	1	1	2	1	2	1	1	2	1	1	1	1	1	2	1	1	1	1
23	1	1	1	1	1	2	1	2	2	1	2	1	2	1	2	2	2	2	1	1	1	2	1	1	1	1	2	1	1	1	1	1	1	1	1	1	1	1	2	1	1	1	1	1	1	1	1	2	2	2	1	1	1	1	1	1	1	2	1	1	1	1	2	1	1	2	2	1	2	2	2	2	2	1	2	1	1	1	1	2	1	1	2	1	1	1	1	1	1	1	1	1	1
24	1	1	1	1	1	2	1	2	1	1	2	1	2	2	1	2	2	2	1	1	1	2	1	1	1	1	1	1	1	1	2	2	1	1	1	1	1	1	2	1	1	1	1	2	1	1	1	2	2	2	1	1	1	1	1	1	1	2	1	1	1	1	2	1	1	2	2	1	2	2	2	2	2	1	2	1	1	1	1	2	2	1	2	2	2	1	1	1	1	1	1	1	1
24	1	1	1	1	1	2	1	2	1	1	2	1	2	1	1	1	2	2	1	1	1	1	1	1	1	1	1	1	1	2	1	1	1	1	1	1	1	1	1	1	1	1	1	1	1	1	1	2	2	2	1	1	1	2	1	1	1	2	1	1	1	1	2	1	1	2	2	1	2	2	2	2	2	1	2	1	1	1	1	2	2	1	2	2	1	1	1	1	1	2	1	1	1
24	1	1	1	1	1	2	1	2	1	1	2	1	2	2	1	1	2	2	1	2	1	2	1	1	1	1	1	1	2	1	1	1	1	1	1	1	1	1	2	1	2	1	1	1	1	1	1	2	2	2	1	1	1	2	1	1	1	2	1	1	1	1	2	1	1	2	2	1	2	2	1	2	2	1	2	1	1	1	1	2	2	1	2	2	2	2	1	1	1	2	1	1	1
25	1	1	1	1	1	2	1	2	2	1	2	1	2	2	1	1	2	2	1	1	1	1	1	1	1	1	1	1	1	1	1	1	1	1	2	1	1	1	1	1	1	1	1	2	1	1	1	2	2	2	1	1	1	2	2	2	1	2	1	1	1	1	2	1	1	2	2	1	2	2	1	2	2	1	2	1	1	1	1	2	2	1	2	1	2	1	1	1	1	1	1	1	1
25	1	1	1	1	1	2	1	2	1	1	2	1	2	1	1	1	2	2	1	2	1	2	1	1	1	1	1	1	1	1	2	1	1	1	1	1	1	1	1	1	1	1	2	1	1	1	1	2	2	2	1	1	2	1	1	2	1	2	1	1	1	1	2	1	1	2	2	1	2	2	1	2	2	1	2	1	1	1	1	2	2	1	2	1	2	2	1	1	1	1	1	1	1
25	1	1	1	1	1	2	1	2	1	1	2	1	2	1	1	1	2	2	1	1	1	1	1	1	1	1	1	1	1	1	2	1	1	1	1	1	1	1	1	1	1	1	2	2	1	1	1	2	2	2	1	1	1	1	1	2	1	2	1	1	1	1	2	1	1	2	2	1	2	2	2	2	2	1	1	1	1	1	1	2	2	1	2	1	1	2	1	1	1	2	1	1	1
26	1	1	1	1	1	2	1	2	1	1	2	1	2	1	1	2	2	2	1	1	1	1	1	2	2	1	1	1	1	1	1	1	1	2	2	1	1	1	1	1	1	1	1	1	1	1	1	2	2	2	1	1	1	1	1	1	1	2	1	2	1	1	2	1	1	2	2	1	2	2	2	2	2	1	2	1	1	1	1	2	2	1	2	2	2	1	1	1	1	2	1	1	1
26	1	1	1	1	1	2	1	2	2	1	2	1	2	1	1	2	2	2	1	1	1	1	1	1	1	1	1	1	2	1	2	1	1	2	1	1	1	1	2	1	1	1	1	1	1	1	1	2	2	2	1	1	1	1	2	1	1	2	1	1	1	1	2	1	1	2	2	1	2	2	2	2	2	1	2	1	1	1	1	2	2	1	2	2	1	1	1	1	1	2	1	1	1
26	1	1	1	1	1	2	1	2	1	1	2	1	2	1	1	2	2	2	1	1	1	1	1	2	1	1	1	1	2	1	2	1	1	2	1	1	1	1	2	1	1	1	1	1	1	1	1	2	2	2	1	1	1	1	1	1	1	2	1	2	1	1	2	1	1	2	2	1	2	2	2	1	2	1	2	1	1	1	1	2	2	1	2	2	2	1	1	1	1	1	1	1	1
27	1	1	1	1	1	2	1	2	2	1	2	1	2	1	1	2	2	2	1	2	1	2	1	1	1	1	1	1	1	1	1	1	1	1	2	1	1	1	1	1	2	1	1	1	1	1	1	2	2	2	1	1	1	1	1	1	1	2	1	1	1	1	2	1	1	2	2	1	2	2	2	2	2	1	2	1	2	1	1	2	2	2	2	1	1	1	2	1	1	1	1	1	1
27	1	1	1	1	1	2	1	2	2	1	2	1	2	1	1	2	2	2	1	2	1	2	2	2	1	1	1	1	1	1	1	1	1	1	2	1	1	1	2	1	2	1	1	1	1	1	1	2	2	2	1	1	1	1	1	1	2	2	1	2	1	1	2	1	1	2	2	1	2	2	2	2	2	1	2	1	1	1	2	2	2	1	2	2	1	1	1	1	1	1	1	1	1
28	1	1	1	1	1	2	1	2	1	1	2	1	2	1	2	2	2	2	1	1	1	2	1	2	1	1	1	1	2	1	1	1	1	1	1	1	1	1	1	1	1	1	1	1	1	1	1	2	2	2	1	1	1	2	1	1	1	2	1	2	1	1	2	1	1	2	2	1	2	2	2	1	2	1	2	1	1	1	1	2	2	1	2	1	1	1	1	1	1	1	1	1	2
28	1	1	1	1	1	2	1	2	2	1	2	1	2	1	1	2	2	2	1	1	2	2	1	2	1	1	1	1	1	1	2	1	1	1	1	1	1	1	1	1	1	1	1	1	1	1	1	2	2	2	1	1	1	1	2	1	1	2	1	2	1	1	2	1	1	2	2	1	2	2	1	2	2	1	2	1	1	1	1	1	1	2	1	1	1	1	1	1	1	1	1	1	2
28	1	1	1	1	1	2	1	2	1	1	2	1	2	1	1	2	1	2	1	1	2	2	1	2	1	1	1	1	1	1	1	1	1	1	2	1	1	1	1	1	1	1	1	1	1	1	1	2	2	2	1	1	1	1	2	1	1	2	1	1	1	1	1	1	1	2	2	1	2	2	2	2	2	1	2	1	1	2	1	2	2	1	2	1	1	1	1	1	1	1	1	1	2
29	1	1	1	1	1	2	1	2	2	1	2	1	2	1	1	2	2	2	1	2	1	2	1	2	1	1	1	1	1	1	1	1	1	1	1	2	1	1	1	1	2	1	1	1	1	1	1	2	2	2	1	1	1	1	2	1	1	2	1	1	1	1	2	1	1	2	2	1	2	2	2	2	2	1	2	1	1	1	1	2	2	1	1	1	1	1	1	1	1	2	1	1	1
29	1	1	1	1	1	2	1	2	2	1	2	1	2	1	2	2	2	2	1	2	1	1	1	2	1	1	1	1	1	1	2	2	1	1	1	1	1	1	2	1	2	1	1	1	1	1	1	2	2	2	1	1	1	1	1	1	1	2	1	1	1	1	2	1	1	2	2	1	2	2	1	2	2	1	2	1	1	1	1	2	1	1	1	1	1	1	1	1	1	1	1	1	1
29	1	1	1	1	1	2	1	2	1	1	2	1	2	1	1	2	2	2	1	1	1	2	1	2	1	1	1	1	1	1	1	2	1	2	1	1	1	1	1	1	1	1	1	1	1	1	1	2	2	2	1	1	1	1	2	1	1	2	1	1	1	1	2	1	1	2	2	1	2	2	2	2	2	1	2	1	1	1	1	2	1	1	1	1	1	1	1	1	1	1	1	1	1
30	1	1	1	1	1	2	1	2	1	1	2	1	2	2	1	1	2	2	1	1	1	1	1	1	2	1	1	1	1	1	2	1	1	1	1	1	1	1	2	1	1	1	1	2	1	1	1	2	2	2	1	1	2	1	2	1	1	2	1	2	1	1	2	1	1	2	2	1	2	2	1	2	2	1	2	1	1	1	1	2	2	1	2	1	1	1	1	1	1	1	1	1	1
30	1	1	1	1	1	2	1	2	1	1	2	1	2	1	1	1	2	2	1	1	1	2	1	2	1	1	1	1	1	1	1	2	1	1	1	1	1	1	1	1	1	1	1	1	1	1	1	2	2	2	1	1	1	2	2	1	1	2	1	1	1	1	2	1	1	2	2	1	2	2	1	2	2	1	2	2	2	1	1	2	2	1	2	1	2	1	1	1	1	1	1	1	2
30	1	1	1	1	1	2	1	2	2	1	2	1	2	1	1	2	2	2	1	2	1	2	1	1	1	1	1	1	1	1	2	2	1	1	2	1	1	1	1	1	1	1	1	2	1	1	1	2	2	2	1	1	1	2	1	1	1	2	1	1	1	1	2	1	1	2	2	1	2	2	1	2	2	1	2	1	1	1	1	2	2	1	2	2	1	1	1	1	1	2	1	1	1
31	1	1	1	1	1	2	1	2	1	1	2	1	2	1	1	1	2	2	1	1	1	2	1	1	2	1	1	1	1	2	1	1	1	1	1	1	1	1	1	1	2	1	1	1	1	1	1	2	2	2	1	1	1	2	2	2	1	2	1	1	1	1	2	1	1	2	2	1	2	2	2	2	2	1	2	1	2	1	1	2	2	1	2	2	1	1	1	1	1	2	1	1	1
31	1	1	1	1	1	2	1	2	1	1	2	1	2	2	1	1	2	2	1	1	1	1	1	1	1	1	1	1	2	1	1	1	1	1	1	1	1	1	1	1	1	1	1	2	1	1	1	2	2	2	1	1	1	1	2	1	1	2	1	1	1	1	2	1	1	2	2	1	2	2	2	2	2	1	2	1	2	1	1	2	2	1	2	2	2	1	1	1	1	2	1	1	1
31	1	1	1	1	1	2	1	2	1	1	2	1	2	2	2	1	2	2	1	1	1	1	1	1	1	1	1	1	1	1	1	1	1	1	2	1	1	1	1	1	1	1	2	1	1	1	1	2	2	2	1	1	2	2	1	2	1	2	1	1	1	1	2	1	1	2	2	1	2	2	2	2	2	1	2	1	1	1	1	2	2	1	2	2	2	1	1	1	1	1	1	1	1
32	1	1	1	1	1	2	1	2	1	1	2	1	2	1	2	2	2	2	1	1	1	1	1	2	2	1	1	1	1	1	1	1	1	1	2	1	1	1	1	1	1	1	1	2	1	1	1	2	2	2	1	1	1	1	1	2	1	2	1	1	1	1	2	1	1	2	2	1	2	2	1	2	2	1	2	1	1	1	1	2	2	1	2	2	1	2	1	1	2	1	1	1	1
32	1	1	1	1	1	2	1	2	2	1	2	1	2	1	1	1	2	2	1	1	1	1	1	2	2	1	1	1	2	1	1	1	1	1	2	1	1	1	1	1	1	1	2	2	1	1	1	2	2	2	2	1	1	1	2	2	1	2	1	1	1	1	2	1	1	2	2	1	2	2	1	2	2	1	2	2	2	1	1	2	2	1	2	2	1	2	1	1	1	1	1	1	1
32	1	1	1	1	1	2	1	2	1	1	2	1	2	1	1	2	2	2	1	2	1	1	1	2	2	1	1	1	2	1	1	1	1	1	2	1	1	1	1	1	1	1	1	2	1	1	1	2	2	2	1	1	2	1	1	2	1	2	1	1	1	1	2	1	1	2	2	1	2	2	2	2	2	1	2	2	2	1	1	2	2	1	2	2	2	2	1	1	1	1	1	1	1
33	1	1	1	1	1	2	1	2	1	1	2	1	2	1	1	2	2	2	1	1	1	1	1	2	1	1	1	1	1	1	1	1	1	1	1	1	1	2	1	1	1	1	1	1	1	1	1	2	2	2	1	1	1	2	2	1	1	2	1	1	1	1	2	1	1	2	2	1	2	2	1	2	2	1	2	2	1	1	1	2	2	1	2	2	1	1	1	1	1	1	1	1	1
33	1	1	1	1	1	2	1	2	1	1	1	1	2	1	1	2	2	2	1	1	1	2	1	2	1	1	1	1	1	1	1	1	1	1	1	1	1	1	2	1	2	1	1	1	1	1	1	2	2	2	1	1	1	1	2	1	1	2	1	1	1	1	2	1	1	2	2	1	2	2	1	2	2	1	2	1	1	1	1	2	2	1	2	1	1	1	1	1	1	1	1	1	1
33	1	1	1	1	1	2	1	2	1	1	2	1	2	1	2	2	2	2	1	1	1	2	1	1	1	1	1	1	1	1	2	1	1	1	1	1	1	1	2	1	1	1	1	1	1	1	1	2	2	2	1	1	1	1	2	1	1	2	1	1	1	1	2	1	1	2	2	1	2	2	2	2	2	1	2	1	1	1	1	2	2	1	2	2	1	1	1	1	1	1	1	1	1
34	1	1	1	1	1	2	1	1	1	1	1	1	1	1	1	1	1	1	1	1	1	1	1	1	1	1	1	1	1	1	1	1	1	1	1	1	1	1	1	1	1	1	1	1	2	2	2	2	2	2	1	1	1	1	2	1	1	2	1	1	1	1	1	2	2	2	2	1	2	2	1	2	1	1	2	1	1	1	1	2	1	1	2	1	1	1	1	1	1	1	1	1	1
34	1	2	2	1	1	1	1	1	1	1	1	1	1	1	1	1	1	1	1	1	1	1	1	1	1	1	1	1	1	1	1	1	1	1	1	1	1	1	1	1	1	1	1	1	2	2	2	2	2	2	1	1	1	1	2	1	1	2	1	1	1	1	2	2	2	2	2	1	2	2	2	2	2	1	2	1	2	1	1	2	2	1	2	2	1	1	1	1	1	1	1	1	1
35	2	1	1	1	2	2	1	2	1	1	2	1	2	2	1	2	2	2	2	1	1	2	1	2	1	1	1	1	1	1	1	1	1	1	2	2	2	1	1	1	1	1	2	1	2	1	2	2	2	2	1	1	1	2	2	1	1	2	1	2	1	1	2	2	2	2	2	1	2	2	1	2	2	1	2	1	1	1	1	2	2	1	2	1	1	1	1	1	2	1	1	1	1
35	1	1	1	1	2	2	1	2	2	1	2	1	2	1	1	2	1	2	1	2	1	2	1	1	1	1	1	1	2	1	1	1	1	2	1	2	1	1	2	1	2	1	1	1	2	2	2	2	2	2	1	1	1	1	1	1	1	2	1	1	1	1	2	2	2	2	2	1	2	2	1	2	2	1	2	1	1	1	1	2	2	1	2	1	1	1	1	1	2	1	1	1	1
35	1	1	2	1	2	2	1	2	2	1	1	1	2	1	1	2	1	2	1	1	1	2	1	2	1	1	1	1	1	1	2	1	1	1	1	1	1	1	1	1	2	1	2	1	2	2	2	2	2	2	1	1	1	1	2	1	1	2	1	1	1	1	2	2	2	2	2	1	2	2	2	2	2	1	2	1	1	2	1	2	1	1	2	1	1	1	1	1	2	1	1	1	1
36	2	1	2	1	2	2	1	2	1	1	2	1	2	1	1	2	2	2	1	2	2	2	1	2	1	1	1	1	1	1	1	2	1	1	1	1	1	1	1	1	2	1	1	1	2	2	2	2	2	2	1	1	1	1	2	1	1	2	1	1	1	1	2	2	2	2	2	1	2	2	2	2	2	1	2	1	2	1	1	2	1	1	1	1	1	1	1	1	2	1	1	1	1
36	1	1	1	1	2	2	1	2	1	1	2	1	2	1	1	2	2	2	1	1	2	2	1	1	1	1	1	1	1	1	2	1	1	1	1	1	1	1	1	1	2	1	1	1	2	2	2	2	2	2	1	1	1	1	2	1	1	2	1	1	1	1	2	2	2	2	2	1	2	2	2	2	2	1	2	1	1	1	1	2	2	1	2	1	1	1	1	1	1	1	1	1	1
36	1	1	1	1	2	2	1	2	1	1	2	1	2	1	2	2	2	2	1	1	1	2	1	2	1	1	1	1	1	1	2	1	1	1	1	1	1	1	2	1	2	1	1	1	2	2	2	2	2	1	1	1	1	1	1	1	1	2	1	1	1	1	2	2	2	1	2	1	2	2	2	2	2	1	2	1	1	1	1	2	2	1	1	2	1	1	1	1	1	1	1	1	1
37	2	1	2	1	2	2	1	2	1	1	2	1	2	1	2	1	2	2	1	1	1	2	1	1	1	1	1	1	2	2	1	1	2	1	1	1	1	1	2	1	1	1	1	2	2	2	2	2	2	2	1	1	1	1	2	2	1	2	1	1	1	1	2	2	2	2	2	1	2	2	2	2	2	1	2	1	1	1	1	2	2	1	2	2	1	1	1	2	1	1	1	1	1
37	2	1	2	1	2	2	1	2	1	1	2	1	2	1	2	1	2	2	1	1	1	2	1	1	1	1	1	1	2	2	1	1	2	1	1	1	1	1	2	1	1	1	1	2	2	2	2	2	2	2	1	1	1	1	2	2	1	2	1	1	1	1	2	2	2	2	2	1	2	2	2	2	2	1	2	1	1	1	1	2	2	1	2	2	1	1	1	2	1	1	1	1	1
37	2	1	1	1	2	2	1	2	1	1	2	1	2	1	2	1	2	2	1	2	1	2	1	1	1	1	1	1	1	1	2	1	1	1	1	1	1	1	2	1	1	1	1	1	2	2	2	2	2	2	1	1	1	1	2	1	1	2	1	2	1	1	2	2	2	2	2	1	2	2	2	2	2	1	2	1	1	1	1	2	2	1	2	2	2	1	1	2	1	1	1	1	1
38	2	1	2	1	2	2	1	2	2	1	2	1	2	2	1	2	2	2	1	2	1	2	1	1	1	1	1	1	2	1	2	1	1	1	1	1	1	1	1	1	1	1	2	2	2	2	2	2	2	2	1	1	1	2	1	1	1	2	1	1	1	1	2	2	2	2	2	1	2	2	1	2	2	1	2	1	1	1	1	2	2	1	2	2	2	1	1	1	1	2	1	1	1
38	2	1	1	1	2	2	1	2	2	1	2	1	2	1	2	1	2	2	1	2	1	2	1	1	1	1	1	1	1	1	2	1	1	1	1	1	1	1	1	1	1	1	2	2	2	2	2	2	2	2	1	1	1	1	1	1	1	2	1	1	1	1	1	2	2	2	2	1	2	2	1	2	2	1	2	1	1	1	1	2	2	1	2	2	1	1	1	1	1	1	1	1	1
38	2	1	1	1	2	2	1	2	1	1	2	1	2	1	1	2	2	2	1	1	1	2	1	1	1	1	1	1	1	1	1	1	1	1	1	1	1	1	2	1	2	1	1	1	2	2	2	2	2	2	1	1	1	1	1	2	1	2	1	1	1	1	2	2	2	2	2	1	2	2	2	2	2	1	2	1	1	1	1	2	2	1	2	2	2	1	1	1	1	1	1	1	1
39	2	1	2	1	2	2	1	2	1	1	2	1	2	1	2	2	1	2	1	1	1	2	1	1	1	1	1	1	1	1	2	2	1	1	1	1	1	1	1	1	1	1	1	1	2	2	2	2	2	2	1	1	1	1	1	1	1	2	1	1	1	1	2	2	2	2	2	1	2	2	2	2	2	1	2	1	1	1	1	2	2	1	2	2	1	1	1	1	1	2	2	1	2
39	2	1	1	1	2	2	1	2	1	1	1	1	2	1	1	1	2	2	1	1	1	2	1	2	1	1	1	1	2	1	2	1	2	1	1	1	1	1	1	1	2	1	1	1	2	2	2	2	2	2	2	1	1	2	2	1	1	2	1	1	1	1	2	2	2	2	2	1	2	2	1	2	2	2	2	1	1	1	1	2	2	1	2	2	1	1	1	1	1	1	2	1	2
39	2	1	2	1	2	2	1	2	2	1	2	1	2	1	2	2	2	2	1	1	1	2	1	1	1	1	1	1	1	1	1	1	1	1	1	1	1	1	1	1	2	1	1	1	2	2	2	2	2	2	1	1	1	2	2	1	1	2	1	1	1	1	2	2	2	1	2	1	2	2	1	2	2	2	2	1	1	2	1	2	2	1	2	2	1	1	1	1	2	2	1	1	2
40	1	2	2	1	2	2	1	2	1	1	1	2	2	1	1	1	2	2	1	1	1	2	1	2	1	2	1	1	1	2	1	1	1	2	1	1	1	1	2	1	2	1	1	1	2	2	2	2	1	1	1	1	1	1	1	1	2	2	1	1	1	2	1	2	2	2	2	1	2	1	2	2	1	2	2	1	1	1	2	1	1	1	2	2	1	1	1	1	1	1	1	2	1
40	1	2	2	1	2	2	1	2	2	1	1	2	2	1	1	1	2	2	2	1	1	2	1	2	1	2	1	1	1	2	1	1	1	1	1	1	1	1	2	1	2	1	1	1	2	2	2	2	1	1	1	2	1	2	2	1	2	2	1	1	1	1	2	1	1	1	1	1	1	1	1	1	1	1	1	1	1	1	1	1	1	1	1	1	1	1	1	1	1	1	1	1	1
40	1	2	2	2	2	2	1	2	1	1	1	2	2	1	1	1	2	2	2	1	1	1	1	1	1	1	1	1	2	2	1	2	1	2	1	1	1	1	2	1	2	1	1	1	2	2	2	2	1	1	1	2	2	2	1	1	2	2	1	1	1	2	1	2	2	2	2	1	2	2	2	2	1	1	2	2	2	1	2	1	1	1	2	1	1	1	1	1	1	1	1	2	1
41	2	1	2	1	2	2	1	2	2	1	2	1	2	1	1	2	2	2	1	1	1	1	1	1	1	2	1	1	1	1	1	1	1	1	1	1	1	1	2	1	1	1	1	2	2	2	2	2	2	2	1	1	1	1	2	1	1	2	1	1	1	1	2	2	2	2	2	1	2	2	2	2	2	2	2	1	1	1	1	2	2	1	2	1	2	1	1	1	1	2	1	1	1
41	2	1	2	1	2	2	1	2	2	1	2	1	2	1	2	2	2	2	1	1	1	1	1	1	1	1	1	1	1	1	1	1	1	1	1	1	1	1	1	1	1	1	1	1	2	2	2	2	2	2	1	1	1	1	2	1	1	2	1	1	1	1	2	2	2	2	2	1	2	2	2	2	2	1	2	1	1	1	1	2	2	1	2	2	1	1	1	1	1	2	1	1	1
41	2	1	2	1	2	2	1	2	2	1	2	1	2	1	1	2	2	2	1	1	1	2	1	1	1	1	1	1	1	1	1	1	1	1	1	1	1	1	1	1	1	1	1	1	2	2	2	2	2	2	1	1	1	1	2	1	1	2	1	1	1	1	2	2	2	2	2	1	2	2	2	2	2	1	2	1	1	1	1	2	2	1	2	2	2	1	1	1	1	1	1	1	1
42	2	1	2	1	2	2	1	2	1	1	2	1	2	2	1	1	2	2	1	2	1	1	1	1	1	1	1	1	1	1	2	1	1	1	1	1	1	1	2	1	2	1	1	1	2	2	2	2	2	2	1	1	1	1	1	1	1	2	1	1	1	1	2	2	2	2	2	1	2	2	1	2	2	1	2	1	1	2	1	2	2	1	2	2	1	1	1	2	1	2	1	1	1
42	2	1	2	1	2	2	1	2	1	1	2	1	2	2	1	2	2	2	1	1	1	2	1	1	1	1	1	1	2	1	1	1	1	1	2	1	1	1	1	1	1	1	1	1	2	2	2	2	2	2	1	1	1	1	1	1	1	2	1	1	2	1	2	2	2	2	2	1	2	2	2	2	2	1	2	1	1	2	1	2	2	1	2	1	1	1	1	2	1	1	1	1	1
42	1	1	2	1	2	2	1	2	2	1	2	1	2	2	1	1	2	2	1	1	1	2	1	1	1	1	1	1	1	1	2	1	1	1	2	1	1	1	2	1	1	1	2	1	2	2	2	2	2	2	1	2	1	1	1	1	1	2	1	2	1	1	2	2	2	2	2	1	2	2	1	2	2	1	2	1	1	2	1	2	2	1	2	1	2	1	1	2	1	2	1	1	1
43	1	2	2	2	2	2	1	2	2	1	1	2	2	1	2	1	2	2	2	1	1	1	2	1	1	2	1	1	1	1	1	1	2	1	1	1	1	1	2	1	1	1	1	1	2	2	2	2	1	1	1	1	2	1	1	1	1	2	1	1	1	1	1	2	2	2	2	1	1	1	2	2	1	2	2	2	1	1	2	1	1	1	2	2	1	1	1	1	1	1	1	1	1
43	1	2	2	1	2	2	1	2	2	1	1	2	2	1	2	1	2	2	2	1	1	2	2	1	1	1	1	1	1	1	1	1	2	1	1	1	1	1	2	1	2	1	1	1	2	2	2	2	2	2	1	1	2	1	1	1	1	2	1	1	1	1	2	2	2	2	2	1	2	2	1	2	2	2	2	2	1	1	2	2	2	1	2	2	1	1	1	1	1	2	1	1	1
43	2	1	2	1	2	2	1	2	1	1	2	1	2	1	1	1	2	2	1	1	1	1	2	2	1	1	1	1	1	1	1	1	2	1	1	1	1	1	2	1	1	1	1	1	2	2	2	2	2	2	1	1	1	2	1	1	1	2	1	1	1	1	2	2	2	2	2	1	2	2	1	2	2	2	2	1	1	1	1	2	2	1	2	1	1	1	1	1	1	2	1	1	1
44	2	1	2	1	2	2	1	2	1	1	2	1	2	1	2	1	2	2	1	2	1	2	1	2	1	1	1	1	1	1	2	1	1	1	2	1	1	1	1	1	1	1	1	1	2	2	2	2	2	2	1	1	1	2	2	2	1	2	1	1	1	1	2	1	1	1	1	1	1	1	1	1	1	1	1	1	1	1	1	1	1	1	1	1	1	1	1	1	1	1	1	1	1
44	2	1	2	1	2	2	1	2	1	1	2	1	2	2	1	1	2	2	1	1	1	2	1	2	1	1	1	1	1	1	2	1	1	1	1	1	1	1	1	1	1	1	1	1	2	2	2	2	2	2	1	1	1	2	2	1	1	2	1	1	1	1	2	2	2	2	2	1	2	2	1	2	2	1	2	1	1	1	1	2	2	1	2	1	1	1	1	1	1	1	1	1	1
44	2	1	2	1	2	2	1	2	1	1	2	1	2	2	2	1	2	2	1	2	1	2	1	2	1	1	1	1	1	1	1	1	1	1	1	1	1	1	2	1	1	1	1	1	2	2	2	2	2	2	1	1	1	1	2	1	1	2	1	1	1	1	2	2	2	2	2	1	2	2	2	2	2	1	2	1	1	1	1	2	2	1	2	1	1	1	1	1	1	1	1	1	1
