110	95	2	1
ACT_CAC_61.8
ACT_CAC_71.5
ACT_CAC_89.3
ACT_CAC_92.9
ACT_CAC_101.0
ACT_CAC_109.6
ACT_CAC_112.8
ACT_CAC_116.8
ACT_CAC_122.6
ACT_CAC_135.1
ACT_CAC_147.7
ACT_CAC_182.4
ACT_CAC_183.9
ACT_CAC_202.1
ACT_CAC_205.7
ACT_CAC_214.7
ACT_CAC_222.5
ACT_CAC_225.8
ACT_CAC_233.4
ACT_CAC_248.4
ACT_CAC_250.8
ACT_CAC_252.6
ACT_CAC_285.1
ACT_CAC_300.0
ACT_CAC_323.4
ACT_CAC_324.6
ACT_CAC_330.7
ACT_CAC_360.4
ACT_CAC_400.7
ACT_CAC_402.3
ACT_CAC_442.2
ACT_CAC_448.6
ACT_CAC_461.1
ACT_CAC_493.2
ACT_CAC_518.1
ATC_CTG_53.1
ATC_CTG_59.7
ATC_CTG_60.6
ATC_CTG_62.2
ATC_CTG_78.0
ATC_CTG_79.3
ATC_CTG_85.9
ATC_CTG_93.6
ATC_CTG_133.5
ATC_CTG_134.3
ATC_CTG_183.1
ATC_CTG_199.3
ATC_CTG_213.7
ATC_CTG_216.3
ATC_CTG_224.4
ATC_CTG_227.9
ATC_CTG_231.1
ATC_CTG_246.9
ATC_CTG_248.5
ATC_CTG_266.0
ATC_CTG_279.7
ATC_CTG_283.3
ATC_CTG_299.6
ATC_CTG_306.7
ATC_CTG_312.3
ATC_CTG_329.7
ATC_CTG_474.2
ATC_CTG_485.8
ATG_CTG_73.0
ATG_CTG_81.5
ATG_CTG_86.5
ATG_CTG_87.1
ATG_CTG_98.2
ATG_CTG_107.3
ATG_CTG_109.5
ATG_CTG_111.0
ATG_CTG_122.2
ATG_CTG_145.1
ATG_CTG_152.2
ATG_CTG_152.7
ATG_CTG_161.6
ATG_CTG_162.1
ATG_CTG_168.5
ATG_CTG_181.3
ATG_CTG_183.5
ATG_CTG_211.1
ATG_CTG_229.3
ATG_CTG_258.6
ATG_CTG_259.6
ATG_CTG_261.6
ATG_CTG_293.3
ATG_CTG_303.5
ATG_CTG_311.5
ATG_CTG_321.1
ATG_CTG_364.3
ATG_CTG_381.3
ATG_CTG_403.1
ATG_CTG_404.0
ATG_CTG_405.2
ATG_CTG_443.1
1	2	1	1	2	2	2	1	2	1	1	1	1	1	1	1	2	2	2	1	1	1	1	1	1	1	1	1	1	2	1	1	1	1	2	1	1	1	1	1	1	1	1	1	1	1	1	2	1	1	1	1	1	2	1	1	1	1	1	1	2	1	1	1	1	1	1	1	1	1	1	2	2	1	1	1	1	1	1	2	2	1	1	1	1	1	1	1	1	1	1	1	1	1	1	1
1	2	1	1	2	2	2	2	1	1	1	1	2	1	1	1	2	2	2	1	1	1	1	1	1	1	1	1	1	2	1	1	2	1	1	1	1	1	1	1	2	1	1	2	1	1	2	2	1	1	1	1	1	2	1	1	1	1	1	1	2	1	1	1	1	1	1	1	1	1	1	2	1	1	1	1	1	1	1	2	2	1	1	1	1	1	1	1	1	1	1	1	1	1	1	1
1	2	1	1	2	2	2	2	2	1	1	1	1	1	1	1	2	2	2	1	1	1	1	1	1	1	1	1	1	2	1	1	1	1	1	1	1	1	1	1	1	1	1	1	1	1	1	2	1	1	1	1	1	2	1	1	1	1	1	1	2	1	1	1	1	1	1	1	1	1	1	2	2	1	1	1	1	1	1	2	2	1	1	1	1	1	1	1	1	1	2	1	1	1	1	1
2	2	1	1	2	2	2	2	1	1	1	1	1	1	1	1	2	2	2	1	1	1	1	1	1	1	1	1	1	1	1	1	2	1	1	1	1	2	1	1	2	1	1	1	1	1	1	2	2	1	1	1	1	2	1	1	1	1	1	1	2	1	1	1	2	2	1	1	1	1	1	2	2	1	1	1	1	1	1	2	2	1	1	2	2	1	1	1	1	1	1	1	1	1	1	1
2	1	1	1	2	2	2	2	1	1	1	1	1	1	1	1	2	2	2	1	1	1	1	1	1	1	1	1	1	1	1	1	1	1	1	1	1	1	1	1	2	1	1	1	1	1	2	2	1	1	1	1	1	2	1	1	1	1	1	1	1	1	1	1	2	2	1	1	1	1	1	2	1	1	1	1	1	1	1	1	1	1	1	1	1	1	1	1	1	1	1	1	1	1	1	1
2	2	1	1	2	2	2	2	1	1	1	1	1	1	1	1	2	2	2	1	1	1	1	1	1	1	1	1	1	1	1	1	2	1	1	1	1	1	1	1	2	1	1	1	1	1	1	2	1	1	1	1	1	2	1	1	1	1	1	1	1	1	1	1	2	1	1	1	1	1	1	2	2	1	1	1	1	1	1	2	2	1	1	1	1	1	1	1	1	1	1	1	1	1	1	1
3	2	1	2	2	2	2	1	1	1	2	1	1	1	1	1	2	1	1	1	1	1	1	1	1	1	1	2	1	1	1	1	1	1	1	1	1	1	1	1	1	1	1	1	1	1	1	2	1	1	2	1	1	2	1	1	1	1	1	1	2	1	1	1	1	1	1	1	1	1	1	2	1	1	1	1	1	1	1	2	1	1	1	1	1	1	1	1	1	1	1	1	1	1	1	1
3	2	2	2	2	2	2	1	1	1	1	1	2	1	1	1	2	2	2	1	1	1	1	1	1	1	1	2	1	1	1	2	1	1	1	1	1	1	1	1	1	1	1	1	1	1	1	2	1	1	1	1	1	2	1	1	1	1	1	1	2	1	1	1	1	2	1	1	1	1	1	1	1	1	1	1	1	1	1	2	1	1	2	1	1	1	1	1	1	1	1	1	1	1	1	1
3	2	2	1	2	2	2	2	1	1	1	1	2	1	1	1	2	1	2	1	1	1	1	1	1	1	1	1	1	1	1	1	1	1	1	1	1	1	1	1	1	1	1	1	1	1	1	2	1	1	2	1	1	2	1	1	1	1	1	1	2	1	1	1	1	2	1	1	1	1	1	2	1	1	1	1	1	1	1	2	1	1	1	1	1	1	1	1	1	1	1	1	1	1	1	1
4	2	1	2	2	2	2	2	1	1	1	1	2	1	1	1	1	2	2	1	1	1	1	1	1	1	1	1	1	2	1	1	1	1	2	2	1	1	1	1	2	1	1	1	1	1	1	2	1	1	1	1	1	2	1	1	1	1	1	1	2	1	1	2	1	2	1	1	2	1	2	2	2	1	1	1	1	1	1	2	2	1	2	2	1	1	1	1	1	1	1	1	1	1	1	1
4	2	1	2	2	2	2	2	1	1	2	1	1	1	1	1	1	2	2	1	1	1	1	1	1	1	1	1	1	2	1	1	1	1	1	1	1	1	1	1	2	1	1	1	1	1	1	2	1	1	1	1	1	2	1	1	1	1	1	1	1	1	1	2	1	1	1	1	1	1	1	2	2	1	1	1	1	1	1	1	2	1	1	2	1	1	2	1	1	1	1	1	1	1	1	1
4	2	1	1	2	2	2	2	1	1	1	1	2	1	1	1	2	2	2	1	1	1	1	1	1	1	1	2	1	2	1	1	2	1	1	2	1	1	1	1	2	1	1	1	1	1	1	2	1	1	1	1	1	2	1	1	1	1	1	1	2	1	1	1	1	1	1	1	2	1	1	2	1	1	1	1	1	1	1	1	2	1	1	2	1	1	2	1	1	1	1	1	1	1	1	1
5	2	1	1	2	2	2	2	1	1	2	1	1	1	1	1	1	2	2	1	2	1	1	1	1	1	1	1	1	1	1	2	1	1	1	1	1	1	1	1	1	1	1	1	1	1	1	2	1	2	1	1	1	1	1	1	1	1	1	2	2	1	1	1	1	1	1	1	1	1	1	2	1	1	1	1	1	1	1	1	2	1	1	1	2	1	1	1	1	1	1	1	1	1	1	1
5	2	1	1	2	2	2	2	1	1	1	1	2	1	1	1	2	2	2	1	2	1	1	1	1	1	1	1	1	2	1	1	1	1	1	1	1	1	1	1	1	1	1	1	1	1	1	1	1	1	1	1	1	1	1	1	1	1	1	1	1	1	1	1	2	1	1	1	1	2	1	2	1	1	1	1	1	1	1	1	2	1	1	1	2	1	1	1	1	1	1	1	1	1	1	1
5	2	1	2	2	2	2	2	2	1	2	1	2	1	1	1	2	2	2	1	2	1	1	1	1	1	1	1	2	1	1	1	1	1	1	2	1	1	1	1	1	1	1	1	1	1	1	2	1	1	1	1	1	1	1	1	1	1	1	1	2	1	1	1	1	2	1	2	1	1	1	2	1	1	1	1	1	1	1	1	2	1	1	1	2	1	1	1	1	1	1	1	1	1	1	1
6	2	1	1	2	2	2	1	2	1	1	1	2	1	1	2	2	2	2	1	1	1	1	1	1	1	1	1	1	1	1	1	1	1	1	2	1	1	1	1	1	1	1	1	1	1	1	2	1	1	1	1	1	1	1	1	1	1	1	1	2	1	1	1	1	1	1	1	1	1	2	2	1	1	1	1	1	1	1	2	1	1	1	1	1	1	1	1	1	1	1	1	1	1	1	1
6	2	1	1	2	2	2	1	1	1	1	1	2	1	1	2	2	2	2	1	1	1	1	1	1	1	1	1	1	1	1	1	1	1	1	2	1	2	1	1	1	1	1	1	1	1	1	2	1	1	1	1	1	1	1	1	1	1	1	1	1	1	1	1	1	1	1	1	1	1	2	2	1	1	1	1	1	1	1	1	2	1	1	1	1	1	1	1	1	1	1	1	1	1	1	1
6	2	1	1	2	2	2	1	1	1	1	1	2	1	1	1	2	2	2	1	1	1	1	2	1	1	1	1	1	1	1	1	1	1	1	2	1	1	1	1	1	1	1	1	1	1	1	1	1	1	1	1	1	1	1	1	1	1	1	1	1	1	1	1	1	2	1	1	1	1	1	2	1	1	1	1	1	1	1	2	1	1	1	1	1	1	1	1	1	1	1	1	1	1	1	1
7	2	1	1	2	2	2	2	1	1	1	1	2	1	1	1	2	1	2	1	1	1	1	1	1	1	1	1	1	1	1	2	2	1	1	1	1	1	1	2	1	1	1	1	1	1	1	2	2	1	1	1	1	2	1	1	1	1	1	1	2	1	1	1	2	1	1	1	1	1	1	2	1	1	1	1	1	1	1	2	2	1	1	1	1	1	1	1	1	1	1	1	1	1	1	1
7	2	1	1	2	2	2	2	1	1	2	1	1	1	1	1	2	1	2	1	1	1	1	1	1	1	1	1	1	1	1	1	2	1	1	1	1	1	1	1	1	1	1	1	1	1	1	2	1	1	1	1	1	2	1	1	1	1	1	1	2	1	1	1	1	1	1	1	1	1	1	2	2	1	2	1	1	1	1	2	2	1	1	2	1	1	1	1	1	1	1	1	1	1	1	1
7	2	1	1	2	2	2	2	1	1	1	1	2	1	1	1	1	1	2	1	1	1	1	1	1	1	1	2	1	1	1	2	2	1	1	1	1	1	1	1	2	1	1	1	1	1	1	2	1	1	1	1	1	2	1	1	1	1	1	1	2	1	1	1	2	2	1	1	1	1	1	2	1	1	1	1	1	1	1	2	2	1	1	1	1	1	1	1	1	2	1	1	1	1	1	1
8	2	1	1	2	2	2	2	1	1	1	1	2	1	1	1	2	2	2	1	1	1	1	1	1	1	1	1	1	1	1	1	1	1	1	1	1	1	1	1	1	1	1	1	1	1	1	1	1	1	1	1	1	1	1	1	1	1	1	1	1	1	1	1	2	1	1	1	1	1	1	2	1	1	1	1	1	1	1	2	2	1	1	2	1	1	1	1	1	1	2	1	1	1	1	1
8	1	1	1	1	1	1	1	1	1	1	1	1	1	1	1	1	1	1	1	1	1	1	1	1	1	1	1	1	1	1	1	1	1	1	1	1	1	1	1	2	1	1	1	1	1	1	2	1	1	1	1	1	2	1	1	1	1	1	1	2	1	1	1	1	1	1	1	1	1	1	2	1	1	1	1	1	1	1	2	2	1	1	2	1	1	1	1	1	1	1	1	1	1	1	1
8	2	1	1	2	2	2	2	1	1	1	1	2	1	1	1	1	2	1	1	1	1	1	1	1	1	1	1	1	1	1	1	1	1	1	1	1	1	1	1	2	1	1	2	1	2	1	2	1	1	1	1	1	2	1	1	1	1	1	1	1	1	1	1	2	1	1	1	1	1	1	2	1	1	2	1	1	1	1	2	1	1	1	2	1	1	1	1	1	1	1	1	1	1	1	1
9	2	1	1	2	2	2	2	1	1	1	1	2	1	1	1	2	2	2	1	1	1	1	1	1	1	1	1	1	1	1	1	1	1	1	1	1	1	1	1	2	1	1	2	1	1	1	2	1	1	1	1	1	2	1	1	1	1	1	1	2	1	1	1	2	2	1	1	1	1	1	2	1	1	1	1	1	2	1	2	2	1	1	1	1	1	1	1	1	1	1	1	1	1	1	1
9	2	1	1	2	2	2	2	1	1	1	1	2	1	1	1	2	2	2	1	1	1	1	1	1	1	1	1	1	1	1	1	1	1	1	1	1	1	1	1	2	1	1	2	1	1	1	2	1	1	1	1	1	2	1	1	1	1	1	1	2	1	1	1	2	2	1	1	1	1	1	2	1	1	1	1	1	1	1	2	2	1	1	1	1	1	1	1	1	1	1	1	1	1	1	1
9	2	1	1	2	2	2	2	1	1	1	1	2	1	1	1	2	2	1	1	1	1	1	1	1	1	1	1	1	1	1	2	1	1	1	1	1	1	1	1	2	1	1	1	1	1	1	2	1	1	1	1	1	2	1	1	1	1	1	1	2	1	1	1	2	2	1	1	1	1	1	2	1	1	1	1	1	1	1	2	2	1	1	1	1	1	1	1	1	1	1	1	1	1	1	1
10	2	1	1	2	2	2	1	1	1	1	1	2	1	1	1	2	2	2	1	1	1	1	1	1	1	2	1	1	1	1	2	1	1	1	1	1	1	1	1	2	1	1	1	1	1	1	2	1	1	1	1	1	2	1	1	1	1	1	1	2	1	1	1	1	2	1	1	1	1	1	2	1	1	1	1	1	1	1	2	2	1	1	1	1	1	2	1	1	1	1	1	1	1	1	1
10	2	1	1	2	2	2	2	1	1	1	1	2	1	1	1	2	2	2	1	1	1	1	1	1	1	1	2	1	1	1	2	1	1	1	1	1	1	1	1	2	1	2	1	1	1	1	2	1	1	1	1	1	2	1	1	1	1	1	1	1	1	1	1	1	1	1	1	1	1	1	2	1	1	1	1	1	2	1	1	2	1	1	1	2	1	1	1	1	1	1	1	1	1	1	1
10	2	1	1	2	2	2	2	1	1	1	1	2	1	1	1	2	2	2	1	1	1	1	1	1	1	1	1	1	2	1	1	1	1	1	2	1	1	1	1	2	1	1	2	1	1	1	2	1	1	1	1	1	2	1	1	1	1	1	1	1	1	1	1	1	1	1	1	1	1	1	1	2	1	1	1	1	1	1	2	2	1	1	1	2	1	1	1	1	1	1	1	1	1	1	1
11	1	1	1	2	2	2	2	1	1	1	1	2	1	2	1	2	2	2	1	1	1	1	1	1	1	1	1	1	1	1	1	1	1	1	2	1	1	1	1	2	1	1	1	1	1	1	2	1	1	1	1	1	2	1	1	1	1	1	1	2	1	1	2	1	1	1	1	1	1	1	2	1	1	1	1	1	1	1	2	1	1	2	2	1	1	1	1	1	1	1	1	1	1	1	1
11	2	1	1	2	2	2	2	1	1	1	1	1	1	1	1	1	1	1	1	1	1	1	1	1	1	1	1	1	1	1	1	1	1	1	1	1	1	1	1	2	1	1	1	1	1	1	2	1	1	1	1	1	2	1	1	1	1	1	1	2	1	1	1	1	1	1	1	1	1	2	2	1	1	2	1	1	1	1	2	1	1	1	2	1	1	1	1	1	1	1	1	1	1	1	1
11	2	1	1	2	2	2	2	1	1	1	1	1	1	1	1	2	2	2	1	1	1	1	1	1	1	1	1	2	1	1	1	1	1	1	1	1	1	1	1	2	1	1	1	1	1	1	2	1	1	1	1	1	2	1	1	1	1	1	1	1	1	1	1	1	1	1	1	1	1	1	2	1	1	2	1	1	1	1	2	1	1	1	2	1	1	1	1	1	1	1	1	1	1	1	1
12	2	1	1	2	2	2	1	1	1	1	1	2	1	1	1	2	2	2	1	1	1	1	1	1	1	1	1	1	1	1	1	2	1	1	1	1	1	1	1	1	1	1	1	1	1	1	2	1	1	1	1	1	2	1	1	1	1	1	1	2	1	1	1	1	2	1	1	1	1	1	2	2	1	1	1	1	1	1	2	2	1	1	1	1	1	1	1	1	1	1	1	1	1	1	1
12	2	1	1	2	2	2	2	1	1	1	1	2	1	1	1	1	2	1	1	1	1	1	1	1	1	1	1	2	2	1	1	1	1	1	1	1	1	1	1	1	1	1	2	1	1	1	2	1	1	1	1	1	2	1	1	1	1	1	1	1	1	1	1	1	1	1	1	1	1	1	2	1	1	1	1	1	1	1	2	2	1	1	1	1	1	1	1	1	1	1	1	1	1	1	1
12	2	1	1	2	2	2	2	1	1	1	1	2	1	1	1	2	2	1	1	1	1	1	1	1	1	1	2	2	1	1	1	1	1	1	1	1	1	1	1	1	1	2	2	1	1	1	2	1	1	1	1	1	2	1	1	1	1	1	1	2	1	1	1	1	2	1	1	1	1	1	2	2	1	1	1	1	1	1	2	2	1	1	1	1	1	1	1	1	1	1	1	1	1	1	1
13	2	1	1	2	2	2	2	2	1	1	1	2	1	1	1	1	2	2	1	1	1	1	1	1	1	1	2	1	1	1	1	1	1	1	2	1	1	1	1	2	1	1	1	1	1	1	2	1	1	1	1	1	2	1	1	1	1	1	1	1	1	1	1	1	1	1	1	1	1	1	2	2	1	1	1	1	1	1	2	2	1	1	1	1	1	1	1	1	1	1	1	1	1	1	1
13	2	1	1	2	2	2	2	1	1	1	1	2	1	1	1	2	2	2	1	1	1	1	1	1	1	1	2	1	1	1	1	1	1	1	2	1	1	1	1	2	1	1	1	1	1	1	2	1	1	1	1	1	2	1	1	1	1	1	1	2	1	1	1	1	1	1	1	1	1	1	2	1	1	1	1	1	1	1	2	2	1	1	1	1	1	1	1	1	1	1	1	1	1	1	1
13	2	1	1	2	2	2	2	1	1	2	1	2	1	1	1	2	2	2	1	1	1	1	1	1	1	1	2	1	1	1	1	1	1	2	2	1	1	1	1	2	1	1	2	1	1	1	2	1	1	1	1	1	2	1	1	1	1	1	1	2	1	1	1	1	1	1	1	1	1	1	2	2	1	1	1	1	1	1	2	2	1	1	1	1	1	1	1	1	1	1	1	1	1	1	1
14	2	1	1	2	2	2	2	1	1	2	1	1	1	1	1	1	1	1	1	1	1	1	1	1	1	1	1	1	1	1	1	1	1	1	1	1	1	1	1	2	1	1	1	1	1	1	2	1	1	1	1	1	2	1	1	1	1	1	1	1	1	1	1	1	1	1	1	1	1	1	2	1	1	1	1	1	1	1	2	2	1	1	1	1	1	1	1	2	1	1	1	1	1	1	1
14	2	1	1	2	2	2	2	1	1	2	1	1	1	1	1	2	2	2	1	1	1	1	1	1	1	1	1	1	1	1	2	1	1	2	1	1	2	1	1	1	1	2	1	1	1	1	2	2	1	1	1	1	2	1	1	1	1	1	1	2	1	1	1	1	2	1	1	1	1	1	2	1	1	1	1	1	1	1	2	2	1	1	1	2	1	1	1	1	1	1	1	1	1	1	1
14	2	1	1	2	2	2	2	1	1	1	1	2	1	1	1	2	2	2	1	1	1	1	1	1	1	1	1	1	1	1	1	1	1	1	1	1	1	1	1	2	1	2	1	1	1	1	2	1	1	1	1	1	2	1	1	1	1	1	1	1	1	1	1	1	2	1	1	1	1	1	2	1	1	1	1	1	1	1	2	2	1	1	1	2	1	1	2	1	1	1	1	1	1	1	1
15	1	1	1	2	1	2	2	1	1	1	1	2	1	1	1	1	2	2	1	1	1	1	1	1	1	1	1	1	2	1	2	1	1	1	2	1	1	1	1	2	1	1	1	1	1	2	1	1	1	1	1	1	2	1	1	1	1	1	1	2	1	1	1	1	2	1	1	1	1	1	2	1	1	1	1	1	1	1	2	2	1	1	1	1	2	1	1	2	1	1	1	1	1	1	1
15	2	1	1	2	1	2	2	1	1	1	1	2	1	1	1	2	2	2	1	1	1	1	1	1	1	1	1	1	2	1	1	1	1	1	1	1	1	1	1	1	1	1	1	1	1	1	2	1	1	1	1	1	2	1	2	1	1	1	1	2	1	1	1	1	2	1	1	1	1	1	2	1	1	1	1	1	1	1	2	2	1	1	1	1	1	1	1	1	1	1	1	1	1	1	1
15	2	1	1	2	2	2	2	2	1	2	1	2	1	1	1	1	2	2	1	1	1	1	1	1	1	1	1	1	1	1	2	1	1	1	1	1	1	1	1	2	1	1	1	1	1	1	2	1	1	1	1	1	2	1	1	1	1	1	1	2	1	1	1	1	2	1	2	1	1	1	2	1	1	1	1	1	1	1	2	2	1	1	1	1	1	1	1	1	1	1	1	2	1	1	1
16	2	1	1	2	2	2	2	1	1	1	1	1	1	1	1	2	1	2	1	1	1	1	1	1	1	1	1	1	1	1	1	2	1	2	1	1	1	1	1	1	1	1	2	1	1	1	2	2	1	1	1	1	2	1	1	1	1	1	1	2	1	1	1	1	2	1	1	1	1	1	2	1	1	1	1	1	1	1	2	2	1	1	2	1	1	1	1	1	1	1	1	1	1	1	1
16	2	1	1	2	2	2	2	1	1	1	1	2	1	1	1	2	1	2	1	1	1	1	1	1	1	1	1	1	1	1	2	1	1	1	2	1	1	1	1	2	1	1	1	1	1	1	2	1	1	1	1	1	2	1	1	1	1	1	1	1	1	1	1	2	1	1	1	1	1	1	2	1	1	1	1	1	1	1	2	2	1	1	1	1	2	1	1	1	1	1	1	1	1	1	1
16	2	1	1	2	2	2	2	2	1	1	1	1	1	1	1	2	1	2	1	1	1	1	1	1	1	1	1	1	1	1	2	2	1	1	1	1	1	1	1	1	1	2	1	1	1	1	2	1	1	1	1	1	2	1	1	1	1	1	1	2	1	1	1	2	1	1	1	1	1	1	2	1	1	1	1	1	1	1	2	2	1	1	2	1	1	1	1	1	1	1	1	1	1	1	1
17	2	1	1	2	2	2	2	1	1	1	1	1	1	1	1	2	2	2	1	1	1	1	1	1	1	1	1	1	2	1	1	1	1	1	1	1	1	1	1	1	1	1	1	1	1	1	2	1	1	1	1	1	2	1	1	1	1	1	1	1	1	1	1	1	1	1	1	1	1	1	1	1	1	1	1	1	1	1	1	1	1	1	1	1	1	1	1	1	1	1	1	1	1	1	1
17	2	1	1	2	2	2	1	1	1	1	1	1	1	1	1	2	2	2	1	1	1	1	1	1	1	1	2	1	1	1	1	2	1	2	1	1	1	1	1	1	1	1	1	1	1	1	1	2	1	1	1	1	2	1	1	1	1	1	1	2	1	1	1	1	1	1	1	1	1	1	2	2	1	1	1	1	1	1	2	2	1	1	1	1	1	1	1	1	1	1	1	1	1	1	1
17	2	1	1	2	2	2	2	1	1	2	1	2	1	1	1	2	1	1	1	1	1	1	1	1	1	1	1	1	2	1	2	1	1	1	1	1	1	1	1	1	1	1	2	1	1	1	2	1	1	1	1	1	2	1	1	1	1	1	1	2	1	1	1	1	2	1	1	1	1	1	2	1	1	1	1	1	1	1	1	2	1	1	2	1	1	1	1	2	1	1	1	1	1	1	1
18	2	1	1	2	2	2	2	1	1	1	1	2	1	1	1	2	1	2	1	1	1	1	1	1	1	1	1	1	2	1	1	1	1	1	2	1	1	1	1	1	1	1	1	1	1	1	2	1	1	1	1	1	2	1	1	1	1	1	1	2	1	1	1	1	2	1	1	1	1	1	2	1	1	1	1	1	1	1	2	1	1	1	1	2	1	1	1	2	1	1	1	1	1	1	1
18	2	1	1	2	2	2	2	1	1	1	1	2	1	1	1	2	1	2	1	1	1	1	1	1	1	1	1	1	1	1	1	1	1	1	2	1	1	1	1	2	1	1	2	1	1	1	2	1	1	1	1	1	2	1	1	1	1	1	1	2	1	1	1	2	2	1	1	1	1	1	2	2	1	1	1	1	1	1	2	1	1	1	1	1	1	1	1	2	1	1	1	1	1	1	1
18	2	1	1	2	2	2	2	2	1	1	1	1	1	1	1	2	2	2	1	1	1	1	1	1	1	1	1	1	2	1	1	1	1	1	1	1	1	1	1	1	1	1	1	1	1	1	2	2	1	1	1	1	2	1	1	1	1	1	1	2	1	1	1	1	1	1	1	1	1	1	2	2	1	1	1	1	2	1	2	2	1	1	1	1	1	1	1	1	1	1	1	1	1	1	1
19	1	1	1	2	2	2	1	1	1	1	1	2	1	1	1	2	2	2	1	1	1	1	1	1	1	1	2	1	2	1	2	1	1	1	1	1	1	1	1	1	1	1	1	1	1	1	2	1	1	1	1	1	2	1	1	1	1	1	1	2	1	1	1	2	1	1	1	1	1	1	2	2	1	1	1	1	2	1	2	1	1	1	1	1	1	1	1	1	1	1	1	1	1	1	1
19	2	1	1	2	2	2	2	2	1	1	1	1	1	1	1	2	1	2	1	1	1	1	1	1	1	1	1	1	1	1	2	1	1	1	1	1	1	1	1	1	1	1	1	1	1	1	2	1	1	1	1	1	2	1	1	1	1	1	1	2	1	1	1	1	2	1	1	1	1	1	2	1	1	1	1	1	1	1	2	1	1	1	1	1	1	1	1	1	1	1	1	1	1	1	1
19	1	1	1	2	2	2	2	2	1	1	1	2	1	1	1	2	2	2	1	2	1	1	1	1	1	1	1	1	1	1	1	1	1	1	1	1	1	1	1	1	1	1	1	1	1	1	2	1	1	1	1	1	2	1	1	1	1	1	1	1	1	1	1	1	2	1	1	1	1	1	2	2	1	2	1	1	1	1	2	1	1	1	1	2	1	1	1	1	1	1	1	1	1	1	1
20	2	1	1	2	2	2	2	1	1	1	1	1	1	1	1	2	2	2	1	1	1	1	1	1	1	1	1	1	1	1	1	1	1	1	1	1	1	1	1	1	1	1	1	1	1	1	1	1	1	1	1	1	2	1	1	1	1	1	1	2	1	1	1	1	1	1	1	1	1	1	2	2	1	1	1	1	1	1	2	2	1	1	1	1	1	1	1	1	1	1	1	1	1	1	1
20	2	1	1	2	2	2	2	1	1	1	1	1	1	1	1	2	2	2	1	1	1	1	1	1	1	1	1	2	2	1	1	1	1	2	1	1	1	1	1	1	1	1	1	1	1	1	2	1	1	1	1	1	2	1	1	1	1	1	1	2	1	1	1	1	2	1	1	1	1	2	2	2	1	1	1	1	1	1	1	2	1	1	1	1	1	1	1	1	1	1	1	1	1	1	1
20	2	1	1	2	2	2	2	1	1	1	1	1	1	2	1	2	2	1	1	1	1	1	1	1	1	1	1	1	2	1	1	2	1	1	1	1	1	1	1	1	1	1	1	1	1	1	2	1	1	1	1	1	2	1	1	1	1	1	1	1	1	1	1	1	1	1	1	1	1	1	2	1	1	1	1	1	1	1	2	2	1	1	1	1	1	1	1	1	1	1	1	1	1	1	1
21	2	1	1	2	2	2	2	1	1	1	1	2	1	1	1	2	1	2	1	2	1	1	1	1	1	1	1	2	1	1	1	1	1	1	2	1	1	1	1	1	1	1	1	1	1	1	1	1	1	1	1	1	2	1	1	1	1	1	1	2	1	1	1	1	2	1	1	1	1	1	1	1	1	1	1	1	1	1	2	2	1	1	1	1	1	1	1	2	1	1	1	1	1	1	1
21	2	1	2	2	2	2	2	1	1	2	1	1	1	1	1	2	2	2	1	1	1	1	1	1	1	1	1	1	1	1	1	1	1	1	2	1	1	1	1	1	1	1	1	1	1	1	2	1	1	1	1	1	2	1	1	1	1	1	1	2	1	1	1	1	1	1	1	1	1	1	2	1	1	1	1	1	1	1	1	2	1	1	1	1	2	1	1	1	1	1	1	1	1	1	1
21	2	1	1	2	2	2	2	1	1	1	1	2	1	1	1	1	1	2	1	1	1	1	1	1	1	1	1	1	1	1	2	1	1	1	2	1	1	1	1	1	1	1	1	1	1	1	2	1	1	1	1	1	2	1	1	1	1	1	1	2	1	1	1	1	2	1	1	1	1	2	2	1	1	1	1	1	1	1	2	2	1	1	1	1	2	2	1	1	1	1	1	1	1	1	1
22	2	1	1	2	2	2	2	1	1	2	1	2	1	1	1	2	2	2	1	1	1	1	1	1	1	1	1	1	1	1	2	1	1	1	1	1	1	1	1	1	1	1	1	1	1	1	2	1	1	1	1	1	2	1	1	1	1	1	1	2	1	1	1	2	1	1	1	1	1	1	2	1	1	1	1	1	1	1	2	2	1	1	2	1	1	1	1	2	1	1	1	1	1	1	1
22	2	1	1	2	2	2	2	1	1	2	1	2	1	2	1	1	2	2	1	1	1	1	1	1	1	1	1	1	1	1	2	1	1	1	1	1	1	1	1	1	1	1	1	1	1	1	2	1	1	1	1	1	2	1	1	1	1	1	1	2	1	1	2	1	2	1	1	1	1	1	2	1	1	1	1	1	1	1	2	2	1	1	2	1	1	1	1	1	1	1	1	1	1	1	1
22	2	1	1	2	2	2	2	1	1	2	1	1	1	1	1	1	2	1	1	1	1	1	1	1	1	1	1	1	2	1	1	1	1	1	2	1	1	1	1	1	1	1	1	1	1	1	2	1	1	1	1	1	2	1	1	1	1	1	1	1	1	1	2	2	1	1	1	1	1	1	2	1	1	1	1	1	1	1	2	2	1	1	1	1	1	1	1	2	1	1	1	1	1	1	1
23	2	1	2	2	2	2	2	1	1	1	1	1	1	1	1	2	2	2	1	1	1	1	1	1	1	1	1	1	1	1	2	1	1	1	2	1	1	1	1	1	1	2	2	1	1	1	2	1	1	1	1	1	2	1	1	1	1	1	1	2	1	1	1	2	2	1	1	1	1	1	2	1	1	2	1	1	1	1	2	2	1	2	1	2	1	1	1	2	1	1	1	1	1	1	1
23	2	1	1	2	2	2	2	1	1	1	1	2	1	1	1	1	2	2	1	1	1	1	1	1	1	1	1	1	2	1	1	1	1	1	1	1	1	1	1	1	1	1	1	1	1	1	2	1	1	1	1	1	2	1	1	1	1	1	1	2	1	1	1	1	1	1	1	1	1	1	2	1	1	1	1	1	2	1	2	2	1	1	1	2	1	1	1	2	1	1	1	1	1	1	1
23	2	1	1	2	2	2	1	2	1	2	1	1	1	1	1	2	2	2	2	1	1	1	1	1	1	1	1	1	1	1	2	1	1	2	1	1	1	1	1	1	1	1	1	1	1	1	1	1	1	1	1	1	2	1	1	1	1	1	1	2	1	1	1	1	2	1	1	1	1	1	2	1	1	2	1	1	1	1	2	2	1	1	2	1	1	1	1	1	1	1	1	1	1	1	1
24	1	1	1	2	2	2	2	1	1	1	1	2	1	1	1	1	2	2	1	1	1	1	1	1	1	1	1	1	1	1	1	2	1	1	1	1	1	1	1	1	1	1	1	1	1	2	2	1	1	1	1	1	2	1	1	1	1	1	1	2	1	1	1	1	2	1	1	1	1	1	2	1	1	1	1	1	1	1	2	2	1	1	2	2	1	1	2	1	1	1	1	1	1	1	1
24	2	1	1	2	2	2	2	1	1	1	1	1	1	1	1	2	2	2	1	1	1	1	1	1	1	1	1	1	2	2	2	1	1	2	2	1	1	1	1	1	1	2	1	1	1	1	2	1	1	1	1	1	1	1	1	1	1	1	1	1	1	1	1	1	1	1	1	1	1	1	2	1	1	1	1	1	1	1	2	2	1	1	1	2	1	1	1	1	1	1	1	1	1	1	1
24	1	1	1	2	2	2	2	1	1	1	1	1	1	1	1	1	1	2	1	1	1	1	1	1	1	1	2	1	1	1	2	1	1	1	2	1	1	1	1	1	1	1	1	1	1	1	2	1	1	1	1	1	1	1	1	1	1	1	1	1	1	1	1	1	2	1	1	1	1	1	2	1	1	1	1	1	1	1	2	2	1	1	1	2	1	1	1	2	1	1	1	1	1	1	1
25	2	1	1	2	2	2	2	2	1	1	1	2	1	1	1	2	2	1	1	1	1	1	1	1	1	1	1	1	1	1	1	1	1	1	1	1	1	1	1	2	1	2	1	1	2	1	2	1	1	1	1	1	2	1	1	1	1	1	1	2	1	1	1	1	1	1	1	1	1	1	2	1	1	2	1	1	1	1	2	2	1	1	1	1	1	1	1	1	1	1	1	1	1	1	1
25	2	1	1	2	2	2	2	1	1	1	1	1	1	1	1	2	1	1	1	1	1	1	1	1	1	1	1	1	2	1	1	2	1	2	1	1	1	1	1	1	1	2	1	1	1	1	2	1	1	1	1	1	2	1	1	1	1	1	1	2	1	1	1	2	1	1	1	1	1	1	2	1	1	1	1	1	1	1	2	1	1	1	1	1	1	1	1	1	1	1	1	1	1	1	1
25	2	1	1	2	2	2	2	1	1	1	1	2	1	1	1	2	2	2	1	1	1	1	1	1	1	1	1	1	1	1	1	1	1	1	2	1	1	1	2	2	1	1	1	1	1	1	2	1	1	1	1	1	2	1	1	1	1	1	1	2	1	1	1	2	1	1	1	1	1	1	2	1	1	1	1	1	1	1	2	2	1	2	1	1	1	1	1	1	1	1	1	1	1	1	1
26	2	1	1	2	2	1	2	1	1	2	1	2	1	1	1	1	2	2	1	1	1	1	1	1	1	1	1	1	1	1	1	1	1	1	1	1	1	1	1	1	1	1	1	1	1	1	1	1	1	1	1	1	1	1	1	1	1	1	1	1	1	1	1	1	1	1	1	1	1	1	2	1	1	1	1	1	1	1	2	2	1	1	1	1	1	1	1	1	1	1	1	1	1	1	1
26	2	1	1	2	2	2	2	1	1	1	1	2	1	1	1	1	1	1	1	1	1	1	1	1	1	1	1	1	1	1	1	1	1	1	1	1	1	1	1	1	1	1	1	1	1	1	2	1	1	1	1	1	2	1	1	1	1	1	1	2	1	1	1	2	2	1	1	1	1	1	2	1	1	1	1	1	1	1	2	2	1	1	1	1	1	1	1	1	1	1	1	1	1	1	1
26	2	1	2	2	2	1	2	1	1	2	1	1	1	1	1	2	2	2	1	1	1	1	1	1	1	1	1	1	1	1	1	1	1	1	1	1	1	1	1	1	1	1	1	1	1	1	1	1	1	1	1	1	2	1	1	1	1	1	1	2	1	1	1	1	1	1	1	1	1	1	2	1	1	1	1	1	1	1	2	2	1	2	2	2	1	1	1	1	1	1	1	1	1	1	1
27	1	1	1	2	2	2	2	1	1	2	1	2	1	1	1	2	2	2	1	1	1	1	1	1	1	1	1	1	2	1	1	2	1	1	1	1	2	1	1	1	1	1	1	1	1	1	2	1	1	1	1	1	2	1	1	1	1	1	1	2	1	1	1	1	1	1	1	1	1	1	2	1	1	1	1	1	1	1	2	2	1	1	1	1	1	1	1	1	1	1	1	1	1	1	1
27	2	1	1	2	2	2	2	1	1	1	1	2	1	1	1	2	2	2	1	1	1	1	1	1	1	1	1	1	1	1	1	1	1	1	1	1	1	1	1	1	1	1	1	1	1	1	1	1	1	1	1	1	2	1	1	1	1	1	1	1	1	1	1	1	1	1	1	1	1	1	2	1	1	1	1	1	1	1	2	1	1	1	1	1	1	1	1	1	1	1	1	1	1	1	1
27	2	1	1	2	2	2	2	1	1	1	1	1	1	1	1	2	2	2	1	1	1	1	1	1	1	1	1	1	1	1	1	1	1	1	1	1	1	1	1	1	1	1	1	1	1	1	1	1	1	1	1	1	2	1	1	1	1	1	1	2	1	1	1	2	1	1	1	1	1	1	2	1	1	2	1	1	1	1	2	1	1	1	1	1	1	1	1	1	1	1	1	1	1	1	1
28	2	1	1	2	2	2	2	1	1	2	1	1	1	1	1	2	2	2	1	1	1	1	1	1	1	1	1	2	1	1	1	1	1	1	2	1	1	1	1	1	1	1	2	1	1	1	2	1	1	1	1	1	2	1	1	1	1	1	1	1	1	1	1	2	2	1	1	1	1	1	2	2	1	1	1	1	1	1	2	2	1	1	1	1	2	1	1	1	1	1	1	1	1	1	1
28	2	1	1	2	2	2	2	2	1	1	1	1	1	1	1	2	2	1	1	1	1	1	1	1	1	2	1	1	2	1	2	2	1	1	1	1	1	1	1	2	1	1	2	1	1	2	2	1	1	1	1	1	2	1	1	1	1	1	1	2	1	1	1	1	2	1	1	1	1	1	2	1	1	1	1	1	1	1	2	2	1	1	1	1	1	1	1	2	1	1	1	1	1	1	1
28	2	1	1	2	2	2	2	2	1	1	1	1	1	1	1	2	2	1	1	1	1	1	1	1	1	1	1	2	1	1	1	2	1	1	1	1	1	1	1	2	1	1	1	1	1	1	2	1	1	1	1	1	2	1	1	1	1	1	1	1	1	1	1	2	2	1	1	1	1	1	2	1	1	2	1	1	1	1	2	1	1	1	1	1	1	1	1	1	1	1	1	1	1	1	1
29	2	1	1	2	2	2	2	1	1	2	1	1	1	1	1	2	2	2	1	1	1	1	1	1	1	1	2	1	2	1	1	1	1	1	1	1	1	1	1	2	1	1	1	1	1	1	2	1	1	1	1	1	2	1	1	1	1	1	1	1	1	1	1	1	1	1	1	1	1	1	2	1	1	2	1	1	1	1	1	2	1	1	1	1	1	1	1	1	1	1	1	1	1	1	1
29	2	1	1	2	2	2	2	1	1	2	1	2	1	1	1	2	2	1	1	1	1	1	1	1	1	1	1	1	2	1	2	2	1	1	1	1	1	1	1	2	1	1	1	1	1	1	2	1	1	1	1	1	2	1	1	1	1	1	1	2	1	1	1	2	1	1	1	2	1	1	1	1	1	2	1	1	1	1	2	2	1	1	2	1	1	1	1	1	1	1	1	1	1	1	1
29	2	1	1	2	2	2	2	1	1	1	1	1	1	1	1	2	1	2	1	1	1	1	1	1	1	1	1	1	2	1	1	1	1	1	1	1	1	1	1	1	1	1	1	1	1	1	2	1	1	1	1	1	2	1	1	1	1	1	1	2	1	1	1	1	1	1	1	2	1	1	2	1	1	2	1	1	1	1	2	2	1	1	2	1	1	1	1	2	1	1	1	1	1	1	1
30	2	1	1	2	2	2	2	1	1	1	1	1	1	1	1	2	2	2	1	1	1	1	1	1	1	1	1	1	1	1	1	1	2	1	2	1	1	1	1	1	1	1	1	1	1	1	2	1	1	1	1	1	2	1	1	1	1	1	1	1	1	1	1	1	2	1	1	1	1	1	2	1	1	1	1	1	1	1	2	1	1	1	1	1	2	1	1	1	1	1	1	1	1	1	1
30	2	1	1	2	2	2	2	1	1	1	1	2	1	1	1	2	2	2	1	1	1	1	1	1	1	1	1	1	1	1	1	1	2	1	2	1	1	1	1	2	1	1	1	1	1	1	2	1	1	1	1	1	2	1	1	1	1	1	1	1	1	1	1	1	1	1	1	1	1	1	2	1	1	1	1	1	1	1	2	1	1	1	1	1	2	1	1	1	1	1	1	1	1	1	1
30	2	1	1	2	2	2	2	1	1	1	1	2	1	1	1	2	2	2	1	1	1	1	1	1	1	1	1	1	2	1	1	1	1	1	2	1	1	1	1	1	1	1	1	1	1	1	2	1	1	1	1	1	2	1	1	1	1	1	1	1	1	1	1	1	2	1	1	1	1	1	2	1	1	1	1	1	1	1	2	2	1	1	1	1	2	1	1	1	1	1	1	1	1	1	1
31	2	1	1	2	2	2	1	1	1	1	1	1	1	1	1	2	2	2	1	1	1	2	1	1	1	1	1	1	1	1	1	2	1	2	1	1	1	1	1	2	1	1	2	1	1	1	2	2	1	1	1	1	2	1	1	1	1	2	1	2	1	1	1	2	2	1	1	1	1	1	2	1	1	1	1	2	1	1	2	2	1	1	1	1	1	1	1	1	1	1	1	1	1	1	1
31	2	1	1	2	2	2	2	1	1	1	1	1	1	1	1	2	2	2	1	1	1	1	1	1	1	1	1	1	1	1	1	2	1	2	1	1	1	1	1	2	1	1	1	1	1	1	2	2	1	1	1	1	2	1	1	1	1	1	1	2	1	1	1	1	2	1	1	1	1	1	2	1	1	1	1	2	2	1	2	2	1	1	1	1	1	1	1	1	1	1	1	1	1	1	1
31	2	1	1	2	2	2	2	1	1	1	1	1	1	1	1	2	2	2	2	1	1	1	1	1	1	1	1	1	1	1	1	2	1	2	1	1	1	1	1	2	1	1	2	1	1	1	2	2	1	1	1	1	2	1	1	1	1	1	1	2	1	1	1	2	1	1	1	1	1	1	2	1	1	1	1	1	2	1	2	2	1	1	1	1	1	1	1	1	1	1	1	1	1	1	1
32	2	1	1	2	2	2	2	1	1	1	1	1	1	1	1	1	2	2	1	1	1	1	1	1	1	1	1	1	1	1	1	1	1	1	2	1	1	1	1	1	1	1	1	1	1	1	2	1	1	1	1	1	2	1	1	1	1	1	1	2	1	2	1	2	2	1	1	1	1	1	2	1	1	1	1	2	1	1	2	2	1	1	1	1	2	1	1	1	1	1	1	1	1	1	1
32	2	1	1	2	2	2	2	2	1	1	1	2	1	1	1	1	2	2	1	1	1	1	1	1	1	1	1	1	1	1	2	1	1	2	2	1	1	1	1	1	1	1	1	1	1	1	2	1	1	1	1	1	2	1	1	1	2	1	1	1	1	1	1	2	2	1	1	1	1	1	2	1	1	1	1	2	1	1	2	2	1	1	1	1	1	1	1	1	1	1	1	1	1	1	1
32	2	1	1	2	1	2	1	2	1	1	1	2	1	1	1	1	2	2	1	1	1	1	1	1	1	1	1	1	1	1	2	1	1	2	1	1	1	2	1	2	1	1	1	1	2	1	2	2	1	1	1	1	2	1	1	1	1	1	1	1	1	1	1	2	2	1	1	1	1	1	2	1	1	1	1	1	1	1	2	2	1	1	2	1	1	1	1	1	1	1	1	2	1	1	1
33	2	1	1	2	2	2	2	1	1	1	1	1	1	1	1	1	1	2	1	1	1	2	1	1	1	1	1	1	2	1	1	2	1	1	1	1	1	1	1	1	1	1	1	1	1	1	2	1	1	1	1	1	2	1	1	1	1	1	1	2	1	1	1	1	1	1	1	1	1	1	2	1	1	1	1	2	1	1	2	1	1	1	1	1	1	1	1	2	1	1	1	1	1	1	1
33	2	1	1	2	2	2	2	1	1	1	2	2	1	1	1	1	2	2	1	1	1	1	1	1	1	1	1	1	1	1	2	1	1	2	1	1	1	1	1	1	1	1	1	1	1	1	2	1	1	1	1	1	2	1	1	1	1	1	1	2	1	1	1	2	1	1	1	1	1	1	2	1	1	1	1	2	1	1	2	2	1	1	2	1	1	1	1	1	1	1	1	1	1	1	1
33	2	1	1	2	2	2	2	1	1	1	1	1	1	1	1	2	2	2	2	1	1	1	1	1	1	1	2	1	1	1	2	1	1	1	1	1	1	1	1	1	1	1	2	1	1	1	2	1	1	1	1	1	2	1	1	1	1	1	1	2	1	1	1	2	2	1	1	1	1	1	2	1	1	1	1	2	1	1	2	2	1	1	1	1	1	1	1	1	1	1	1	1	1	1	1
34	2	1	1	2	2	2	2	1	1	1	1	2	1	1	1	1	2	2	1	1	1	1	1	1	1	1	1	1	1	2	1	1	1	2	1	1	1	1	1	2	1	1	1	1	1	1	1	1	1	1	1	1	2	1	1	1	1	1	1	2	1	1	1	2	2	1	1	1	1	1	2	1	1	1	1	1	1	1	2	1	1	1	2	1	1	1	1	2	2	1	1	1	1	1	1
34	2	1	2	2	2	2	2	2	1	1	1	1	1	1	1	2	2	2	1	1	1	1	1	1	1	1	1	1	1	1	1	1	1	1	1	1	1	1	1	1	1	2	1	1	1	1	2	1	1	1	1	1	2	1	1	1	1	1	1	2	1	1	1	2	2	1	1	1	1	1	2	1	1	2	1	1	1	1	2	1	1	1	2	1	1	1	1	1	2	1	1	1	1	1	1
34	1	1	1	1	1	1	1	1	1	1	1	1	1	1	1	1	1	1	1	1	1	1	1	1	1	1	1	1	1	1	1	1	1	1	1	1	1	1	1	1	1	2	1	1	1	2	1	1	1	1	1	1	2	1	1	1	1	1	1	2	1	1	1	2	1	1	1	1	1	1	2	1	1	1	1	1	1	1	2	2	1	1	2	1	1	1	1	1	1	1	1	1	1	1	1
35	2	1	1	2	2	2	2	2	1	2	1	2	1	1	1	2	2	2	1	1	1	1	1	1	1	1	1	2	1	1	1	2	1	1	1	1	1	1	1	1	1	1	1	1	1	1	1	1	1	1	1	1	2	1	2	1	1	1	1	2	1	1	1	1	1	1	1	1	1	1	1	1	1	1	1	1	1	1	1	1	1	1	1	1	1	1	1	1	1	1	1	1	1	1	1
35	2	1	1	2	2	2	2	1	1	1	1	2	1	1	1	2	2	2	1	1	2	1	1	1	1	1	2	1	2	1	1	1	1	1	1	1	1	1	1	1	1	1	1	1	1	1	2	1	1	1	1	1	1	1	1	1	1	1	1	2	1	1	1	1	1	1	1	1	1	1	2	1	1	1	1	1	1	1	2	1	1	1	2	1	1	1	1	2	1	1	1	1	1	1	1
35	1	1	1	1	1	1	1	1	1	1	1	1	1	1	1	1	1	1	1	1	1	1	1	1	1	1	1	1	1	1	1	1	1	1	1	1	1	1	1	2	1	1	1	1	1	1	2	1	1	1	1	1	2	1	1	1	1	1	1	2	1	1	1	1	2	1	1	1	1	1	2	1	1	1	1	1	1	1	2	1	1	2	1	1	2	1	1	2	1	1	1	1	1	1	1
36	2	1	1	2	2	2	2	1	1	1	1	2	1	1	1	2	2	1	1	1	1	1	1	1	1	1	1	2	1	1	1	1	1	1	1	1	1	1	1	2	1	1	1	1	1	1	2	1	1	1	1	1	2	1	1	1	1	1	1	2	1	1	1	1	1	1	1	1	1	1	1	1	1	1	1	1	1	1	1	1	1	1	1	1	1	1	1	1	1	1	1	1	1	1	1
36	2	1	1	2	1	2	1	1	1	1	1	1	1	1	1	2	2	1	1	1	1	1	1	1	1	1	1	2	1	1	2	1	1	1	1	1	1	1	1	2	1	1	1	1	1	1	1	1	1	1	1	1	2	1	1	1	1	1	1	1	1	1	1	2	2	1	1	1	1	1	2	1	1	1	1	2	1	1	2	2	1	1	2	1	1	1	1	1	1	1	1	2	1	1	1
36	2	1	1	2	1	2	2	2	1	1	1	2	1	1	1	2	2	1	1	1	1	1	1	1	1	1	2	2	2	2	1	1	1	1	1	1	1	1	1	2	1	1	1	1	1	1	2	1	1	1	1	1	2	1	1	1	1	1	1	2	1	1	1	1	1	1	1	1	1	1	2	1	1	1	1	1	1	1	2	2	1	1	2	1	1	1	1	1	2	1	1	2	1	1	1
37	2	1	1	2	2	2	2	1	1	1	1	2	1	1	1	2	2	2	1	1	1	1	1	1	1	1	1	1	1	2	1	1	1	1	1	1	1	1	1	2	1	1	1	1	1	1	2	1	1	1	1	1	2	1	1	2	1	1	1	2	1	1	1	2	2	1	2	1	1	1	2	1	1	1	1	1	1	1	2	1	1	1	2	1	1	1	1	1	1	1	1	1	1	1	1
37	2	1	1	2	2	2	2	2	1	1	1	1	1	1	1	2	1	2	1	1	1	1	1	1	1	1	1	1	2	2	1	1	1	1	1	1	1	2	1	2	1	1	1	1	1	1	1	1	1	2	1	1	2	1	1	1	1	1	1	2	1	1	1	2	2	1	1	1	1	1	2	1	1	1	1	1	1	1	2	2	1	1	2	1	1	1	1	1	1	1	1	1	1	1	1
37	2	1	1	2	2	2	2	1	1	1	1	1	1	1	1	2	1	2	1	1	1	1	1	1	1	1	1	1	1	2	1	1	1	1	1	1	1	1	1	2	1	1	1	1	1	2	2	1	1	1	1	1	2	1	1	1	1	1	1	2	1	1	1	1	2	1	1	1	1	1	2	1	1	1	1	1	1	1	2	2	1	1	2	1	1	1	1	1	1	1	1	1	1	1	1
38	2	1	1	2	2	2	2	2	1	1	1	1	1	1	1	2	1	2	1	1	1	1	1	1	1	1	1	2	2	1	2	1	1	1	1	1	1	1	1	1	1	1	1	1	1	1	2	1	1	1	1	1	2	1	1	1	1	1	1	1	1	1	1	2	1	1	1	1	1	1	2	1	1	1	1	1	1	1	2	1	1	1	1	1	1	1	1	1	1	1	1	1	1	1	1
38	2	1	1	2	1	2	2	1	1	1	1	2	1	1	1	2	2	2	1	1	1	1	1	1	1	1	1	2	2	1	2	1	1	1	1	1	1	1	1	1	1	1	1	1	1	1	1	1	1	1	1	1	1	1	1	1	1	1	1	1	1	1	1	1	1	1	1	1	1	1	2	1	1	1	1	1	1	1	2	2	1	1	1	1	1	1	1	1	1	1	1	1	1	1	1
38	2	1	1	2	1	2	2	1	1	1	1	2	1	1	1	2	2	2	1	1	1	1	1	1	1	1	1	2	2	1	2	1	1	1	1	1	1	1	1	2	1	2	1	1	1	1	2	1	1	1	1	1	2	1	1	1	1	1	1	2	1	1	1	2	2	1	1	1	1	1	2	1	1	1	1	1	1	1	2	2	1	1	1	1	1	1	1	1	1	1	1	1	1	1	1
39	2	1	1	2	2	2	2	1	1	1	1	2	1	1	1	1	2	2	1	1	2	1	1	1	1	1	1	1	2	1	1	1	1	2	1	1	1	1	1	1	1	1	1	1	1	1	2	2	1	2	1	1	2	1	1	1	1	1	1	2	1	1	1	1	1	1	1	1	1	1	2	1	1	1	1	1	1	1	2	2	1	1	2	2	1	1	1	2	1	1	1	1	1	1	1
39	2	1	1	2	1	2	2	1	1	1	1	1	1	1	1	2	2	2	1	1	1	1	1	1	1	1	1	1	1	1	2	1	1	1	1	1	1	1	1	1	1	1	1	1	1	1	2	2	1	2	1	1	2	1	1	1	1	1	1	1	1	2	1	2	2	1	1	1	1	1	2	1	1	2	1	2	1	1	2	2	1	1	1	2	1	1	1	1	1	2	1	1	1	1	1
39	2	2	1	2	1	2	2	1	1	1	1	1	1	1	1	1	1	2	1	1	1	1	1	1	1	1	1	1	1	2	1	1	1	1	1	1	1	1	1	1	1	1	1	1	1	1	2	1	1	1	1	1	2	1	1	1	1	1	1	2	1	1	1	1	2	1	1	1	1	1	2	1	1	1	1	1	1	1	2	2	1	1	1	2	1	1	1	1	1	1	1	1	1	1	1
40	2	2	1	2	2	1	2	1	1	1	1	1	1	1	1	2	1	2	1	1	1	1	1	1	1	1	1	1	1	1	2	1	1	1	2	1	1	1	1	1	1	1	1	1	1	1	2	2	1	1	1	1	2	1	1	1	1	1	1	2	1	1	1	2	2	1	1	1	1	1	2	1	1	1	1	1	1	1	2	2	1	1	2	2	1	1	1	1	1	1	1	1	1	1	1
40	2	1	1	2	2	2	2	1	1	1	2	2	1	1	1	2	1	2	1	1	1	1	1	1	1	1	2	1	1	1	1	2	1	1	1	1	1	2	1	1	1	1	2	1	1	1	2	1	1	1	1	1	2	1	1	1	1	1	1	2	1	2	1	1	2	1	1	1	1	1	2	1	1	1	1	1	1	1	1	2	1	1	1	1	1	1	1	1	1	1	1	1	1	1	1
40	1	1	1	2	2	2	2	1	1	1	1	1	1	1	1	2	1	2	1	1	1	2	1	1	1	1	1	1	1	1	1	1	1	1	1	1	1	2	1	1	1	1	1	1	1	1	2	1	1	1	1	1	2	1	1	1	1	1	1	2	1	1	1	1	2	1	1	1	1	1	2	1	1	1	1	1	1	1	2	2	1	1	1	1	1	1	1	1	1	1	1	1	1	1	1
41	2	1	2	2	2	2	2	2	1	1	1	1	1	1	1	1	2	2	1	1	1	1	1	1	1	1	1	2	2	1	2	1	1	1	1	1	2	1	1	1	1	2	1	1	1	1	2	2	1	1	1	1	2	1	1	1	1	1	1	2	1	1	1	1	1	1	1	1	1	1	2	1	1	1	1	1	1	1	2	2	1	1	1	1	1	1	1	1	1	1	1	1	1	1	1
41	2	1	1	2	2	1	2	1	1	1	1	1	1	1	1	1	2	2	1	1	1	1	1	1	1	1	1	2	1	1	2	1	1	1	1	1	1	1	1	2	1	1	1	1	1	1	2	2	1	1	1	2	2	1	1	1	1	1	1	1	1	1	1	1	2	1	1	1	1	1	2	1	1	1	1	1	1	1	2	1	1	1	1	1	1	1	1	1	1	1	1	1	1	1	1
41	2	1	1	2	2	2	2	1	1	1	2	2	1	1	1	1	2	2	1	1	1	1	1	1	1	1	1	2	1	1	2	1	1	1	1	1	1	1	1	1	1	2	1	1	1	2	2	2	1	1	1	1	2	1	1	1	1	1	1	2	1	1	1	1	2	1	1	1	1	1	2	1	1	1	1	1	1	1	2	1	1	1	1	1	1	1	1	1	1	1	1	1	1	1	1
42	2	1	1	2	2	2	2	1	1	1	1	2	1	1	1	2	2	1	1	1	1	1	1	1	1	1	1	2	1	1	1	2	1	1	1	1	1	1	1	1	1	1	1	1	1	1	2	1	1	1	1	1	2	1	1	1	1	1	1	2	1	1	1	2	2	1	1	1	1	1	2	1	1	1	1	1	1	1	2	1	1	1	2	1	1	1	1	1	1	1	1	1	1	1	1
42	2	1	1	2	2	2	2	1	1	2	1	1	1	1	1	2	2	1	1	1	1	1	1	1	1	1	1	1	1	1	1	2	1	1	1	1	1	1	1	1	1	1	2	1	1	1	2	1	1	1	1	1	2	1	1	1	1	1	1	2	1	1	1	1	2	1	1	1	1	1	2	1	1	1	1	2	1	1	2	2	1	1	1	1	1	1	1	1	1	1	1	1	1	1	1
42	2	1	1	2	2	2	2	1	1	2	1	2	1	1	1	2	1	1	1	1	1	1	1	1	1	1	1	1	1	1	1	2	1	1	1	1	1	1	1	1	1	1	2	1	1	1	2	1	1	1	1	1	2	1	1	1	1	1	1	2	1	1	1	1	2	1	1	1	1	1	2	1	1	1	1	1	2	1	2	2	1	1	1	1	1	1	1	1	1	1	1	1	1	1	1
43	2	1	1	2	2	2	2	1	1	1	1	1	1	1	1	2	2	2	1	1	2	1	1	1	1	1	2	2	1	1	2	2	1	2	2	1	1	1	1	1	1	1	1	1	2	1	2	1	1	1	1	1	2	1	1	1	1	1	1	2	1	1	1	2	1	1	1	1	1	1	2	1	1	1	1	1	1	1	2	2	1	1	1	1	1	1	1	1	2	1	1	1	1	1	1
43	2	1	1	2	2	2	2	1	1	1	1	1	1	1	1	1	2	1	1	1	1	1	1	1	1	1	1	2	2	1	1	1	1	1	1	1	1	1	1	1	1	1	1	1	1	1	1	1	1	1	1	1	2	1	1	1	1	1	1	2	1	1	1	2	1	1	1	1	1	1	2	1	1	1	1	1	1	1	2	2	1	1	2	1	1	1	1	1	1	1	1	1	1	1	1
43	2	1	1	2	2	2	2	1	1	2	1	1	1	1	1	2	2	2	1	1	1	1	1	1	1	1	1	2	1	1	1	1	1	1	1	1	1	1	1	1	1	2	1	1	1	1	2	1	1	1	1	1	2	1	1	1	1	1	1	1	2	1	1	1	1	1	1	1	1	1	2	1	2	1	1	1	1	1	2	2	1	1	1	1	1	1	1	1	1	1	1	1	1	1	1
44	1	1	1	2	2	2	2	1	1	1	1	1	1	1	1	2	2	2	2	1	2	1	1	1	1	1	1	2	1	1	1	1	1	1	1	1	1	1	1	2	1	1	1	1	1	1	1	1	1	1	1	1	2	1	1	1	1	1	1	2	1	1	1	2	1	1	2	1	1	1	2	1	1	1	1	1	1	1	2	2	1	1	1	1	1	1	1	1	1	1	1	1	1	1	1
44	1	1	1	1	1	1	1	1	1	1	1	1	1	1	1	1	1	1	1	1	1	1	1	1	1	1	1	1	1	1	1	1	1	1	1	1	1	1	1	2	1	1	1	1	1	1	1	1	1	2	1	1	2	1	1	1	1	1	1	2	2	1	1	2	1	1	1	1	1	1	2	2	1	1	1	1	1	1	2	2	1	1	1	1	1	1	1	1	1	1	1	1	1	1	1
44	2	1	1	2	2	2	2	2	1	1	1	2	1	1	1	2	2	1	2	1	2	1	1	1	1	1	1	2	2	1	1	1	2	1	1	1	1	1	1	2	1	1	1	1	1	1	1	1	1	1	1	1	2	1	1	1	1	1	1	1	1	1	1	2	2	1	1	1	1	1	2	1	1	1	1	2	1	1	2	2	1	1	1	1	1	1	1	1	1	1	1	1	1	1	1
45	2	1	2	2	2	1	2	1	1	1	1	2	1	1	1	2	1	2	1	1	1	1	1	1	1	1	1	2	2	2	1	1	2	1	1	1	1	1	1	2	1	1	1	1	1	1	1	1	1	2	1	1	2	1	1	1	1	1	1	2	1	1	1	2	1	1	1	1	1	1	2	1	1	1	1	1	2	1	2	2	1	1	1	1	1	1	1	1	1	1	1	1	1	1	1
45	1	1	1	1	1	1	1	1	1	1	1	1	1	1	1	1	1	1	1	1	1	1	1	1	1	1	1	1	1	1	1	1	1	1	1	1	1	1	1	2	1	1	1	1	1	1	1	1	1	2	1	1	2	1	1	1	1	1	1	1	1	1	1	2	1	1	1	1	1	1	2	1	1	1	1	1	1	1	2	1	1	1	2	1	2	1	1	1	1	1	1	1	1	1	1
45	2	1	1	2	2	2	2	1	1	1	1	2	1	1	1	2	1	1	1	1	1	1	1	1	1	1	1	2	1	2	1	1	2	2	1	1	1	1	1	2	1	1	1	1	1	1	1	1	1	1	1	1	2	1	1	1	1	1	1	1	1	1	1	2	1	1	1	1	1	1	2	1	1	1	1	1	1	1	2	2	1	1	1	1	1	1	1	1	1	1	1	1	1	1	1
46	2	1	1	2	2	2	2	1	1	2	1	1	1	1	1	1	2	2	1	1	1	1	1	1	1	1	1	2	2	1	2	1	1	1	1	2	1	1	1	2	1	1	1	1	1	1	2	1	1	1	1	1	2	1	1	1	1	1	1	2	1	1	1	2	1	1	1	1	1	1	2	1	1	2	1	1	1	1	2	2	1	1	1	1	1	1	1	1	1	1	1	1	1	1	1
46	2	1	1	2	2	2	2	1	1	1	2	1	1	1	1	1	2	2	1	1	1	1	1	1	1	1	1	1	2	2	1	1	1	2	1	2	1	1	1	2	1	2	1	1	1	1	1	1	1	1	1	1	2	1	1	1	2	1	1	2	1	1	1	1	1	1	1	1	1	1	2	1	1	1	1	1	1	1	2	2	1	1	1	1	1	1	1	1	1	2	1	1	1	1	1
46	2	1	1	2	2	2	1	1	1	1	2	1	1	1	1	2	2	1	1	1	1	1	1	1	1	1	1	1	2	1	1	1	1	2	1	2	1	1	1	2	1	1	1	1	1	1	2	1	1	1	1	1	2	1	1	1	1	1	1	2	1	1	1	1	2	1	1	1	1	1	2	1	1	1	1	1	1	1	2	2	1	1	1	1	1	1	1	1	1	1	1	1	1	1	1
47	1	1	1	2	2	2	2	1	1	1	2	1	1	1	1	2	2	2	1	1	1	1	1	1	1	1	1	1	1	1	1	2	1	1	2	1	1	1	1	2	1	1	1	2	1	1	2	1	1	1	1	1	2	1	1	1	1	1	1	1	1	1	1	2	1	1	1	1	1	1	2	1	1	2	1	1	1	1	2	2	1	1	1	2	1	1	1	1	1	1	1	1	1	1	1
47	1	1	1	2	2	2	2	1	1	1	1	2	1	1	1	2	2	1	1	1	1	1	1	1	1	1	1	1	1	2	1	1	1	1	2	1	1	1	1	2	1	1	1	1	1	1	2	1	1	1	1	1	2	1	1	1	1	1	1	2	1	1	1	2	2	1	1	1	1	1	2	1	1	2	1	1	1	1	2	2	1	1	2	1	2	1	1	1	1	1	1	1	1	1	1
47	1	1	1	2	2	2	2	1	1	1	2	2	1	1	1	2	2	1	1	1	1	1	1	1	1	1	1	2	1	1	1	1	1	1	2	1	1	1	1	2	1	2	1	1	1	1	1	1	1	1	1	1	2	1	1	1	1	1	1	1	1	1	1	2	2	1	1	1	1	1	2	2	1	1	1	1	1	1	1	2	1	1	1	1	2	1	1	1	1	1	1	1	1	1	1
48	2	1	1	2	2	2	1	1	1	1	2	1	1	1	1	2	2	2	1	1	1	1	1	1	1	1	1	1	2	1	1	2	1	1	1	1	1	1	1	2	1	1	1	1	1	1	2	1	1	2	1	1	2	1	1	1	1	1	1	2	1	1	1	1	1	1	1	1	1	1	2	2	1	1	1	1	1	1	2	1	1	1	1	1	1	1	1	1	1	1	1	1	1	1	1
48	2	1	1	2	2	2	2	1	1	1	2	1	1	1	1	2	2	2	1	1	1	1	1	1	1	1	1	1	2	1	1	2	1	1	1	1	1	1	1	2	1	1	1	1	1	1	2	1	1	1	1	1	2	1	1	1	1	1	1	2	1	1	1	1	1	1	1	1	1	1	2	1	1	1	1	1	1	1	1	2	1	1	1	1	1	1	1	1	1	1	1	1	1	1	1
48	2	1	1	2	2	2	1	1	1	2	2	2	1	1	1	2	1	2	1	1	1	1	1	1	1	1	1	2	1	1	1	2	1	1	1	1	1	1	1	1	1	1	1	1	1	1	2	1	1	1	1	1	2	1	1	1	1	1	1	2	1	1	2	1	1	1	1	1	1	2	2	1	1	1	1	1	1	1	2	2	1	1	1	1	1	1	1	1	1	1	1	1	1	1	1
49	2	1	2	2	2	2	2	1	1	1	1	2	1	1	1	2	1	1	1	1	1	1	1	1	1	1	1	1	1	1	1	1	1	2	2	1	1	1	1	1	1	1	1	1	1	1	2	2	1	1	1	1	2	1	1	1	1	1	1	1	1	1	1	2	1	1	1	1	1	1	2	1	1	1	1	1	1	1	2	2	1	2	2	1	1	1	1	1	1	1	1	1	1	1	1
49	2	1	1	2	2	2	2	1	1	1	1	2	1	1	1	2	1	1	1	1	1	1	1	1	2	1	1	1	1	1	2	1	1	1	1	1	2	1	1	2	1	2	1	1	1	1	2	1	1	1	1	1	2	1	1	1	1	1	1	2	1	1	1	1	1	1	1	1	1	1	2	1	1	1	1	1	2	1	2	2	1	2	1	1	1	1	1	1	1	1	1	1	1	1	1
49	2	1	1	2	2	2	2	1	1	1	1	2	1	1	1	1	1	2	1	1	1	1	1	1	1	1	1	1	1	1	2	1	1	2	1	1	1	1	1	2	1	1	2	1	1	1	2	1	1	1	1	1	2	1	2	1	1	1	1	2	1	1	1	1	2	1	1	1	1	1	2	1	1	1	1	1	1	1	2	2	1	1	2	1	1	1	1	1	1	1	1	1	1	1	1
50	1	1	1	2	2	1	2	1	1	1	1	2	1	1	1	2	2	1	1	1	1	1	1	1	1	1	1	1	1	1	1	2	1	1	1	1	1	1	2	1	1	1	1	1	1	1	2	1	1	1	1	1	2	1	1	1	2	1	1	2	1	1	1	1	1	1	1	1	1	1	2	2	1	1	2	2	1	1	2	1	1	1	1	1	1	1	1	1	1	1	1	1	1	1	1
50	2	1	1	2	2	2	1	1	1	1	1	2	1	1	1	2	2	2	1	1	1	1	1	1	1	1	1	1	1	1	1	2	1	1	1	1	1	1	2	1	1	1	2	1	1	1	2	1	1	1	1	1	2	1	1	1	2	1	1	2	1	1	1	2	1	1	1	1	1	1	2	1	1	1	2	1	1	1	2	1	1	1	1	1	1	1	1	1	1	1	1	1	1	1	1
50	2	2	1	2	2	2	2	1	1	1	1	2	1	1	1	2	2	2	1	1	1	1	1	1	1	1	2	1	1	1	1	2	1	1	1	1	1	1	2	1	1	1	2	1	1	1	2	2	1	1	1	1	2	1	1	1	1	1	1	2	1	1	1	1	2	1	1	1	1	1	2	1	1	1	2	2	1	1	2	2	1	1	1	1	1	1	1	1	1	1	1	1	1	1	1
51	2	1	1	2	2	2	2	1	1	1	1	1	1	1	1	2	2	2	1	1	1	1	1	1	1	1	1	2	2	1	1	1	1	2	1	1	2	1	1	2	1	1	1	1	1	2	2	1	1	1	1	2	2	1	1	1	1	1	1	2	1	1	1	2	1	1	2	1	1	1	2	1	1	1	1	2	1	1	2	2	1	1	1	1	1	1	1	1	1	1	1	1	1	1	1
51	1	1	1	2	2	2	2	2	1	1	1	1	1	1	1	2	2	1	1	1	1	1	1	1	1	1	1	2	1	1	1	1	1	1	1	1	1	1	1	1	1	1	1	1	1	1	2	1	1	1	1	1	2	1	1	1	1	1	1	2	1	1	1	1	1	1	1	1	1	1	1	1	1	1	1	1	1	1	1	1	1	1	1	1	1	1	1	1	1	1	1	1	1	1	1
51	2	1	1	2	1	2	2	1	1	1	1	2	1	1	1	1	2	1	2	1	1	1	1	1	1	1	1	2	1	1	1	1	1	2	1	1	1	1	1	2	1	1	1	1	1	1	2	1	1	1	1	1	2	1	1	1	1	1	1	2	1	1	1	2	1	1	1	1	1	1	2	1	1	1	1	1	1	1	2	2	1	1	1	1	1	1	1	1	1	1	1	1	1	1	1
52	2	1	1	2	2	1	2	1	1	1	1	1	1	1	1	2	2	1	1	1	1	1	1	1	1	1	1	2	1	1	2	1	1	2	1	1	1	2	1	2	1	1	1	1	1	1	2	1	1	1	1	1	2	1	1	1	1	1	1	1	1	1	1	2	1	1	1	1	1	1	2	1	1	1	1	2	1	1	2	2	1	1	1	2	2	1	1	1	1	1	1	1	1	1	1
52	2	1	1	2	2	1	2	1	1	1	1	1	1	1	1	2	2	2	1	1	1	1	1	1	1	1	1	2	1	2	1	1	1	2	1	1	2	1	1	2	1	1	1	1	1	1	1	1	1	2	1	1	2	1	1	1	1	1	1	1	1	1	1	2	1	1	1	1	1	1	2	1	1	1	1	2	1	1	2	2	1	1	2	2	1	1	1	1	1	1	1	1	1	1	1
52	1	1	1	1	1	1	1	1	1	1	1	1	1	1	1	1	1	1	1	1	1	1	1	1	1	1	1	1	1	1	1	1	1	1	1	1	1	1	2	1	1	1	1	2	1	1	2	1	1	1	1	1	2	1	2	1	1	1	1	1	1	1	1	1	2	1	1	1	1	1	2	1	1	1	1	1	1	1	2	2	1	1	1	2	1	1	1	1	1	1	1	1	1	1	1
53	2	1	2	2	2	2	2	1	1	2	1	2	1	1	1	2	2	2	2	1	1	1	1	1	1	1	1	1	1	1	1	1	1	1	1	1	1	1	1	1	1	1	1	1	1	1	2	1	1	1	1	1	2	1	1	1	1	1	1	1	1	1	1	1	2	1	1	1	1	1	2	1	1	1	1	1	1	1	2	1	1	1	2	1	1	1	1	1	1	1	1	1	1	1	1
53	2	1	2	2	2	2	2	1	1	1	1	1	1	1	1	2	2	2	1	1	1	1	1	1	1	1	1	1	1	1	1	1	1	2	1	1	1	1	1	1	1	2	1	1	1	1	2	1	1	1	1	1	2	1	2	1	1	1	1	2	1	1	1	1	1	1	1	1	1	1	2	1	1	1	1	1	1	1	2	1	1	1	2	1	2	1	1	1	1	1	1	1	1	1	1
53	1	1	1	2	2	2	2	1	1	1	1	1	1	1	1	2	2	2	1	1	1	1	1	1	1	1	1	2	1	1	1	1	1	1	1	1	1	1	1	2	1	1	1	1	1	1	2	2	1	1	1	1	2	1	1	1	1	1	1	1	1	1	1	1	1	1	1	1	1	1	2	1	1	1	1	1	1	1	2	2	1	1	2	1	2	1	1	1	1	1	1	1	1	1	1
54	1	1	1	1	1	1	1	1	1	1	1	1	1	1	1	1	1	1	1	1	1	1	1	1	1	1	1	1	1	1	1	1	1	1	1	1	1	1	1	2	1	1	1	1	2	1	2	1	1	1	1	2	2	1	1	1	1	1	1	2	1	1	1	2	2	1	1	1	1	1	2	1	1	1	1	1	1	1	2	2	1	1	1	1	2	1	1	1	1	1	1	1	1	1	1
54	2	1	1	2	2	2	2	2	1	1	1	2	1	1	1	2	1	2	1	1	1	1	1	1	1	1	1	2	1	2	1	1	1	1	1	1	1	2	1	2	1	1	1	1	1	1	2	1	1	1	1	1	2	1	1	1	1	1	1	2	1	1	1	1	1	1	1	1	1	1	2	1	1	2	1	1	1	1	2	2	1	1	1	1	2	1	1	1	1	1	1	2	1	1	1
54	2	1	1	2	2	2	2	2	1	1	1	1	1	1	1	2	1	2	2	1	1	1	1	1	1	1	1	1	1	1	1	1	1	1	2	1	1	1	1	2	1	1	1	1	1	1	2	1	1	1	1	2	2	1	1	1	1	1	1	2	1	1	1	1	2	1	1	1	1	1	2	1	1	1	1	1	1	2	2	2	1	1	2	1	2	1	1	1	1	1	1	1	1	1	1
55	2	2	1	2	2	2	2	1	1	1	1	1	1	1	1	2	2	1	1	1	1	1	2	1	1	1	1	2	1	1	1	1	1	1	1	1	1	1	1	2	1	2	1	1	1	1	2	1	1	1	1	1	1	1	1	1	1	1	1	1	1	1	1	2	1	1	2	1	1	1	2	1	1	1	1	1	1	1	2	2	1	1	1	1	1	1	1	1	1	1	1	2	1	1	1
55	2	2	1	2	2	2	2	1	1	1	2	2	1	1	1	2	2	1	1	1	1	1	2	1	1	2	1	2	1	1	2	1	1	1	1	1	1	2	1	1	1	1	1	1	1	2	2	1	1	1	1	1	2	1	1	1	1	1	1	1	1	1	1	2	1	1	2	1	1	1	2	1	1	1	1	2	1	1	2	1	1	1	1	1	1	1	1	1	1	1	1	2	1	1	1
56	2	1	1	2	2	2	2	1	1	1	2	2	1	1	1	2	2	1	1	1	1	1	1	1	1	1	1	2	1	1	1	1	1	1	1	1	2	2	1	2	1	2	1	2	2	2	2	1	1	1	1	1	2	1	1	1	1	1	1	1	1	1	1	1	1	1	1	1	1	1	1	1	1	1	1	1	1	1	1	1	1	1	1	1	1	1	1	1	1	1	1	1	1	1	1
56	2	1	2	2	2	2	2	2	1	1	1	1	1	1	1	2	2	2	1	1	1	1	1	1	1	1	1	1	1	1	1	1	1	1	1	1	1	1	1	2	1	1	1	2	1	1	2	1	1	1	1	1	2	1	1	1	1	2	1	2	1	1	1	2	1	1	1	1	1	1	2	1	1	1	1	1	1	1	2	2	1	1	1	1	1	1	1	1	1	1	1	1	1	1	1
57	2	1	1	2	1	2	2	2	1	1	1	2	1	1	1	2	1	2	1	1	1	1	2	1	1	1	1	2	1	1	1	1	1	1	1	1	1	1	1	2	1	1	1	1	1	1	1	1	1	1	1	1	2	1	1	1	1	1	1	2	1	1	1	2	2	1	2	1	1	1	2	1	1	2	1	1	2	1	2	1	1	1	1	2	1	1	1	1	1	1	1	1	1	1	1
57	2	1	1	2	2	2	2	1	1	2	2	2	1	1	1	2	2	2	1	1	1	1	1	1	1	1	1	2	1	2	1	1	1	1	1	1	1	1	1	2	1	1	1	1	1	1	2	1	1	1	1	1	2	1	1	1	1	1	1	2	1	1	1	2	2	1	2	1	1	1	2	1	1	2	1	1	1	1	2	1	1	1	1	2	1	2	1	1	1	1	1	1	1	1	1
57	2	1	1	2	2	2	2	2	1	1	1	2	1	1	1	2	2	2	1	1	1	1	2	1	1	1	1	2	1	2	2	1	1	1	1	1	1	1	1	2	1	1	2	1	1	2	1	1	1	1	1	1	2	1	1	1	1	1	1	1	1	1	1	2	1	1	2	1	1	1	2	1	1	2	1	1	2	1	2	1	1	1	1	1	1	1	1	1	1	1	1	1	1	1	1
58	2	1	1	2	2	2	2	1	1	1	1	2	1	1	1	2	2	2	1	1	1	1	1	1	1	1	1	1	1	1	2	1	1	1	1	1	1	2	1	2	1	1	1	1	1	1	2	1	1	1	1	1	2	1	1	1	1	1	1	2	1	1	1	1	1	1	1	1	1	1	2	1	1	1	1	1	1	1	2	2	1	1	1	1	1	2	1	1	1	1	1	1	1	1	1
58	2	1	1	2	2	2	2	1	1	1	1	2	1	1	1	2	1	2	1	1	1	1	1	1	1	1	1	1	1	1	2	1	1	1	1	1	1	2	1	1	1	1	1	1	1	1	2	1	1	1	1	1	2	1	1	1	1	1	1	2	1	1	1	1	1	1	1	1	1	1	2	1	1	1	1	1	1	1	1	1	1	1	1	1	1	1	1	1	1	1	1	1	1	1	1
58	2	1	1	2	2	2	2	1	1	1	1	2	1	1	1	2	1	2	1	1	1	1	1	1	1	1	1	2	1	1	2	1	1	1	1	1	1	1	1	2	1	1	1	1	1	1	2	1	1	1	1	1	2	1	1	1	1	1	1	2	1	1	1	1	1	1	1	1	1	1	2	2	1	1	1	1	1	1	1	1	1	1	1	1	1	1	1	1	1	1	1	1	1	1	1
59	2	1	1	2	2	2	2	1	1	2	1	2	1	1	1	1	2	2	1	1	1	1	1	1	1	1	2	1	1	1	1	1	1	1	1	1	1	1	1	1	1	1	1	1	1	1	2	1	1	1	1	1	1	1	1	1	1	1	1	1	1	1	1	1	1	1	1	1	1	1	2	1	1	1	1	1	1	1	1	2	1	1	1	1	1	1	1	1	1	1	1	1	1	1	1
59	2	1	1	2	2	2	2	1	1	1	1	2	1	2	1	1	2	2	1	1	1	1	1	1	1	1	2	1	1	1	2	1	1	1	1	1	1	1	1	1	1	1	1	1	1	1	2	2	1	1	1	1	1	1	1	1	1	1	1	2	1	1	1	1	1	1	1	1	1	1	2	1	1	1	1	1	1	1	1	2	1	1	1	1	1	1	1	1	1	1	1	1	1	1	1
59	2	1	1	2	1	2	2	1	1	1	1	2	1	1	1	1	2	2	1	1	1	1	1	1	1	1	2	2	1	1	1	1	1	1	1	1	1	1	1	1	1	1	1	1	1	1	2	2	1	1	1	1	1	1	1	1	1	1	1	2	1	1	1	1	1	1	1	1	1	1	1	1	1	1	1	1	1	1	1	1	1	1	1	1	1	1	1	1	1	1	1	1	1	1	1
60	2	1	1	2	1	2	2	1	1	1	1	1	1	1	1	2	1	2	1	1	1	1	1	1	1	1	1	1	1	1	2	1	1	1	1	1	1	1	1	1	1	1	1	1	1	1	2	2	1	2	1	1	2	1	1	1	1	1	1	2	1	1	1	1	1	1	1	1	1	1	2	1	1	1	1	2	1	1	2	2	1	2	1	2	1	1	1	1	1	1	1	1	1	1	1
60	2	1	1	2	2	2	1	1	1	1	1	2	1	1	1	2	1	2	1	1	1	1	1	1	1	1	2	1	1	1	2	1	1	2	1	1	1	2	1	1	1	1	1	1	1	1	2	2	1	1	1	1	2	1	1	1	1	1	1	1	1	1	1	1	1	1	1	1	1	1	2	1	1	1	1	1	1	1	2	2	1	1	1	2	1	1	1	2	1	1	1	1	1	1	1
60	1	1	1	1	1	1	1	1	1	1	1	1	1	1	1	1	1	1	1	1	1	1	1	1	1	1	1	1	1	1	1	1	1	1	1	1	1	1	1	1	1	1	2	1	1	1	2	2	1	1	1	1	2	1	1	1	1	1	1	2	1	1	1	1	1	1	1	1	1	1	2	1	1	1	1	2	1	1	2	1	1	2	1	1	1	1	1	1	1	1	1	1	1	1	1
61	2	1	1	2	2	2	2	2	1	1	1	1	1	1	1	1	1	2	1	1	1	1	1	1	1	1	1	1	1	1	1	1	1	2	1	1	1	1	1	1	1	1	1	1	1	1	2	2	1	1	1	1	2	1	1	1	1	1	1	2	1	1	1	2	2	1	1	1	1	1	2	1	1	1	1	1	1	1	2	2	1	2	1	2	2	1	1	1	1	1	1	1	1	1	1
61	2	1	1	2	1	2	2	1	1	1	1	2	1	1	1	2	2	1	1	1	1	1	1	1	1	1	1	1	1	1	1	1	1	1	1	1	1	1	1	1	1	1	1	1	1	1	2	1	1	1	1	1	2	1	1	1	1	1	1	1	1	1	1	2	2	1	2	1	1	1	2	1	1	1	1	1	1	1	2	2	1	1	1	2	1	1	1	1	1	1	1	1	1	1	1
61	2	1	1	2	1	2	2	1	1	1	1	1	1	1	1	2	1	2	1	1	1	1	1	1	1	1	1	1	1	1	1	1	1	2	1	1	1	1	1	1	1	1	2	1	1	1	2	1	1	1	1	1	2	1	1	1	1	1	1	2	1	1	1	1	2	1	1	1	1	1	2	1	1	1	1	1	1	1	2	2	1	1	1	1	1	1	1	1	1	1	1	1	1	1	1
62	2	1	1	2	2	2	2	2	1	1	1	1	1	1	1	2	2	1	1	1	1	1	1	1	1	1	1	2	1	1	2	2	1	1	1	1	1	1	1	1	1	1	1	1	1	1	2	1	1	1	1	1	2	1	1	1	1	1	1	1	1	1	1	1	2	1	1	1	1	1	2	1	1	1	1	2	1	1	2	1	1	1	2	2	1	1	1	1	1	1	1	1	1	1	1
62	1	1	1	2	1	1	1	1	1	1	1	1	1	1	1	1	1	1	1	1	1	1	1	1	1	1	1	1	1	1	1	2	1	1	1	1	1	1	1	2	1	1	1	1	1	1	2	1	1	1	1	1	2	1	1	1	1	1	1	2	1	1	1	1	2	1	1	1	1	1	2	1	1	1	1	2	1	1	2	1	1	1	2	2	1	1	1	1	1	1	1	1	1	1	1
62	2	1	1	2	2	2	2	2	1	1	1	1	1	1	1	2	1	1	1	1	1	1	1	1	1	1	1	1	1	1	1	2	1	1	1	1	1	1	1	2	1	1	1	1	1	1	2	1	1	1	1	1	2	1	1	1	1	1	1	2	1	1	1	1	2	1	1	1	1	1	2	1	1	1	1	2	1	1	2	1	1	1	2	2	1	1	1	1	1	1	1	1	1	1	1
63	2	1	1	2	1	1	2	2	1	1	1	1	1	1	1	2	2	1	1	1	1	1	1	1	1	1	1	2	1	1	1	1	1	1	1	1	1	1	1	2	1	1	1	1	1	1	1	1	1	1	1	1	2	1	1	1	1	1	1	2	1	1	1	2	1	1	1	1	1	1	2	1	1	1	1	2	1	1	2	2	1	1	1	2	1	1	1	1	1	1	1	1	1	1	1
63	2	1	1	2	1	1	2	2	1	1	1	1	1	1	1	2	2	1	1	1	1	1	1	1	1	1	1	2	1	1	1	1	1	2	1	1	1	1	1	2	1	1	1	1	1	1	1	1	1	1	1	1	2	1	1	1	1	1	1	2	1	1	1	2	1	1	2	1	1	1	2	1	1	1	1	2	1	1	2	2	1	1	1	1	1	1	1	1	1	1	1	1	1	1	1
63	2	1	1	2	1	2	2	2	1	1	1	1	1	1	1	2	2	1	1	1	1	1	1	1	1	1	1	2	1	1	1	1	1	1	1	1	1	1	1	2	1	1	1	1	1	1	1	1	1	2	1	2	2	1	1	1	1	1	1	1	1	1	1	2	1	1	1	1	1	1	2	1	1	1	1	2	1	1	2	2	1	1	1	1	1	1	1	1	1	1	1	1	1	1	1
64	2	1	1	2	2	2	2	1	1	1	1	1	1	1	1	2	2	1	1	1	1	1	1	1	1	1	1	2	1	1	1	1	1	1	1	1	1	1	1	2	1	1	1	1	1	1	2	1	1	1	1	1	2	1	1	1	1	1	1	1	1	1	1	2	1	1	2	1	1	1	2	1	1	1	1	2	1	1	2	2	1	1	1	2	1	1	1	1	1	1	1	1	1	1	1
64	2	1	1	2	2	1	2	2	1	1	1	1	1	1	1	2	2	2	1	1	1	1	1	1	1	1	1	2	1	1	1	1	1	1	1	1	1	1	1	1	1	1	1	1	1	1	1	1	1	1	1	1	2	1	1	1	1	1	1	2	2	1	1	2	2	1	2	1	1	1	2	1	1	1	1	1	1	1	2	1	1	1	2	1	1	1	1	1	1	1	1	1	1	1	1
64	2	1	1	2	1	2	2	1	1	1	1	1	1	1	1	2	2	1	1	1	1	1	1	1	1	1	1	2	1	1	2	1	1	1	1	1	1	1	1	2	1	1	1	1	1	1	2	2	1	1	1	1	2	1	1	1	1	1	1	2	1	2	1	2	2	1	1	1	1	1	2	1	1	1	1	1	1	1	2	2	1	1	2	1	1	1	1	1	1	1	1	1	1	1	1
65	2	1	1	2	1	2	2	1	1	1	1	1	1	1	1	2	2	1	1	1	1	1	1	1	1	1	1	2	1	2	1	1	1	1	1	1	1	1	1	2	1	1	1	1	1	1	1	1	1	1	1	1	2	1	1	1	1	1	1	1	1	1	1	2	1	1	1	1	1	1	2	1	1	1	1	2	1	2	2	1	1	1	1	1	1	2	1	1	2	1	1	1	1	1	1
65	2	1	1	2	2	2	2	1	1	1	1	1	1	1	1	2	2	1	1	1	1	1	1	1	1	1	1	2	1	1	1	1	1	1	1	1	1	1	1	2	1	1	1	1	1	1	1	1	1	2	1	1	2	1	1	1	1	1	1	1	1	1	1	2	1	1	1	1	1	1	2	1	1	1	1	2	1	1	2	1	1	1	1	1	1	1	1	1	1	1	1	2	1	1	1
65	2	1	1	2	1	2	2	2	1	1	2	1	1	1	1	2	2	1	1	1	1	1	1	1	1	1	1	2	1	2	1	1	1	1	1	1	1	1	1	2	1	1	1	1	1	1	2	1	1	1	1	1	2	1	1	1	1	1	1	1	1	1	1	2	2	1	2	1	1	1	2	1	1	1	1	2	2	2	2	1	1	1	1	1	2	2	1	1	1	1	1	1	1	1	1
66	2	1	1	2	2	2	2	1	1	1	2	1	1	1	1	2	2	1	1	1	1	1	1	1	1	1	1	2	1	1	1	1	2	1	1	1	1	1	1	2	1	1	1	2	1	1	2	1	1	1	1	1	2	1	1	1	1	1	1	1	1	1	1	1	1	1	1	1	1	1	2	1	1	1	1	1	1	1	2	1	1	1	1	1	1	2	1	1	1	1	1	1	1	1	1
66	1	1	1	2	2	2	1	1	1	1	1	1	1	1	1	2	2	1	1	1	1	1	1	1	1	1	1	2	1	1	1	1	1	1	1	1	1	1	1	1	1	1	1	1	1	1	1	1	1	1	1	1	2	1	1	1	1	1	1	2	1	1	1	2	1	1	1	1	1	1	2	1	1	1	1	2	1	1	2	2	1	1	1	1	1	1	1	1	1	1	1	1	1	1	1
66	1	1	1	2	2	2	2	1	1	1	1	1	1	1	1	2	2	1	1	1	1	1	1	1	1	1	1	2	1	1	1	1	2	1	1	1	1	1	1	2	1	1	1	1	1	1	2	1	1	1	1	1	2	1	1	1	1	1	1	1	1	1	1	2	1	1	2	1	1	1	2	1	1	1	1	1	2	1	2	2	1	1	1	2	1	1	1	1	1	1	1	1	1	1	1
67	2	1	1	2	2	2	2	1	1	1	2	1	1	1	1	2	1	1	1	1	1	1	1	1	1	1	1	2	1	1	1	1	1	2	1	1	1	1	1	1	1	2	1	1	1	1	2	2	1	1	1	1	2	1	1	1	1	1	1	2	1	1	1	2	2	1	1	1	1	1	2	1	1	1	1	2	1	1	2	2	1	1	1	1	1	1	1	1	1	1	1	2	1	1	1
67	2	1	1	2	2	2	1	2	1	1	1	1	1	1	1	2	2	1	1	1	1	1	1	1	1	1	1	2	1	1	1	1	1	1	1	1	1	1	1	2	1	2	1	1	1	1	1	2	1	1	1	1	2	1	1	1	1	1	1	1	1	1	1	2	2	1	1	1	1	1	2	1	1	1	1	2	1	1	2	1	1	1	1	1	1	2	1	1	1	1	1	1	1	1	1
67	2	1	2	2	1	2	2	1	1	1	1	1	1	1	1	2	1	1	1	1	1	1	1	1	1	1	1	2	1	1	2	1	2	1	1	1	1	1	1	2	1	1	1	1	1	1	2	1	1	1	1	1	2	1	1	1	1	1	1	2	1	1	1	2	2	1	1	1	1	1	2	1	1	1	1	1	1	1	2	2	1	1	1	1	1	1	1	1	1	1	1	1	1	1	1
68	2	1	2	2	1	2	2	1	1	1	1	1	1	1	1	2	1	1	1	1	1	1	1	1	1	1	1	2	2	1	1	1	1	1	1	1	1	1	1	2	1	1	1	1	1	1	2	1	1	1	1	1	2	1	1	1	1	1	1	1	1	1	1	2	1	1	1	1	1	1	2	1	1	1	1	1	1	1	2	1	1	1	1	2	2	1	1	1	1	1	1	1	1	1	1
68	2	1	1	2	2	2	2	2	1	1	2	2	1	1	1	2	2	1	1	1	1	1	1	1	1	1	1	2	1	2	2	1	1	1	1	1	1	1	1	2	1	1	1	1	1	1	1	1	1	1	1	1	2	1	1	1	1	1	1	2	1	1	1	2	1	1	1	1	1	1	2	1	1	1	1	1	1	1	2	2	1	1	1	1	1	1	1	1	1	1	1	1	1	1	1
68	2	2	1	2	2	2	2	1	1	1	2	1	1	1	1	2	1	2	1	1	1	1	1	1	1	1	1	2	1	1	1	2	1	2	1	1	1	1	1	1	1	1	1	2	1	1	2	1	1	1	2	1	2	1	1	2	1	1	1	1	1	1	2	2	1	1	1	1	1	1	2	1	1	1	1	1	1	1	2	2	1	1	1	1	1	1	1	1	1	2	1	1	1	1	1
69	2	1	2	2	2	2	1	1	1	1	1	2	1	1	1	2	2	2	1	1	1	1	1	1	1	1	2	1	1	1	1	1	1	1	1	1	1	1	1	1	1	1	1	1	1	1	2	1	2	1	1	1	1	1	1	1	1	1	2	2	1	1	1	1	1	1	1	1	1	1	2	1	1	1	1	1	1	1	1	2	1	1	1	1	1	1	1	1	1	1	1	1	1	1	1
69	2	1	1	2	1	2	1	1	1	2	1	2	1	1	1	1	2	1	1	1	1	1	1	1	1	1	1	1	2	1	1	1	1	1	1	1	1	1	1	1	1	1	1	1	1	1	2	2	1	1	1	1	1	1	1	1	1	1	1	2	1	1	1	1	2	1	1	1	1	1	1	1	1	1	1	1	1	1	2	2	1	1	1	1	1	1	1	1	1	1	1	1	1	1	1
69	2	2	1	2	2	2	1	2	1	1	1	2	1	1	1	2	2	2	1	1	1	1	1	1	1	1	1	1	1	1	1	1	1	1	2	1	1	1	1	2	1	1	1	1	1	1	2	2	1	1	1	1	1	1	1	1	1	1	2	2	1	1	1	2	2	1	1	1	1	1	2	1	1	1	1	1	1	1	1	2	1	1	2	1	1	1	1	1	1	2	1	1	1	1	1
70	2	1	1	2	2	2	2	2	1	2	1	2	1	1	1	2	2	1	1	1	1	1	1	1	1	1	1	1	1	1	2	1	1	1	2	1	1	1	1	1	2	1	1	1	1	1	2	1	2	1	1	1	2	1	1	1	1	1	1	1	1	1	1	1	1	1	2	1	1	1	2	1	1	2	1	1	1	1	2	1	1	1	1	1	1	1	1	1	1	1	1	1	1	1	1
70	2	1	1	2	2	2	2	1	1	2	1	2	1	1	1	2	2	2	1	1	1	1	1	1	1	1	1	1	2	2	2	1	1	1	2	1	1	1	1	1	1	1	1	1	1	1	2	2	1	2	1	1	2	1	1	1	1	1	1	1	1	1	1	1	1	1	1	1	1	1	2	1	1	1	1	1	1	1	1	1	1	1	1	1	1	1	1	1	1	1	1	1	1	1	1
70	2	1	1	2	2	2	2	1	1	2	1	2	1	1	1	2	2	2	1	1	1	1	1	1	1	1	1	1	1	1	2	1	1	1	2	1	1	1	1	1	1	1	2	1	2	1	2	1	1	1	1	1	2	1	1	1	1	1	1	1	1	1	1	1	1	1	1	1	1	1	2	1	1	2	1	1	1	1	1	1	1	1	1	1	1	1	1	1	1	1	1	1	1	1	1
71	2	1	1	2	1	2	2	1	1	1	1	1	1	1	1	2	2	2	1	1	1	1	1	1	1	1	1	1	1	1	1	2	1	1	1	1	1	1	1	1	1	1	2	1	1	1	2	1	1	2	1	1	2	1	1	1	1	1	1	2	1	1	1	1	1	1	1	1	1	1	2	1	1	1	1	1	1	1	2	2	1	2	1	1	1	1	1	1	1	1	1	1	1	1	1
71	2	1	1	2	2	2	1	1	1	1	1	1	1	1	1	2	1	2	1	1	1	1	1	1	1	1	2	1	1	1	1	1	1	1	1	1	1	2	1	1	1	1	1	1	1	1	2	1	1	1	1	1	2	1	1	1	1	1	1	2	1	1	1	1	1	1	1	1	1	1	2	1	1	1	1	1	1	1	2	2	2	2	1	1	1	1	1	1	1	2	1	2	1	1	1
71	2	1	1	2	2	1	1	2	1	1	1	1	1	1	1	2	2	2	1	1	1	1	1	1	1	1	1	1	1	1	1	1	1	1	1	1	1	1	1	1	1	1	1	1	1	1	2	1	1	1	1	1	2	1	1	1	1	1	1	1	1	1	1	1	1	1	1	1	2	1	2	1	1	1	1	1	1	1	2	1	1	1	1	1	1	1	1	1	1	1	1	1	1	1	1
72	2	1	1	2	2	2	2	1	1	1	1	2	1	1	1	2	1	2	1	1	1	1	1	1	1	1	2	1	1	1	1	1	1	1	1	1	1	1	1	1	1	1	1	1	1	1	2	1	1	1	1	1	2	1	1	1	1	1	1	2	1	2	1	1	2	1	1	1	1	1	2	1	1	1	1	2	1	1	2	2	1	1	2	2	1	1	1	1	2	1	1	1	1	1	1
72	2	1	1	2	2	2	2	1	1	1	1	1	1	1	1	2	1	2	1	1	1	1	1	1	1	1	1	1	1	1	2	1	1	1	1	1	1	1	1	1	1	1	2	1	1	1	2	1	1	1	1	1	2	1	1	1	1	1	1	2	1	2	1	1	2	1	2	1	1	1	2	1	1	1	1	2	1	1	2	2	1	1	2	2	1	1	1	1	1	1	1	1	1	1	1
72	2	1	1	2	2	2	2	1	1	1	1	1	1	1	1	2	2	2	1	1	1	1	1	1	1	1	1	1	1	1	1	1	1	1	1	1	1	1	1	1	1	1	1	1	1	2	2	1	1	1	1	1	2	1	1	1	1	1	1	2	1	2	1	1	1	1	1	1	1	1	2	1	1	1	1	1	1	1	2	2	1	1	2	1	1	1	1	1	1	1	1	1	1	1	1
73	2	1	1	2	2	2	2	1	1	1	1	2	1	1	1	2	2	2	2	1	1	1	1	1	1	1	1	1	1	1	1	1	1	2	1	1	1	1	1	2	1	2	1	2	1	1	2	2	1	1	1	1	2	1	2	1	1	1	1	1	1	1	1	2	1	1	1	1	1	1	2	1	1	1	1	1	1	1	2	2	2	1	1	1	1	1	1	2	1	2	1	1	1	1	1
73	1	1	1	1	1	1	1	1	1	1	1	1	1	1	1	1	1	1	1	1	1	1	1	1	1	1	1	1	1	1	1	1	1	1	1	1	1	1	1	2	1	1	1	2	1	1	1	1	1	2	1	1	2	1	1	1	1	1	1	1	1	1	1	1	2	1	1	1	1	1	2	1	1	1	1	1	1	1	2	2	2	1	1	1	1	1	1	1	1	2	1	1	1	1	1
74	2	1	1	2	1	2	2	2	1	1	1	1	1	1	1	2	2	1	1	1	1	1	1	1	1	1	1	2	1	1	1	1	1	1	1	1	1	1	1	2	1	1	1	1	1	2	1	1	1	2	1	1	2	1	1	1	1	1	1	2	1	1	1	2	1	1	1	1	1	1	2	1	1	1	1	2	1	1	2	2	1	1	1	1	1	1	1	1	2	1	1	1	1	1	1
74	2	1	1	2	1	2	2	2	1	1	1	1	1	1	1	2	2	1	1	1	1	1	1	1	1	1	1	2	1	1	1	1	1	1	1	1	1	1	1	2	1	1	1	1	1	1	1	1	1	1	1	1	2	1	1	1	1	1	1	2	1	1	1	2	1	1	1	1	1	1	2	1	1	1	1	2	1	1	2	2	1	1	1	1	1	1	1	1	1	2	1	1	1	1	1
74	2	1	1	2	2	2	1	1	1	1	1	1	1	1	1	2	2	1	1	1	1	1	1	1	1	1	1	2	1	1	1	1	1	1	1	1	1	1	1	2	1	1	1	1	1	1	1	1	1	2	1	1	2	1	1	1	1	1	1	2	1	1	1	2	1	1	1	1	1	1	2	1	1	1	1	2	1	1	2	2	1	1	1	1	1	1	1	1	2	1	1	1	1	1	1
75	2	1	1	2	2	1	2	2	1	1	1	1	1	1	1	2	2	1	1	1	1	1	1	1	1	1	1	2	1	1	1	1	1	1	2	1	1	1	2	2	1	1	1	1	1	2	1	1	1	1	1	1	2	1	2	1	1	1	1	1	1	1	1	2	1	1	1	1	1	1	2	1	1	1	1	2	1	1	2	2	1	1	2	1	1	1	1	1	1	1	1	1	1	1	1
75	2	1	1	2	2	1	2	2	1	1	1	2	1	1	1	2	2	2	1	1	1	1	1	1	1	1	1	2	1	2	2	1	1	1	1	1	1	1	1	2	1	1	1	1	1	1	1	1	1	1	1	1	2	1	1	1	1	1	1	1	1	1	1	2	1	1	1	1	1	1	2	1	1	1	1	2	1	1	2	1	1	1	2	1	1	1	1	1	1	1	1	1	1	1	1
75	2	1	1	2	1	1	2	2	1	1	1	2	1	1	1	2	2	1	1	1	1	1	1	1	1	1	1	1	1	1	1	1	1	1	1	1	1	1	2	2	1	1	1	1	1	1	1	1	1	1	1	1	2	1	1	1	1	1	1	1	1	1	1	2	1	1	1	1	1	1	2	1	1	1	1	2	1	1	2	2	1	1	2	1	1	1	1	1	1	1	1	1	1	1	1
76	2	1	1	2	2	2	2	1	1	1	1	1	1	1	1	2	2	1	1	1	1	1	1	1	1	1	1	2	1	2	1	1	1	1	1	1	1	1	1	1	1	1	1	1	1	1	1	1	1	1	1	1	1	1	1	1	1	1	1	1	1	1	1	2	1	1	2	1	1	1	2	1	2	1	1	2	1	1	2	2	1	1	1	2	1	1	1	1	1	2	1	1	1	1	1
76	2	1	2	2	1	1	2	1	1	1	1	1	1	1	1	2	1	1	1	1	1	1	1	1	1	1	1	2	1	2	1	1	1	1	1	1	1	1	1	2	1	1	1	1	1	1	1	1	1	1	1	2	2	1	1	1	1	1	1	2	1	1	1	1	1	1	1	1	1	1	1	1	1	1	1	1	1	1	1	1	1	1	1	1	1	1	1	1	1	1	1	1	1	1	1
76	2	1	2	2	2	2	2	1	1	1	1	1	1	1	1	2	2	1	1	1	1	1	1	1	1	2	1	2	1	2	1	1	1	1	1	1	1	1	1	1	1	1	1	1	1	1	1	1	1	1	1	1	1	1	1	1	1	1	1	1	1	1	1	2	2	1	1	1	1	1	2	1	1	1	1	2	1	1	2	2	1	1	1	1	1	2	1	1	1	1	1	1	1	1	1
77	1	2	1	2	1	2	2	1	1	1	1	1	1	1	1	2	2	1	1	1	1	1	1	1	1	1	1	2	1	1	1	1	1	1	2	1	1	1	1	1	1	1	1	1	1	1	2	1	1	1	1	2	2	1	1	2	1	1	1	2	2	1	1	2	2	1	1	1	1	1	2	1	1	1	1	2	1	2	2	2	1	1	2	2	1	1	1	2	1	1	1	1	1	1	1
77	2	1	1	2	1	1	1	1	1	1	2	1	1	1	1	2	2	1	1	1	1	1	1	1	1	1	1	2	1	1	1	1	1	1	1	1	1	1	1	2	1	1	1	1	1	2	1	1	1	2	1	2	2	1	1	1	1	1	1	2	1	1	1	2	1	1	1	1	1	1	2	1	1	1	1	2	1	1	2	2	1	1	1	1	1	2	1	1	1	1	1	1	1	1	1
77	1	1	1	1	1	1	1	1	1	1	1	1	1	1	1	1	1	1	1	1	1	1	1	1	1	1	1	1	1	1	1	1	1	1	1	1	1	1	1	2	1	1	1	1	1	1	2	1	1	2	1	2	2	1	1	1	1	1	1	1	1	1	1	2	2	1	1	1	1	1	2	1	1	1	1	2	1	1	2	2	1	1	2	1	1	2	1	1	1	1	1	1	1	1	1
78	2	2	1	2	2	2	2	2	1	2	2	1	1	1	1	2	2	2	1	1	1	1	1	1	1	1	1	2	1	1	1	1	1	1	1	1	1	1	1	2	1	1	1	2	1	2	2	1	2	1	1	1	2	1	1	1	1	1	1	1	1	1	1	2	1	1	1	1	1	1	2	1	1	1	1	2	1	1	2	1	1	1	1	1	1	1	1	1	1	2	1	2	1	1	1
78	1	1	1	2	1	2	2	1	1	1	1	1	1	1	1	2	2	1	1	1	1	1	1	1	1	1	1	2	1	1	1	1	1	1	1	1	1	1	1	1	1	1	1	1	1	1	1	1	1	1	1	1	2	1	1	1	1	1	1	1	1	1	1	2	2	1	1	1	1	1	2	1	1	1	1	1	1	1	2	2	1	1	2	1	1	1	1	1	1	2	1	2	1	1	1
78	1	1	1	2	2	1	2	2	1	1	2	1	1	1	1	2	2	1	1	1	1	1	1	1	2	1	1	2	1	1	1	2	1	1	1	1	1	1	1	2	1	2	1	1	1	1	1	1	1	1	1	1	2	1	1	1	1	1	1	2	1	1	1	2	2	1	1	1	1	1	2	1	1	1	1	2	1	1	2	1	1	1	1	1	1	1	1	1	1	1	1	1	1	1	1
79	1	1	1	2	2	1	2	1	1	1	1	1	1	1	1	2	1	1	1	1	1	1	1	1	1	2	1	2	1	2	1	1	1	1	1	1	1	1	1	2	1	2	1	1	1	1	1	1	1	1	1	1	2	1	1	1	1	1	1	1	1	1	1	2	2	1	1	1	1	1	2	1	1	1	1	1	1	1	1	2	1	1	1	1	1	2	1	1	1	1	1	1	1	1	1
79	2	1	2	2	2	2	2	2	1	1	1	1	1	1	1	2	2	1	1	1	1	1	1	1	1	2	1	2	1	1	1	1	1	1	1	1	1	1	1	2	1	2	1	1	2	2	2	1	1	1	1	1	2	1	1	2	1	1	1	1	1	1	1	2	1	1	2	1	1	1	2	1	1	1	1	2	1	1	2	2	1	1	1	1	1	2	1	1	1	1	1	1	1	1	1
79	1	1	1	1	1	1	1	1	1	1	1	1	1	1	1	1	1	1	1	1	1	1	1	1	1	1	1	1	1	1	1	1	1	1	1	1	1	2	1	2	1	1	1	1	1	1	1	2	1	1	1	1	2	1	1	1	1	1	1	1	1	1	1	2	1	1	1	1	1	1	2	1	1	1	1	1	1	1	2	1	1	1	1	1	1	1	1	1	1	1	1	1	1	1	1
80	2	1	1	2	2	2	2	1	1	1	1	1	1	1	1	1	2	2	2	1	1	1	1	1	1	1	2	1	1	1	2	2	1	1	1	1	1	1	1	1	1	1	1	1	1	1	2	2	1	1	1	1	2	1	1	1	1	1	1	2	1	1	1	1	1	1	1	1	1	1	2	1	1	1	1	1	1	1	2	2	1	1	1	1	1	1	1	2	1	1	1	1	1	1	1
80	2	1	1	2	2	2	2	1	1	1	1	1	1	1	1	2	2	2	2	1	1	1	1	1	1	1	1	1	2	1	1	2	1	1	1	1	1	1	1	1	1	1	1	1	1	2	2	1	1	1	1	1	2	1	2	1	1	1	1	2	1	1	1	1	1	1	1	1	1	1	2	1	1	1	1	1	1	1	2	1	1	1	1	1	1	1	1	1	1	1	1	1	1	1	1
80	2	1	1	2	2	2	2	1	1	1	1	1	1	1	1	2	2	2	2	1	1	1	1	1	1	1	2	1	2	1	2	2	1	1	1	1	1	1	1	1	1	1	1	1	1	2	2	1	1	1	1	1	2	1	1	1	1	1	1	2	1	1	1	1	1	1	1	1	1	1	2	1	1	1	1	1	1	1	2	2	1	1	1	1	1	1	1	1	1	1	1	1	1	1	1
81	2	1	1	2	2	2	2	1	1	1	1	2	1	1	1	2	1	2	1	1	1	1	1	1	1	1	1	1	1	1	1	1	1	1	1	1	1	1	1	1	1	1	1	1	1	1	2	2	1	2	1	1	2	1	1	1	1	1	1	1	1	1	1	1	2	1	1	1	1	1	2	1	1	1	1	1	1	1	2	2	1	1	1	1	1	1	1	2	1	1	1	1	2	1	1
81	2	1	1	2	2	2	2	1	1	1	1	1	1	1	1	2	2	2	1	1	1	1	1	1	1	1	1	1	1	1	1	2	1	1	1	1	1	1	1	1	1	1	2	1	1	1	2	1	1	1	1	1	2	1	1	1	1	1	1	2	1	1	1	1	2	1	2	1	1	1	2	1	1	1	1	1	1	1	2	1	1	2	1	1	1	1	1	1	1	1	1	1	1	1	1
81	1	1	1	1	1	1	1	1	1	1	1	1	1	1	1	1	1	1	1	1	1	1	1	1	1	1	1	1	1	1	1	1	1	1	1	1	1	1	1	1	1	1	1	1	1	2	2	1	1	1	1	1	2	1	1	1	1	1	1	2	1	1	1	1	1	1	1	1	1	1	2	1	1	1	1	1	1	1	2	2	1	1	1	1	1	1	1	1	1	1	1	1	2	1	1
82	2	1	1	2	2	2	2	1	1	1	1	1	1	1	1	2	1	2	1	1	1	1	1	1	1	1	1	1	1	1	1	2	1	1	1	1	1	1	1	1	1	1	1	1	1	1	2	2	1	1	1	1	2	1	2	1	1	1	1	1	1	1	1	1	2	1	1	1	1	1	2	1	1	2	1	1	1	1	2	2	1	1	1	1	2	1	1	1	1	1	1	1	1	1	1
82	2	1	1	2	2	2	1	1	1	1	1	1	1	1	1	2	1	2	1	1	1	1	1	1	1	1	1	1	1	1	1	2	1	1	1	1	1	1	1	1	1	1	2	1	1	1	2	2	1	1	1	1	2	1	1	1	1	1	1	2	1	1	1	1	2	1	1	1	1	1	2	1	1	1	1	1	1	1	2	2	1	1	1	1	1	1	1	1	1	1	1	1	1	1	1
82	2	1	1	2	2	2	2	1	1	1	1	1	1	1	1	2	1	2	1	1	1	1	1	1	1	1	1	1	1	1	1	1	1	2	1	1	1	1	2	1	1	1	1	1	1	1	2	2	1	1	1	1	2	1	2	1	1	1	1	1	1	1	1	1	2	1	1	1	1	1	2	1	1	2	1	1	1	1	2	2	1	1	1	1	2	1	1	1	1	1	1	1	1	1	1
83	2	1	1	1	2	1	2	2	1	1	1	1	1	1	1	2	2	1	1	1	1	1	1	1	2	1	1	2	1	1	1	1	1	1	1	1	1	1	1	2	1	1	1	2	1	1	1	1	1	2	1	1	2	1	1	1	1	1	1	1	1	1	1	2	1	1	1	1	1	1	2	1	1	1	1	2	1	1	2	2	1	1	1	1	1	1	1	1	1	1	1	1	1	1	1
83	2	1	1	2	2	1	2	2	1	1	1	1	1	1	1	2	2	1	1	1	1	1	1	1	1	1	1	2	1	1	1	1	1	2	1	1	1	1	1	2	1	1	1	1	1	1	1	1	1	1	1	1	2	1	1	1	1	1	1	1	1	1	1	2	1	1	2	1	1	1	2	1	1	1	1	2	1	1	2	2	1	1	1	1	1	1	1	1	1	1	1	1	1	1	1
83	1	1	1	1	1	1	1	1	1	1	1	1	1	1	1	1	1	1	1	1	1	1	1	1	1	1	1	1	1	1	1	1	1	1	1	1	1	1	1	2	1	1	1	1	1	1	1	1	1	1	1	2	2	1	1	1	1	1	1	2	1	1	1	2	1	1	2	1	1	1	2	1	1	1	1	2	1	1	2	2	1	1	1	1	1	1	1	1	2	1	1	1	1	1	1
84	2	1	1	2	2	1	2	1	1	1	1	1	1	1	1	2	2	1	1	1	1	1	1	1	1	1	1	2	1	2	1	1	1	1	1	1	1	1	1	2	1	1	1	2	1	1	1	1	1	1	1	1	2	1	1	1	1	1	1	1	1	1	1	2	1	1	1	1	1	1	2	1	1	1	1	2	1	1	2	2	1	1	1	1	1	1	1	1	1	1	1	1	1	1	1
84	2	1	1	2	1	2	2	1	1	1	1	1	1	1	1	2	2	1	1	1	1	1	1	1	1	1	1	2	1	2	1	1	1	1	1	1	1	1	2	2	1	1	1	1	1	2	1	1	1	1	2	1	2	1	1	1	1	1	1	1	1	1	1	2	1	1	2	1	1	1	2	1	1	1	1	1	1	1	2	2	1	1	1	1	1	1	1	1	1	1	1	1	1	1	1
84	2	1	1	2	1	2	1	2	1	1	1	1	1	1	1	2	1	1	1	1	1	1	1	1	1	1	1	2	1	2	1	1	1	1	1	1	1	1	1	2	1	1	1	1	1	1	2	1	1	2	1	1	2	1	1	1	1	1	1	1	1	1	1	2	1	1	1	1	1	1	2	1	2	1	1	2	1	1	2	2	1	1	1	1	1	1	1	1	1	1	1	2	1	1	1
85	1	1	1	2	2	2	2	1	1	1	2	1	1	1	1	2	2	1	1	1	1	1	1	1	1	1	1	2	1	2	1	1	1	1	1	1	2	1	1	1	1	1	1	1	1	1	2	1	1	2	1	1	2	1	1	1	1	1	1	2	2	1	1	2	1	1	2	1	1	1	2	1	1	1	1	2	1	1	2	2	1	1	1	1	1	1	1	1	1	1	1	1	1	1	1
85	2	1	1	2	2	2	2	1	1	1	2	1	1	1	1	1	2	1	1	1	1	1	1	1	1	1	1	2	1	2	1	1	1	1	1	1	2	1	1	1	1	1	1	2	2	1	2	1	1	2	1	1	2	1	1	1	1	1	1	2	2	1	1	2	1	1	2	1	1	1	2	1	1	1	1	2	1	1	2	2	1	1	1	1	1	1	1	1	1	1	1	1	1	1	1
85	1	2	2	2	2	1	2	1	1	1	1	1	1	1	1	2	2	1	1	1	1	1	1	1	1	1	1	2	1	1	1	1	1	1	1	1	2	1	1	1	2	1	1	1	1	1	2	1	1	1	1	1	2	1	1	1	1	1	1	2	2	1	1	1	2	1	1	1	1	1	2	1	1	1	1	1	1	1	2	2	1	1	1	1	1	1	1	1	1	1	1	1	1	1	1
86	2	1	1	2	2	2	2	1	1	1	1	2	1	1	1	2	2	1	1	1	1	1	1	1	1	1	1	2	1	1	1	1	1	1	1	1	1	1	2	2	1	1	1	1	2	2	1	1	1	1	1	1	2	1	1	1	1	1	1	1	1	1	1	2	1	1	2	1	1	1	2	1	1	2	1	2	1	1	1	1	1	1	1	2	1	1	1	1	1	1	1	1	1	1	1
86	1	1	2	2	2	2	1	1	1	1	2	1	1	1	2	2	2	1	1	1	1	1	1	1	1	1	1	2	1	1	1	1	2	1	1	1	1	1	2	1	1	1	1	1	1	1	1	1	1	1	1	1	2	1	1	1	1	1	1	2	1	1	1	2	1	1	1	1	1	1	2	1	1	1	1	1	1	1	2	2	1	1	2	2	1	1	1	1	1	1	1	1	1	1	1
86	2	1	2	2	2	1	2	1	1	1	2	2	1	1	1	2	2	1	2	1	1	1	1	1	1	1	1	2	1	1	1	1	2	1	1	1	1	1	1	2	1	1	1	1	1	1	1	1	1	1	1	1	2	1	1	1	1	1	1	2	1	1	2	2	1	1	1	1	1	1	2	1	2	1	1	2	1	1	1	2	1	1	2	2	1	1	1	1	1	1	1	1	1	1	1
87	2	1	1	2	2	2	2	1	2	1	2	1	1	1	1	2	2	1	1	1	1	1	1	1	1	1	1	2	1	2	1	1	1	1	1	1	1	1	1	2	1	1	1	1	2	2	2	1	1	1	1	1	2	1	1	1	1	1	2	1	1	1	1	2	1	1	1	1	1	1	2	1	1	1	1	1	1	1	1	1	1	1	2	1	2	2	1	1	2	1	1	1	1	1	1
87	2	1	1	2	2	2	2	2	2	1	2	2	1	1	1	2	1	1	1	1	1	1	1	1	1	1	1	2	1	2	1	1	1	1	1	1	1	1	1	2	1	1	1	2	2	2	2	1	1	1	1	1	2	1	1	1	1	2	1	1	1	1	1	2	1	1	2	1	1	1	2	1	1	1	1	1	1	1	1	1	1	1	1	1	2	1	1	1	1	1	1	1	1	1	1
88	2	1	1	2	2	2	1	1	1	1	1	1	1	1	1	2	1	2	1	1	1	1	1	1	1	1	1	1	1	1	1	1	1	1	2	1	1	1	1	1	1	1	1	1	1	1	2	2	1	1	1	1	2	1	2	1	1	1	1	1	1	2	1	1	2	1	2	1	1	1	2	1	1	1	1	1	1	1	2	1	2	1	1	1	1	1	1	2	1	2	1	1	1	1	1
88	2	1	1	2	2	2	2	1	1	1	1	1	1	1	1	2	1	2	2	1	1	1	1	1	1	1	1	1	1	1	1	2	1	2	1	1	1	1	1	1	1	2	2	1	1	2	2	2	1	1	1	1	2	1	1	1	1	1	1	1	1	1	1	1	1	1	1	1	1	1	2	1	1	1	1	1	1	1	2	1	2	1	1	1	1	1	1	1	1	2	1	1	1	1	1
88	2	1	1	2	2	2	2	2	1	1	1	1	1	1	1	2	1	2	1	1	1	1	1	1	1	1	1	1	1	1	1	1	1	2	1	1	1	1	1	1	1	1	1	1	1	2	2	2	1	1	1	1	2	1	1	1	1	1	1	1	1	1	1	1	1	1	1	1	1	1	2	1	1	1	1	1	1	1	2	1	2	1	1	1	1	1	1	2	1	2	1	1	1	1	1
89	2	1	1	2	2	2	1	1	1	1	1	2	1	1	1	2	2	2	1	1	1	1	1	1	1	1	1	1	1	1	1	1	1	1	1	1	1	1	1	1	1	1	1	1	1	2	2	2	1	1	1	1	2	1	1	1	1	1	1	1	1	1	1	1	2	1	1	1	1	1	2	1	1	1	1	1	1	1	2	2	1	1	1	1	1	1	1	1	1	1	1	1	1	1	1
89	2	1	1	2	2	2	2	1	1	1	1	2	1	1	1	2	1	2	1	1	1	1	1	1	1	1	2	1	1	1	1	2	1	1	1	1	1	1	1	1	1	1	1	1	1	1	2	2	1	1	1	1	2	1	1	1	1	1	1	2	1	1	1	1	2	1	1	1	1	1	2	1	1	1	1	2	1	1	2	1	1	1	1	1	1	1	1	1	1	1	1	1	1	1	1
89	2	1	1	2	2	2	2	1	1	1	1	2	1	1	1	2	2	2	1	1	1	1	1	1	1	1	1	1	1	1	1	1	1	1	1	1	1	1	1	1	1	1	1	1	1	1	2	1	1	1	1	1	2	1	1	1	1	1	1	2	1	1	1	1	2	1	2	1	1	1	2	1	1	1	1	2	1	1	2	1	1	1	1	1	1	1	1	2	1	1	1	1	1	1	1
90	2	1	1	2	2	1	2	1	1	1	1	2	1	1	1	2	2	2	1	1	1	1	1	1	1	1	2	1	1	1	1	1	1	2	1	1	1	1	1	1	1	1	1	1	1	1	2	2	1	1	1	1	2	1	1	1	1	1	1	2	1	1	1	1	1	1	1	1	1	1	2	1	1	1	1	1	1	1	2	2	1	1	1	1	1	1	1	2	1	1	1	1	1	1	1
90	2	1	2	2	2	1	2	1	1	1	1	1	1	1	1	2	2	2	2	1	1	1	1	1	1	1	1	1	1	1	1	1	1	2	1	1	1	1	1	1	1	1	1	1	1	1	2	1	1	1	1	1	2	1	1	1	1	1	1	1	1	1	1	1	1	1	2	1	1	1	2	1	1	1	1	1	1	1	2	1	1	2	1	1	1	1	1	2	1	1	1	1	1	1	1
90	1	1	1	2	2	2	2	1	1	1	1	2	1	1	1	2	1	2	1	1	1	1	1	1	1	1	1	1	1	1	1	1	1	1	1	1	1	1	2	1	1	1	1	1	1	1	2	2	1	1	1	1	2	1	1	1	1	1	1	1	1	2	1	1	1	1	1	1	1	1	2	1	1	1	1	1	1	1	2	1	1	1	2	1	1	1	1	2	1	1	1	1	1	1	1
91	2	1	1	2	2	2	2	2	1	1	1	2	1	1	1	2	2	1	1	1	1	1	1	1	1	1	1	1	1	1	1	2	1	1	1	1	1	1	1	1	1	1	1	1	1	1	2	1	1	1	1	1	1	1	1	1	1	1	1	1	1	1	1	1	1	1	1	1	1	1	2	1	1	1	1	1	1	1	2	2	1	1	1	1	1	1	1	2	1	1	1	2	1	1	1
91	2	1	1	2	2	2	2	1	1	1	1	1	1	1	1	2	2	2	1	1	1	1	1	1	1	1	1	1	1	1	1	1	1	2	1	1	1	1	1	1	1	1	1	1	1	1	2	1	1	1	1	1	2	1	2	1	1	1	1	2	1	2	1	1	1	1	1	1	1	1	2	1	1	1	1	1	1	1	2	2	1	1	2	1	2	1	1	2	1	1	1	1	1	1	1
91	2	2	1	2	2	2	2	1	1	1	1	2	1	1	1	2	1	2	1	1	1	1	1	1	1	1	1	1	2	1	1	1	1	1	1	1	1	1	1	1	1	2	1	1	1	2	2	1	1	1	1	1	2	1	1	1	1	1	1	2	1	2	1	2	2	1	1	1	1	1	2	1	1	1	1	1	1	1	2	2	1	1	1	1	1	1	1	2	1	1	1	1	1	1	1
92	2	1	1	2	1	2	2	1	1	1	1	1	1	1	1	2	2	2	1	1	1	1	1	1	1	1	1	1	1	1	1	2	1	1	1	1	1	1	1	1	1	1	1	1	1	1	2	1	1	2	1	1	2	1	1	1	1	1	1	2	1	2	1	1	2	1	1	1	1	1	2	1	1	1	1	1	1	1	2	1	1	1	1	1	1	1	1	1	1	1	1	1	1	1	1
92	2	1	1	2	1	2	2	1	1	1	1	1	1	2	1	2	2	2	1	1	1	1	1	1	1	1	1	1	1	1	1	1	1	1	1	1	1	1	1	1	1	1	1	1	1	1	1	2	1	1	1	1	2	1	1	1	1	1	1	1	1	1	1	1	2	1	1	1	1	1	2	1	1	2	1	2	1	1	2	2	1	1	2	1	1	1	1	1	1	1	1	1	1	1	1
92	1	1	1	2	2	2	2	1	1	1	1	2	1	1	1	2	2	2	2	1	1	1	1	1	1	1	1	1	1	1	1	2	1	2	1	1	1	1	1	1	1	1	1	1	1	1	2	1	1	1	1	1	2	1	1	1	1	1	1	1	1	1	1	2	2	1	1	1	1	1	2	1	1	1	1	1	1	1	2	2	1	1	1	1	1	1	1	1	1	1	1	1	2	1	1
93	2	1	1	2	2	2	2	1	1	1	1	2	1	1	1	2	1	2	2	1	1	1	1	1	1	1	1	1	1	1	1	1	1	1	1	1	1	1	1	1	1	2	1	1	1	1	2	1	1	1	1	1	2	1	1	1	1	1	1	1	1	1	1	1	1	1	1	1	1	1	2	1	1	1	1	1	1	1	2	2	1	1	1	1	2	1	1	1	1	1	1	1	1	1	1
93	2	1	1	2	2	2	2	1	1	1	1	2	1	1	1	2	1	1	2	1	1	1	1	1	1	1	1	1	1	1	1	1	1	1	1	1	1	1	1	1	1	2	1	1	1	1	2	1	1	1	1	1	2	1	1	1	1	1	1	2	1	1	1	2	1	1	1	1	1	1	2	1	1	1	1	1	1	1	2	1	1	1	1	1	1	1	1	1	1	1	1	1	1	1	1
93	1	1	1	2	2	2	2	2	1	1	1	1	1	1	1	1	1	2	2	1	1	1	1	1	1	1	1	1	1	1	1	1	1	1	1	1	1	1	1	1	1	2	1	1	1	1	2	2	1	1	1	1	2	1	1	1	1	1	1	2	1	1	1	1	1	1	1	1	1	1	2	1	1	1	1	1	1	1	2	1	1	1	1	1	1	1	1	1	1	1	1	1	1	1	1
94	2	1	1	2	2	2	2	2	1	1	2	1	1	1	1	2	2	2	1	1	1	1	1	1	1	1	2	1	1	1	1	1	1	1	1	1	1	1	1	1	1	1	1	1	1	1	2	1	1	1	1	1	2	1	1	1	1	1	1	2	1	2	1	2	2	1	1	1	1	1	2	1	1	1	1	1	1	1	2	2	1	1	1	1	1	1	1	1	1	1	1	1	1	1	1
94	2	1	1	2	2	2	2	2	1	1	1	1	1	1	1	2	2	2	1	1	1	1	1	1	1	1	1	1	1	1	1	1	1	2	1	1	1	1	1	1	1	1	2	1	1	2	2	2	1	1	1	1	2	1	1	1	1	1	1	2	1	1	1	1	2	1	1	1	1	1	2	1	1	1	1	1	1	1	2	2	1	2	1	1	1	1	1	1	1	1	1	1	1	1	1
94	2	1	1	2	2	2	2	1	1	1	1	2	1	1	1	2	2	2	1	1	1	1	1	1	1	1	2	1	1	1	1	1	1	1	1	1	1	2	1	1	1	1	1	1	1	1	2	2	1	2	1	1	2	1	1	1	1	1	1	2	1	1	1	1	1	1	1	1	1	1	2	1	1	1	1	1	1	1	2	1	2	1	1	1	1	1	1	1	1	2	1	1	1	1	1
95	2	1	1	2	2	2	2	1	1	1	1	2	1	1	1	2	1	2	1	1	1	1	1	1	1	1	2	1	1	1	1	2	1	1	1	1	1	1	1	1	1	2	2	1	1	1	2	1	1	1	1	1	2	1	1	1	1	1	1	2	1	1	1	2	2	1	1	1	1	1	2	1	1	1	1	1	1	1	2	2	1	1	1	1	1	1	1	1	1	1	1	1	1	1	1
95	1	1	1	2	1	2	2	1	1	1	1	2	1	1	1	2	1	2	1	1	1	1	1	1	1	1	2	1	1	1	1	1	1	1	1	1	1	1	1	1	1	2	2	1	1	2	2	2	2	1	1	1	2	1	1	1	1	1	1	1	1	1	1	1	2	1	1	1	1	1	2	1	1	1	1	1	1	1	2	1	1	1	1	1	1	1	1	1	1	1	1	1	1	1	1
96	2	1	1	2	2	2	2	1	1	1	1	2	1	1	1	2	2	2	1	1	1	1	1	1	1	1	1	1	1	1	1	1	1	1	1	1	1	1	1	1	1	1	1	1	1	1	2	2	1	1	1	1	2	1	1	1	1	1	1	2	1	1	1	1	1	1	1	1	1	1	2	1	1	1	1	1	1	1	2	1	2	1	1	1	1	1	1	1	1	2	1	1	1	1	1
96	2	1	1	2	2	2	2	1	1	1	1	2	1	1	1	2	1	2	1	1	1	1	1	1	1	1	1	1	1	1	1	1	1	1	1	1	1	2	1	1	1	2	1	1	1	1	2	2	1	1	1	1	2	1	1	1	1	1	1	1	1	1	1	1	1	1	1	1	1	1	2	1	1	1	1	1	1	1	2	2	2	1	2	1	1	1	1	2	1	2	1	1	1	1	1
96	2	1	1	2	2	2	2	1	1	1	1	1	1	1	1	2	2	2	1	1	1	1	1	1	1	1	1	1	1	1	1	2	1	2	1	1	1	1	1	1	1	1	2	1	1	1	2	1	1	1	1	1	2	1	1	1	1	1	1	2	1	1	1	1	1	1	1	1	1	1	2	1	1	1	1	1	1	1	2	1	2	2	1	1	1	1	1	1	1	2	1	1	1	1	1
97	1	1	1	2	2	2	2	1	1	1	1	1	1	1	1	2	2	2	1	1	1	1	1	1	1	1	2	1	1	1	1	2	1	1	1	1	1	1	1	1	1	2	1	1	1	2	2	1	1	1	1	1	2	1	1	1	1	1	1	1	1	2	1	1	1	1	2	1	1	1	2	1	1	1	1	1	1	1	2	2	1	1	1	1	2	1	1	1	1	1	1	1	1	1	1
97	1	1	1	2	2	2	2	2	1	1	1	1	1	1	1	2	2	2	1	1	1	1	1	1	1	1	1	1	1	1	1	2	1	1	1	1	1	1	1	1	1	2	1	1	1	1	2	1	1	1	1	1	2	1	1	1	1	1	1	1	1	2	1	1	1	1	1	1	1	1	2	1	1	1	1	1	1	1	2	2	1	1	1	1	2	1	1	1	1	1	1	1	1	1	1
97	2	1	1	2	2	2	2	2	1	1	2	1	1	1	1	2	1	2	1	1	1	1	1	1	1	1	2	1	1	1	1	1	1	1	1	1	1	1	1	1	1	1	1	1	1	1	2	1	1	1	1	1	2	1	1	1	1	1	1	2	1	1	1	1	1	1	1	1	1	1	2	1	1	1	1	1	1	1	2	1	1	2	1	1	1	1	1	1	1	1	1	1	1	1	1
98	2	1	1	2	2	2	2	1	1	1	1	1	1	1	1	2	2	1	1	1	1	1	1	1	1	1	1	1	1	1	1	2	1	1	1	1	1	1	1	1	1	1	2	1	1	2	2	2	1	1	1	1	2	1	1	1	1	1	1	2	1	2	1	1	1	1	1	1	1	1	2	1	1	1	1	2	1	1	2	1	1	1	1	1	2	1	1	2	1	1	1	1	1	1	1
98	2	1	1	2	2	2	2	1	1	1	1	1	1	1	1	1	2	2	1	1	1	1	1	1	1	1	2	1	1	1	1	2	1	1	1	1	1	1	1	1	1	1	1	1	1	2	2	1	1	1	1	1	2	1	1	1	1	1	1	2	1	2	1	1	1	1	1	1	1	1	2	1	1	1	1	2	1	1	2	1	1	1	1	1	1	1	1	2	1	1	1	1	1	1	1
98	2	2	1	2	2	2	2	2	1	1	1	1	1	1	1	2	1	2	1	1	1	1	1	1	1	1	1	1	1	1	1	2	1	1	2	1	1	1	1	1	1	1	1	1	1	1	2	1	1	2	1	1	2	1	1	1	1	1	1	2	1	1	2	1	1	1	1	1	1	1	2	1	1	1	1	1	1	1	2	1	1	1	2	2	2	1	1	2	1	1	1	1	1	1	1
99	2	1	1	2	2	2	2	1	1	1	1	1	1	1	1	2	1	2	1	1	1	1	1	1	1	1	1	1	1	1	1	1	1	2	1	1	1	1	1	1	1	1	1	1	1	1	2	1	1	1	1	1	2	1	2	1	1	1	1	1	1	2	1	1	2	1	2	1	1	1	2	1	1	1	1	2	1	1	2	2	1	1	1	2	1	1	1	1	1	1	1	1	1	1	1
99	2	1	2	2	2	2	1	1	1	1	1	1	1	1	1	2	1	2	1	1	1	1	1	1	1	1	1	1	1	1	1	1	1	2	1	1	1	1	1	1	1	1	1	1	1	1	2	1	1	1	1	1	2	1	1	1	1	1	1	1	1	2	1	1	2	1	1	1	1	1	2	1	1	1	1	2	1	1	2	2	1	2	1	1	1	1	1	1	1	1	1	1	1	1	1
99	1	1	1	2	2	2	2	1	1	1	1	1	1	1	1	2	1	2	1	1	1	1	1	1	1	1	1	1	1	1	1	1	1	1	1	1	1	1	2	1	1	1	1	1	1	1	2	1	1	1	1	1	2	1	1	1	1	1	1	2	1	2	1	1	2	1	1	1	1	1	2	1	1	1	1	2	1	1	2	1	1	1	2	1	2	1	1	1	1	1	1	1	1	1	1
100	1	1	1	2	2	2	1	1	1	1	1	1	1	1	1	2	1	2	1	1	1	1	1	1	1	1	1	1	2	1	1	1	1	1	1	1	1	1	1	1	1	1	1	1	1	2	2	2	1	1	1	1	2	1	1	1	1	1	1	1	1	2	1	1	2	1	1	1	1	1	2	1	1	1	1	1	1	1	2	1	1	1	1	1	1	1	1	1	1	1	1	1	1	1	1
100	1	1	1	2	2	2	2	1	1	1	1	2	1	1	1	2	2	2	1	1	1	1	1	1	1	1	2	1	1	1	1	1	1	1	1	1	1	1	1	1	1	1	1	1	1	2	2	2	1	1	1	1	2	1	1	1	1	1	1	1	1	1	1	1	2	1	1	1	1	1	2	1	1	1	1	1	1	1	2	1	1	1	1	1	1	1	1	2	1	2	1	1	1	1	1
100	2	1	1	2	2	2	2	1	1	1	1	1	1	1	1	2	2	2	2	1	1	1	1	1	1	1	1	1	1	1	1	2	1	1	1	1	1	1	1	1	1	1	1	1	1	2	2	2	1	1	1	1	2	1	1	1	1	1	1	1	1	2	1	1	2	1	1	1	1	1	2	1	1	1	1	1	1	1	2	2	1	1	1	1	1	1	1	2	1	1	1	1	1	1	1
101	2	1	1	2	2	2	2	1	1	1	1	1	1	1	1	2	2	2	1	1	1	1	1	1	1	1	1	1	1	1	1	1	1	2	2	1	1	1	1	1	1	1	1	1	1	1	2	1	1	2	1	1	2	1	1	1	1	1	1	1	1	2	1	1	2	1	1	1	1	1	2	1	1	1	1	1	1	1	2	2	1	1	1	1	1	1	1	1	1	1	1	1	1	1	1
101	2	1	1	2	2	2	2	1	1	1	1	1	1	1	1	2	2	2	1	1	1	1	1	1	1	1	1	1	2	1	1	1	1	2	2	1	1	1	1	1	1	1	1	1	1	1	1	2	1	1	1	1	2	1	1	1	1	1	1	1	1	1	1	1	2	1	1	1	1	1	2	1	1	1	1	1	1	1	2	1	1	1	1	1	1	1	1	1	1	2	1	1	1	1	1
101	2	1	1	2	2	2	2	1	1	1	1	2	1	1	1	1	1	1	2	1	1	1	1	1	1	1	1	1	1	1	1	1	1	1	1	1	1	1	1	1	1	1	1	1	1	1	2	1	1	1	1	1	2	1	1	1	1	1	1	1	1	1	1	1	2	1	1	1	1	1	2	1	1	1	1	1	1	1	2	1	1	1	1	1	1	1	1	2	1	2	1	1	1	1	1
102	2	1	1	2	2	2	2	1	1	1	1	2	1	1	1	2	1	1	1	1	1	1	1	1	1	1	1	1	1	1	1	1	1	1	1	1	1	1	2	1	1	1	1	1	1	1	2	2	1	1	1	1	2	1	1	1	1	1	1	1	1	1	1	2	2	1	1	1	1	1	2	1	1	1	1	1	1	1	2	1	1	1	1	1	1	1	1	2	1	1	1	1	1	1	1
102	2	1	1	2	2	2	2	1	1	1	1	2	1	1	1	2	2	1	1	1	1	1	1	1	1	1	1	1	1	1	1	1	1	1	1	1	1	1	2	1	1	1	1	1	1	1	2	2	1	1	1	1	2	1	1	1	1	1	1	1	1	2	1	1	1	1	1	1	1	1	2	1	1	1	1	1	1	1	2	2	1	1	1	1	1	1	1	1	1	2	1	1	1	1	1
102	2	1	1	2	2	2	2	1	1	1	1	1	1	1	1	1	1	1	1	1	1	1	1	1	1	1	1	1	1	1	1	1	1	1	1	1	1	1	2	1	1	1	1	1	1	1	2	2	1	1	1	1	2	1	1	1	1	1	1	1	1	2	1	1	2	1	1	1	1	1	2	1	1	1	1	1	1	1	2	1	1	1	1	1	1	1	1	1	1	2	1	1	1	1	1
103	1	1	1	1	1	1	1	1	1	1	1	1	1	1	1	1	1	1	1	1	1	1	1	1	1	1	1	1	1	1	1	1	1	1	1	1	1	1	1	1	1	1	1	1	1	1	1	2	1	1	1	1	2	1	1	1	1	1	1	2	1	1	1	1	2	1	1	1	1	1	2	1	1	1	1	1	1	1	2	1	1	1	2	2	1	1	1	2	1	1	1	1	1	1	1
103	2	1	1	2	1	2	2	1	1	1	1	1	1	1	1	2	1	2	1	1	1	1	1	1	1	1	1	1	2	1	1	1	1	1	1	1	1	1	1	1	1	1	1	1	1	2	2	2	1	1	1	1	2	1	1	1	1	1	1	1	1	1	2	1	2	1	2	1	1	1	2	1	1	1	1	1	1	1	2	2	2	1	2	2	1	1	1	2	1	1	1	1	1	1	1
103	2	1	1	2	1	2	2	1	1	1	1	1	1	1	1	2	2	2	1	1	1	1	1	1	1	1	1	1	2	1	1	2	1	1	1	1	1	1	1	1	1	2	1	1	1	1	1	2	1	2	1	1	2	1	1	1	1	1	1	1	1	1	1	1	2	1	1	1	1	1	2	1	1	1	1	1	1	1	2	2	2	1	2	2	1	1	1	2	1	1	1	1	1	1	1
104	2	1	1	2	2	2	2	2	1	1	1	2	1	1	1	2	2	2	1	1	1	1	1	1	1	1	1	1	1	1	1	2	1	2	1	1	1	1	1	1	1	1	2	1	1	1	2	2	1	1	1	1	2	1	1	1	1	1	1	1	1	1	1	1	2	1	2	1	1	1	2	1	1	1	1	1	1	1	2	1	2	2	1	1	2	1	1	2	1	2	1	1	1	1	1
104	2	1	1	2	1	2	2	1	1	1	1	2	1	1	1	2	2	2	1	1	1	1	1	1	1	1	1	1	2	1	1	2	1	1	1	1	1	1	1	1	1	1	2	1	1	1	2	2	1	1	1	1	2	1	1	1	1	1	1	1	1	2	1	1	1	1	1	1	1	1	2	1	1	1	1	1	1	1	2	2	2	2	1	1	1	1	1	2	1	2	1	1	1	1	1
104	2	1	1	2	2	2	2	2	1	1	1	2	1	1	1	1	2	2	1	1	1	1	1	1	1	1	1	1	1	1	1	1	1	1	1	1	1	1	1	1	1	1	1	2	1	1	2	2	1	1	1	1	2	1	1	1	1	1	1	1	1	2	1	1	2	1	1	1	1	1	2	1	1	1	1	1	1	1	2	2	1	1	1	1	1	1	1	2	1	2	1	1	1	1	1
105	1	1	1	2	1	2	2	2	1	1	1	1	1	1	1	2	1	2	1	1	1	1	1	1	1	1	1	1	2	1	1	1	1	1	1	1	1	1	1	1	1	1	1	1	1	1	2	1	1	1	1	1	2	1	1	1	1	1	1	1	1	2	1	1	1	1	2	1	1	1	2	1	1	1	1	1	1	1	2	2	1	1	2	2	1	1	1	2	1	1	1	1	1	1	1
105	2	1	1	2	2	2	2	2	1	1	1	1	1	1	1	2	2	2	1	1	1	1	1	1	1	1	1	1	1	1	1	2	1	2	1	1	1	1	1	1	1	1	1	2	1	2	2	2	1	1	1	1	2	1	1	1	1	1	1	1	1	2	1	1	2	1	2	1	1	1	2	1	1	1	1	1	1	1	2	2	1	1	2	2	2	1	1	2	1	1	1	1	1	1	1
105	2	1	1	2	2	2	2	1	1	1	1	2	2	1	1	2	1	2	1	1	1	1	1	1	1	1	1	1	2	1	1	1	1	1	1	1	1	1	1	2	1	1	1	2	1	1	2	1	1	1	1	1	1	1	1	1	1	1	1	1	1	1	1	1	1	1	1	1	1	1	2	1	1	1	1	1	1	1	2	2	1	1	1	1	1	1	1	1	1	1	1	1	1	1	1
106	2	1	1	2	2	2	2	1	1	1	1	1	1	1	1	2	2	2	1	1	1	1	1	1	1	1	1	1	1	1	1	2	1	1	1	1	1	1	1	1	1	1	1	1	1	1	2	2	1	1	1	1	2	1	1	1	1	1	1	1	1	2	1	1	2	1	1	1	1	1	2	1	1	1	1	1	1	1	2	1	1	1	1	1	1	1	1	2	1	1	1	1	1	1	1
106	2	1	1	2	1	2	2	1	1	1	1	1	1	1	1	2	1	2	1	1	1	1	1	1	1	1	2	1	1	1	1	1	1	1	1	1	1	1	1	2	2	1	2	1	1	2	2	2	1	1	1	1	2	1	1	1	1	1	1	2	1	2	1	1	1	1	1	1	1	1	2	1	1	1	1	2	1	1	2	2	1	1	2	1	1	1	1	1	1	1	1	1	1	1	1
106	2	1	1	2	2	2	2	1	1	1	1	1	1	1	1	2	1	2	1	1	1	1	1	1	1	1	2	1	1	1	1	1	1	1	1	1	1	1	1	1	2	1	1	1	1	2	2	2	1	1	1	1	2	1	1	1	1	1	1	1	1	2	1	1	2	1	1	1	1	1	2	1	1	1	1	1	1	1	2	1	1	1	2	1	1	1	1	1	1	1	1	1	1	1	1
107	2	1	1	2	2	1	1	1	1	1	1	1	2	1	1	2	2	1	2	1	1	1	1	2	1	1	1	1	1	1	1	1	1	1	1	1	1	1	1	2	2	1	1	1	1	2	2	2	1	1	1	1	2	1	1	1	1	1	1	1	1	1	1	1	1	2	1	1	2	1	2	1	1	1	1	2	1	1	2	2	1	1	1	1	1	1	1	1	1	1	1	1	1	2	2
107	2	1	1	2	2	2	1	1	1	1	1	2	1	1	1	2	2	2	2	1	1	1	1	1	1	1	1	1	1	1	1	1	1	1	1	1	1	1	1	2	1	1	1	1	1	2	2	2	1	2	1	1	2	1	1	1	1	1	1	2	1	1	1	2	2	2	1	1	1	1	2	1	1	1	1	1	1	1	2	1	1	1	1	1	1	1	1	1	1	1	2	1	1	2	2
107	2	1	1	2	2	1	1	1	1	1	1	1	1	1	1	2	2	1	2	1	1	1	1	1	1	1	1	1	1	1	1	1	1	1	1	1	1	1	1	2	1	1	1	1	1	2	2	2	1	1	2	2	2	1	1	1	1	1	1	1	1	1	1	2	1	2	1	1	1	1	2	1	1	1	1	2	1	1	2	1	1	1	1	1	1	1	1	1	1	1	1	1	1	1	2
108	2	1	1	2	2	2	2	1	1	1	1	1	1	1	1	2	2	2	1	1	1	1	1	1	1	1	1	1	1	1	1	1	1	1	2	1	1	1	1	1	1	1	1	1	1	2	2	2	1	1	1	1	2	1	1	1	1	1	1	1	1	2	1	2	2	1	1	1	1	1	2	1	1	1	1	1	1	1	2	2	1	2	1	1	1	1	1	2	1	2	1	1	1	1	1
108	2	1	1	2	2	2	2	1	1	1	1	1	1	1	1	2	2	2	1	1	1	1	1	1	1	1	1	1	2	1	1	1	1	1	2	1	1	1	1	1	1	1	1	1	1	2	2	2	1	1	1	1	2	1	1	1	1	1	1	1	1	2	1	2	2	1	1	1	1	1	2	1	1	1	1	1	1	1	2	2	1	1	1	1	1	1	1	1	1	2	1	1	1	1	1
108	2	1	1	2	2	2	1	1	1	1	1	1	1	1	1	2	1	2	1	1	1	1	1	1	1	1	1	1	2	1	1	1	1	1	2	1	1	1	1	1	1	1	1	1	1	1	2	2	1	1	1	1	2	1	1	1	1	1	1	1	1	1	1	2	2	1	2	1	1	1	2	1	1	1	1	1	1	1	2	1	1	1	1	1	1	1	1	1	1	1	1	1	1	1	1
109	2	1	1	2	2	2	2	1	1	1	1	1	1	1	1	1	2	2	2	1	1	1	1	2	1	1	1	1	1	1	1	1	1	1	1	1	2	1	1	1	1	1	1	1	1	2	2	2	1	1	2	1	2	2	1	1	1	1	1	2	1	1	1	2	1	1	1	1	1	1	2	1	1	1	1	1	1	1	2	1	2	1	1	1	1	1	1	1	1	2	1	1	1	2	1
109	2	1	1	2	2	2	2	1	1	1	1	1	1	1	1	2	2	2	1	1	1	1	1	2	1	1	1	1	1	1	1	1	1	1	1	1	1	1	1	1	1	1	1	2	1	2	2	1	1	1	2	1	2	2	1	1	1	1	1	1	1	1	1	2	1	1	1	1	1	1	2	1	1	1	1	1	1	1	2	2	1	1	1	1	1	1	1	1	1	2	1	1	1	2	1
109	2	1	1	2	2	2	2	1	1	1	1	1	1	1	1	2	2	1	2	1	1	1	1	1	1	1	1	1	1	1	1	1	1	1	1	1	2	1	1	1	1	1	1	1	1	1	1	1	1	1	2	1	2	1	1	1	1	1	1	1	1	1	1	2	1	1	1	1	1	1	2	1	1	1	1	1	1	1	2	2	2	1	1	1	1	1	1	1	1	2	1	1	1	2	2
110	2	1	1	2	2	2	2	1	1	1	1	2	1	1	1	2	2	2	2	1	1	1	1	1	1	1	1	1	1	1	1	1	1	1	1	1	1	1	1	1	1	1	1	1	2	2	2	1	1	1	2	1	2	1	1	1	1	1	1	1	1	1	1	1	1	1	1	1	1	1	2	1	1	1	1	1	1	1	2	2	1	1	1	1	1	1	1	1	1	1	2	1	1	1	1
110	2	1	1	2	2	2	2	1	1	1	1	2	1	1	1	2	2	2	2	1	1	1	1	1	1	1	1	1	1	1	1	1	1	1	1	1	1	1	1	2	1	1	1	1	2	2	2	1	1	1	2	1	2	1	1	1	1	1	1	1	1	1	1	2	1	1	1	1	1	1	2	1	1	1	1	1	1	1	2	1	1	1	1	1	1	1	1	1	1	1	1	1	1	1	1
110	2	1	1	2	2	1	2	1	1	1	1	1	1	1	1	2	2	1	2	1	1	1	1	1	1	1	1	1	1	1	1	1	1	1	1	1	1	1	1	2	1	1	1	1	2	2	2	1	1	1	2	1	2	1	1	1	1	1	1	1	1	1	1	1	1	1	1	1	1	1	2	1	1	1	1	1	1	1	2	2	1	1	1	1	1	1	1	1	1	1	1	1	1	2	1
