124	101	2	1
AAC_CTG_70.2
AAC_CTG_82.3
AAC_CTG_86.3
AAC_CTG_94.1
AAC_CTG_99.8
AAC_CTG_109.2
AAC_CTG_117.8
AAC_CTG_135.8
AAC_CTG_138.5
AAC_CTG_140.7
AAC_CTG_145.3
AAC_CTG_164.9
AAC_CTG_167.0
AAC_CTG_177.2
AAC_CTG_178.9
AAC_CTG_189.8
AAC_CTG_235.8
AAC_CTG_241.6
AAC_CTG_272.3
AAC_CTG_311.2
AAC_CTG_318.4
AAC_CTG_358.0
AAC_CTG_370.6
AAC_CTG_372.6
AAC_CTG_378.7
AAC_CTG_382.8
AAC_CTG_387.6
AAC_CTG_388.9
AAC_CTG_393.7
AAC_CTG_395.0
AAC_CTG_399.7
AAC_CTG_400.9
AAC_CTG_407.1
AAC_CTG_413.4
AAC_CTG_419.6
AAC_CTG_425.8
AAC_CTG_438.1
AAC_CTG_456.2
AAC_CTG_480.2
AAC_CTG_485.0
AAC_CTG_492.6
ACT_CTG_56.2
ACT_CTG_61.1
ACT_CTG_68.8
ACT_CTG_84.5
ACT_CTG_87.5
ACT_CTG_89.0
ACT_CTG_95.3
ACT_CTG_104.7
ACT_CTG_109.0
ACT_CTG_138.4
ACT_CTG_141.8
ACT_CTG_162.2
ACT_CTG_170.8
ACT_CTG_174.8
ACT_CTG_178.6
ACT_CTG_185.0
ACT_CTG_204.1
ACT_CTG_207.1
ACT_CTG_219.0
ACT_CTG_229.3
ACT_CTG_231.3
ACT_CTG_242.8
ACT_CTG_259.1
ACT_CTG_276.8
ACT_CTG_278.9
ACT_CTG_301.3
ACT_CTG_322.9
ACT_CTG_328.3
ACT_CTG_420.8
ACT_CTG_429.1
ACT_CTG_431.1
ATG_CTG_50.7
ATG_CTG_52.0
ATG_CTG_58.1
ATG_CTG_62.4
ATG_CTG_64.3
ATG_CTG_102.8
ATG_CTG_119.8
ATG_CTG_144.5
ATG_CTG_173.6
ATG_CTG_185.6
ATG_CTG_191.8
ATG_CTG_193.4
ATG_CTG_197.0
ATG_CTG_201.1
ATG_CTG_203.8
ATG_CTG_232.1
ATG_CTG_284.1
ATG_CTG_310.3
ATG_CTG_358.3
ATG_CTG_377.9
ATG_CTG_378.9
ATG_CTG_379.7
ATG_CTG_385.2
ATG_CTG_390.1
ATG_CTG_414.0
ATG_CTG_417.2
ATG_CTG_418.4
ATG_CTG_452.7
ATG_CTG_495.2
1	1	2	1	2	1	1	1	1	1	1	2	2	1	1	1	1	1	1	1	1	2	1	2	1	1	1	1	1	1	1	1	1	1	1	1	1	1	1	1	1	1	1	1	2	2	1	2	2	1	2	1	1	1	2	1	1	1	2	1	1	1	1	1	1	1	1	1	2	1	1	1	2	2	2	1	1	1	1	2	2	2	2	1	2	1	2	1	2	2	1	1	1	1	1	1	1	1	1	1	1	2
1	1	1	1	2	1	1	1	1	1	1	2	2	1	1	1	1	1	1	1	1	2	1	2	1	1	1	1	1	1	1	1	1	1	1	1	1	1	1	1	1	1	1	2	2	2	1	2	2	1	1	1	1	1	1	1	1	1	2	1	1	2	2	1	1	1	1	1	1	1	1	1	2	2	1	1	1	1	1	2	2	2	2	1	2	1	2	1	1	1	2	1	1	1	1	1	1	2	1	1	1	2
1	1	1	1	2	2	1	2	1	1	1	2	2	1	1	1	1	1	1	1	1	2	1	1	1	1	1	1	1	1	1	1	1	1	1	1	1	2	1	1	1	1	1	2	2	2	1	2	1	2	1	1	2	1	1	1	1	1	2	1	1	1	1	1	1	1	1	1	1	1	1	1	2	2	1	1	1	1	2	2	1	2	2	2	1	1	2	2	2	2	1	1	1	1	1	1	1	2	1	1	1	2
2	1	1	1	2	1	1	2	1	1	1	2	2	2	1	1	1	1	1	1	1	2	1	1	1	1	1	1	2	1	1	1	1	1	1	1	1	1	1	1	1	1	1	1	2	2	1	2	1	2	2	1	1	1	1	1	1	2	1	1	1	1	1	1	1	1	1	1	1	1	1	1	2	2	1	1	1	2	2	2	2	2	2	1	2	1	1	2	1	1	1	1	1	1	1	1	1	1	1	1	1	2
2	1	1	1	2	1	1	2	1	1	1	2	2	1	1	1	1	1	1	1	1	2	1	1	1	1	1	1	1	2	1	1	1	1	1	1	1	1	1	1	1	1	1	1	2	2	1	2	1	2	2	1	2	1	1	1	1	2	2	1	1	1	1	1	1	1	1	1	1	1	1	1	2	2	1	1	1	1	1	1	2	2	2	1	1	2	2	1	1	2	1	1	1	1	1	1	1	1	1	1	1	2
2	1	2	1	2	2	1	2	1	1	1	2	2	2	1	1	1	1	1	1	1	2	1	2	1	1	1	1	1	1	1	1	1	1	1	1	1	1	1	1	1	1	1	2	2	2	1	2	1	2	1	1	2	1	1	1	1	2	2	1	1	1	1	1	1	1	1	1	1	1	1	1	2	2	1	1	1	1	2	2	1	2	2	1	2	1	1	1	2	1	1	1	1	1	1	1	1	1	1	1	1	2
3	1	2	1	2	1	1	2	1	1	1	2	2	1	1	1	1	1	1	1	1	2	1	1	1	1	1	1	1	2	2	1	2	1	1	1	1	1	1	1	1	1	1	2	2	2	1	2	1	2	1	1	2	1	1	1	1	1	2	1	1	1	1	1	1	1	1	1	1	1	1	1	2	2	1	1	1	1	1	2	1	2	1	1	2	1	2	1	2	1	1	1	1	1	1	2	1	1	1	1	1	2
3	1	2	1	2	2	1	1	1	1	1	2	2	1	1	1	1	1	1	1	1	2	1	1	1	1	1	1	1	1	1	1	1	1	1	1	1	1	1	1	1	1	1	2	2	2	1	2	1	2	2	1	2	1	1	1	1	2	1	1	1	1	1	1	1	1	1	1	1	1	1	1	2	2	1	1	1	1	2	2	2	2	1	1	1	1	1	1	1	1	1	1	1	1	2	1	1	1	1	1	1	2
3	1	2	1	1	1	1	1	1	1	1	2	2	2	1	1	1	1	1	1	1	2	1	1	1	1	1	1	1	1	1	1	1	1	1	1	1	1	1	1	1	2	1	2	1	2	1	2	1	2	2	1	2	1	1	1	1	2	1	1	1	1	1	1	1	1	2	1	1	1	1	1	2	2	1	1	1	1	2	2	1	2	2	1	2	1	2	1	1	2	1	1	1	1	2	1	1	1	1	1	1	2
4	1	1	1	2	2	2	2	1	2	1	2	2	1	1	1	1	1	1	1	1	2	1	2	1	1	1	1	1	1	2	1	1	1	1	1	1	1	1	1	1	1	1	2	2	2	2	2	1	2	1	1	2	1	1	1	1	2	1	1	1	1	1	1	1	1	1	1	1	1	1	1	2	2	1	1	1	2	2	1	1	2	2	1	2	1	1	1	1	1	1	1	1	1	1	1	1	1	2	1	1	2
4	1	2	1	2	2	1	1	1	2	1	2	2	1	1	1	1	1	1	1	2	2	1	2	1	1	1	1	1	1	1	1	1	1	1	1	1	1	1	1	1	1	1	2	1	2	1	2	1	2	1	1	2	1	1	1	1	2	1	1	1	1	1	1	1	1	1	1	1	1	1	1	1	2	1	1	1	1	2	2	1	2	2	1	2	1	1	2	1	1	1	1	1	1	1	1	1	1	1	1	1	2
4	1	2	1	2	2	1	1	1	2	1	1	2	2	1	1	1	1	1	1	1	2	1	2	1	1	1	1	1	1	1	1	1	1	1	1	1	1	1	1	1	1	1	1	2	2	1	2	1	2	1	1	2	1	1	1	1	1	2	1	1	1	1	1	1	1	1	1	1	1	1	1	2	2	1	1	1	1	2	2	1	2	2	2	1	1	2	2	2	1	1	1	1	1	1	1	1	1	1	1	1	2
5	1	2	1	2	2	1	2	1	1	1	2	2	2	1	1	1	1	1	1	1	2	1	2	1	1	1	1	1	1	1	1	1	1	1	1	1	1	1	1	1	1	1	1	2	2	2	2	1	2	1	1	2	1	1	1	1	2	1	1	1	1	1	1	1	1	1	1	1	1	1	1	2	2	1	1	1	2	2	2	1	2	2	1	2	1	1	1	1	2	1	1	1	1	1	1	1	1	1	1	1	2
5	1	1	1	2	2	1	1	1	1	1	2	2	1	1	1	1	1	1	1	1	2	1	2	1	1	1	1	1	1	1	1	1	1	1	1	1	1	1	1	1	1	1	2	2	2	1	2	1	2	1	1	1	1	1	1	1	2	2	1	1	1	1	1	1	1	1	1	1	1	1	1	2	2	1	1	1	1	2	2	1	2	1	2	2	1	2	1	1	2	1	1	1	1	1	2	1	1	1	1	1	2
5	1	1	1	2	2	1	1	1	1	1	2	2	2	1	1	1	1	1	1	2	2	1	1	1	1	1	1	2	1	1	1	1	1	1	1	1	1	1	1	1	1	1	1	2	2	2	2	1	2	1	1	2	1	1	2	1	2	1	2	1	1	1	2	1	1	1	1	1	1	1	1	2	2	1	1	1	1	2	2	1	2	2	1	1	1	2	1	1	1	1	1	1	1	1	1	1	1	1	1	1	2
6	1	1	1	2	2	1	1	1	1	1	1	1	1	1	1	1	1	1	1	1	2	1	2	1	1	1	1	2	1	1	1	1	1	1	1	1	1	1	1	1	1	1	1	2	2	2	1	1	2	1	1	1	1	1	1	1	2	1	1	1	1	1	1	1	1	1	1	1	1	1	2	2	2	1	1	1	1	2	1	1	2	2	1	2	1	1	1	1	1	1	1	1	1	1	1	1	1	1	1	1	2
6	1	1	1	2	2	1	1	1	1	1	2	2	1	1	1	1	1	1	1	1	2	1	2	1	1	1	1	2	1	1	1	1	1	1	1	1	1	1	1	1	1	1	1	2	2	1	2	1	2	1	1	2	1	1	1	1	2	2	1	1	1	1	1	1	1	1	1	1	1	1	1	2	2	1	1	1	1	2	2	1	2	1	1	1	1	2	1	1	2	1	1	1	1	1	1	1	1	1	1	1	2
6	1	1	1	2	2	1	1	1	2	1	2	2	1	1	1	1	1	1	1	1	2	1	1	1	1	1	1	2	1	1	1	1	1	1	1	1	1	1	1	1	1	1	2	2	2	1	2	1	2	2	1	2	1	1	1	1	2	2	1	1	1	1	1	1	1	1	1	1	1	1	1	2	2	1	1	1	1	1	1	1	2	2	1	2	1	1	1	1	1	1	1	1	1	1	1	1	1	1	1	1	2
7	1	2	1	2	1	1	1	1	2	1	2	2	2	1	2	1	1	1	1	1	2	1	1	1	1	1	1	1	1	1	1	2	1	1	1	1	1	1	1	1	1	1	2	2	2	1	2	1	2	1	1	2	1	1	1	1	1	2	1	1	1	1	1	1	1	1	1	1	1	1	2	2	2	1	1	1	1	1	1	1	2	2	1	2	1	1	1	1	1	1	1	1	1	1	1	1	1	1	1	1	2
7	1	1	1	2	2	1	1	1	1	1	2	2	1	1	2	1	1	1	1	1	2	1	2	1	1	1	1	1	1	1	1	1	1	1	1	1	1	1	1	1	1	1	2	2	2	1	2	1	2	1	1	2	1	1	1	1	2	1	1	1	1	1	1	1	1	1	1	2	1	1	1	2	2	1	1	1	1	1	2	1	2	2	1	2	1	1	1	2	1	2	1	1	1	1	1	1	1	1	1	1	2
7	1	1	1	2	1	1	1	1	1	1	2	2	2	1	2	2	1	1	1	1	2	1	2	1	1	1	1	1	1	1	1	2	1	1	1	1	1	1	1	1	1	1	1	2	2	2	2	1	2	1	1	2	1	1	1	1	2	2	1	1	1	1	1	1	1	1	1	1	1	1	1	2	2	1	1	1	1	2	1	2	2	2	1	2	1	1	2	2	1	1	1	1	1	1	1	1	1	1	1	1	2
8	1	1	1	2	2	1	1	1	1	1	2	2	2	1	1	1	1	1	1	1	2	1	2	1	1	1	1	2	1	1	1	1	1	1	1	1	1	1	1	1	1	1	1	2	2	2	2	1	2	1	1	1	1	1	1	1	2	2	2	1	1	1	2	1	1	1	1	2	2	1	1	2	2	1	1	1	1	2	2	1	2	2	1	2	1	1	2	1	1	2	1	1	1	1	1	1	1	1	1	1	2
8	1	1	1	2	2	1	1	1	1	1	2	1	2	1	1	1	1	1	1	1	2	1	1	1	1	1	1	1	1	1	1	1	1	1	1	1	1	1	1	1	1	1	2	1	2	2	2	1	2	1	1	2	1	1	1	1	2	1	2	1	1	1	2	1	1	1	1	1	1	1	1	2	2	1	1	1	1	1	1	2	2	2	1	1	1	2	1	2	1	2	1	1	1	1	1	1	1	1	1	1	2
8	1	2	1	2	2	1	1	1	1	1	2	2	2	1	1	1	1	1	1	1	2	1	1	1	1	1	1	1	1	1	1	1	1	1	2	1	1	1	1	1	1	1	2	2	2	1	2	1	2	1	1	2	1	1	2	1	2	2	1	1	1	1	1	1	1	1	1	1	1	1	1	2	2	1	1	1	1	2	1	1	1	1	1	2	1	2	1	1	1	1	1	1	1	1	1	1	1	1	1	1	2
9	1	1	1	1	2	1	1	1	1	1	2	2	2	1	1	1	1	1	1	1	2	1	1	1	1	1	1	2	1	2	1	1	1	1	1	1	1	1	1	1	1	1	1	2	2	1	2	1	2	1	1	2	1	1	1	1	2	1	1	2	2	2	1	1	1	1	1	1	1	1	1	2	2	1	1	1	1	2	1	1	2	1	1	2	1	1	1	2	1	2	1	1	1	1	1	1	1	1	1	1	2
9	1	2	1	2	2	1	1	1	1	1	2	2	1	1	1	1	1	1	1	1	2	1	2	1	1	1	1	1	1	1	1	1	1	1	1	1	1	1	1	1	1	1	1	2	2	1	2	1	2	2	1	1	1	1	1	1	2	2	1	1	1	2	1	1	2	2	1	1	2	1	1	2	2	1	1	1	1	2	2	1	1	1	1	2	1	1	1	2	2	1	1	1	1	1	1	1	1	1	1	1	2
9	1	2	1	2	1	2	1	1	1	1	2	2	1	1	1	1	1	1	1	1	2	1	2	1	1	1	1	2	1	1	1	1	1	1	1	1	1	1	1	1	1	1	2	1	2	1	2	1	2	1	1	1	1	1	1	1	2	1	1	1	1	2	1	1	2	1	1	1	1	1	1	2	2	1	1	1	1	2	2	1	2	2	1	2	1	2	1	2	1	1	1	1	1	1	1	1	1	2	2	1	2
10	1	2	1	2	1	1	1	1	1	1	2	2	2	1	1	1	1	1	1	1	2	1	1	2	1	1	1	1	1	1	1	1	1	1	1	1	1	1	1	1	1	2	2	2	2	1	2	1	2	1	1	2	1	1	1	1	2	1	1	1	1	2	1	1	2	1	1	1	1	1	1	2	2	1	1	1	1	2	2	1	2	2	1	1	1	2	1	1	1	1	1	1	1	1	1	1	1	1	1	1	2
10	1	1	1	2	2	1	1	1	1	1	2	2	2	1	1	1	1	1	1	1	2	1	1	1	1	1	1	1	1	1	1	1	1	1	1	1	1	1	1	1	1	1	2	2	2	1	2	1	2	1	1	2	1	1	1	1	1	2	1	1	1	1	1	1	1	2	1	1	1	1	2	2	2	1	1	1	1	2	2	1	2	1	1	2	1	1	2	1	2	1	1	1	1	1	1	1	1	1	1	1	2
10	1	2	1	1	1	1	2	1	1	1	2	1	2	1	1	1	1	1	1	1	2	2	2	1	1	1	1	1	1	1	1	1	1	1	1	1	1	1	1	1	1	1	2	2	2	1	2	1	2	2	1	2	1	1	1	1	1	2	1	1	1	1	1	1	1	1	1	1	2	1	2	2	2	1	1	1	1	2	1	1	2	2	2	1	1	2	1	2	2	1	1	1	1	1	1	1	1	1	1	1	2
11	1	1	1	2	1	1	1	1	1	1	2	2	1	1	1	1	1	1	1	1	2	1	2	1	1	1	1	2	1	1	1	1	1	1	1	1	1	1	1	1	1	1	2	2	2	1	2	1	2	1	1	2	1	1	2	1	2	1	1	1	1	1	1	1	1	1	1	1	1	1	1	2	2	1	1	1	1	2	2	1	2	1	1	2	1	1	1	1	2	1	1	1	1	1	1	1	1	1	1	1	2
11	1	2	1	2	2	1	2	1	1	1	2	2	2	1	1	1	1	1	1	1	2	1	1	1	1	1	1	2	1	2	1	1	1	1	1	1	1	1	1	1	1	1	1	2	2	1	2	1	2	1	1	2	1	1	1	1	2	1	1	2	2	2	1	1	1	1	1	1	1	1	1	2	2	1	1	1	1	2	2	1	2	2	1	2	1	2	1	1	1	2	1	1	1	2	1	1	1	1	1	1	2
11	1	2	1	2	1	1	2	1	1	1	2	2	1	1	1	1	1	1	1	1	2	1	2	1	1	1	1	1	1	1	1	1	2	1	1	1	1	1	1	1	1	1	1	2	2	1	2	1	2	2	1	2	1	1	1	1	2	2	1	1	1	2	1	1	2	2	1	1	1	1	1	2	2	1	1	1	1	2	2	1	2	2	1	2	1	2	2	1	1	1	1	1	1	2	1	1	1	1	1	1	2
12	1	2	1	2	2	2	2	1	1	1	1	2	1	1	1	1	1	1	1	1	2	1	1	1	1	1	1	1	1	2	1	2	1	1	1	1	1	1	1	1	1	1	2	1	2	1	2	1	2	1	1	1	1	1	1	1	2	1	1	1	1	2	1	1	2	1	1	1	1	1	1	2	2	1	1	1	1	1	1	1	2	2	1	2	1	2	2	1	1	1	1	1	1	1	1	1	2	2	1	1	2
12	1	1	1	2	2	1	1	1	1	1	1	2	1	1	1	1	1	1	1	1	2	1	2	1	1	1	1	1	1	2	1	1	1	1	1	1	1	1	1	1	1	2	2	2	2	1	2	1	2	1	1	2	1	1	1	1	2	1	1	1	1	2	1	1	2	1	1	1	1	1	1	2	2	1	1	1	1	2	1	1	2	2	1	1	2	2	2	1	1	1	1	1	1	1	1	1	1	1	1	1	2
12	1	2	1	2	2	1	1	1	1	1	1	2	1	1	1	1	1	1	1	1	2	2	2	1	1	1	1	1	1	1	1	1	1	1	1	1	1	1	1	1	1	2	2	2	2	1	2	1	2	1	1	2	1	1	1	1	2	1	1	1	1	2	1	1	2	1	1	1	1	1	1	2	2	1	1	1	1	2	1	1	2	2	1	1	1	2	2	1	2	1	1	1	1	1	1	1	1	1	1	1	2
13	1	1	1	2	2	1	1	1	1	1	2	2	1	1	1	1	1	1	1	1	2	1	2	1	1	1	1	1	1	1	1	1	1	1	1	1	1	1	1	1	1	1	2	2	2	1	2	1	2	1	1	2	1	1	1	1	1	2	1	1	1	1	1	1	1	1	1	1	1	1	2	2	2	1	1	1	1	2	1	1	2	2	1	2	1	1	2	1	1	1	1	1	1	1	1	1	1	1	1	1	2
13	1	1	1	2	2	1	1	1	1	1	2	2	2	1	1	1	1	1	1	1	2	1	1	2	1	1	1	1	1	1	1	1	1	1	1	1	1	1	1	1	1	1	2	2	2	1	2	1	2	2	1	2	1	1	1	1	1	2	1	1	1	1	1	1	1	1	1	1	2	1	1	2	2	1	1	1	1	2	1	1	2	2	1	2	1	2	1	2	1	1	1	1	1	1	1	1	1	1	1	1	1
13	1	1	1	2	2	1	1	1	1	1	2	2	2	1	1	1	1	1	1	1	2	1	2	1	2	1	1	1	1	1	1	1	1	1	1	1	1	1	1	1	1	1	2	2	2	1	2	1	2	1	1	1	1	1	1	1	2	1	1	1	1	2	1	1	1	1	1	2	1	1	1	2	2	1	1	1	1	2	2	1	2	2	1	1	1	2	1	1	2	2	1	1	1	1	1	1	1	1	1	1	2
14	1	1	1	2	1	1	2	1	1	1	2	1	2	1	1	1	1	1	1	1	2	1	2	2	1	1	1	1	1	1	1	1	1	1	1	1	1	1	1	1	1	1	2	2	2	1	2	1	2	2	1	1	1	1	1	1	1	1	1	1	1	2	1	1	1	1	1	1	1	1	1	2	2	1	1	1	1	2	2	1	2	2	1	2	1	2	2	1	2	1	1	1	1	1	1	1	1	1	1	1	2
14	1	1	1	1	1	1	1	1	1	1	2	2	1	1	1	1	1	1	1	1	2	1	2	1	1	1	1	1	1	1	1	1	1	1	1	1	1	1	1	1	1	1	2	1	2	1	2	1	2	2	1	2	1	1	1	1	2	2	1	1	1	1	1	1	1	1	1	1	1	1	1	2	2	1	1	1	2	2	2	1	1	2	1	1	1	2	1	1	1	1	1	1	1	1	1	1	2	1	2	1	2
14	1	1	1	2	2	1	1	1	1	1	2	2	1	2	2	1	1	1	1	1	2	1	2	1	1	1	1	1	1	1	1	1	1	1	1	1	1	1	1	1	1	1	2	2	2	1	2	1	2	1	1	2	1	1	1	1	2	1	1	1	1	1	1	1	1	1	1	1	1	1	1	2	2	1	1	1	1	2	2	1	2	2	1	2	1	2	1	1	1	1	1	1	1	1	1	1	1	1	1	1	2
15	1	1	1	2	1	1	1	1	2	1	1	2	1	1	1	1	1	1	1	1	2	1	2	1	1	1	1	1	1	1	1	1	1	1	1	1	1	1	1	1	1	1	2	2	2	1	2	1	2	2	1	2	1	1	1	1	2	1	1	1	1	1	1	1	1	1	1	1	1	1	1	2	2	1	1	1	1	2	1	1	2	2	1	2	1	1	1	1	1	2	1	1	1	1	1	1	1	1	1	1	2
15	1	2	1	2	2	1	1	1	2	1	2	2	1	1	1	1	1	1	1	1	2	1	2	1	1	1	1	1	1	1	1	1	1	1	1	1	1	1	1	1	1	1	2	2	2	1	2	1	2	1	1	2	1	1	1	1	1	1	2	1	1	1	2	1	1	1	1	1	1	1	1	2	2	1	1	1	1	2	2	1	2	2	1	2	2	1	2	1	1	1	1	1	1	1	1	1	2	1	1	1	2
15	1	2	1	1	2	2	1	1	2	1	1	2	1	1	1	1	1	1	1	1	2	1	2	1	1	1	1	1	1	1	1	1	1	1	1	1	1	1	1	1	1	1	1	2	2	1	1	1	2	1	1	2	1	1	1	1	2	1	1	1	1	1	1	1	1	1	1	1	1	1	1	2	2	1	1	1	1	2	1	1	1	2	1	1	1	2	1	1	1	1	1	1	1	1	1	1	2	1	1	1	2
16	1	1	1	2	2	1	1	1	2	1	2	2	2	1	1	1	1	1	1	1	2	1	2	1	1	1	1	1	1	1	1	1	1	1	1	1	1	1	1	1	1	1	1	2	2	1	2	1	2	2	1	2	1	1	1	1	2	1	1	1	1	1	1	1	1	1	1	1	1	1	1	2	2	1	1	1	2	2	1	1	2	2	1	2	1	2	2	2	1	1	1	1	1	1	1	1	1	1	1	1	2
16	1	1	1	1	2	1	1	1	2	1	2	2	1	1	1	1	1	1	1	1	2	1	2	1	1	1	2	1	1	1	1	1	1	1	1	1	1	1	1	1	1	1	2	2	2	1	2	2	1	1	1	2	1	1	1	1	2	2	1	1	1	1	1	1	1	1	1	1	1	1	1	2	2	1	1	1	1	2	2	1	2	2	1	2	1	1	2	2	1	1	1	1	1	1	1	1	1	1	1	1	2
16	1	2	1	2	2	1	1	1	1	1	2	2	1	1	1	2	1	1	1	1	2	1	1	1	1	1	1	2	1	1	1	1	1	1	1	1	1	1	1	1	1	1	1	2	2	1	2	1	2	1	1	2	1	1	1	1	1	1	1	1	1	1	1	1	1	1	1	1	1	1	1	2	2	1	1	1	1	2	1	1	2	2	1	1	1	1	1	2	2	1	1	1	1	1	1	1	1	1	1	1	2
17	1	2	1	1	1	1	1	1	1	1	2	2	2	1	1	1	1	1	1	1	2	1	2	1	1	1	1	1	1	1	1	1	1	1	1	1	1	1	1	1	1	1	2	2	2	1	2	1	2	1	1	2	1	1	1	1	2	2	1	1	2	2	1	1	1	1	1	1	1	1	1	2	2	1	1	1	1	2	1	1	2	2	1	2	1	2	1	2	1	1	1	1	1	2	1	1	1	1	1	1	2
17	2	1	1	2	2	1	1	1	1	1	1	2	1	1	1	1	1	1	1	1	2	1	2	1	1	1	1	2	1	1	1	1	1	1	1	1	1	1	1	1	1	1	1	2	2	2	2	1	2	1	1	2	1	1	1	1	2	1	2	1	1	1	2	1	1	1	1	1	1	1	1	2	2	1	1	1	1	2	1	1	2	2	1	2	1	1	1	2	1	1	1	1	1	2	1	1	1	1	2	1	2
17	1	1	1	2	2	1	1	1	1	1	2	2	1	1	1	1	1	1	1	1	2	1	2	1	1	1	1	1	1	1	1	1	1	1	1	1	1	1	1	1	1	1	2	2	2	1	2	1	2	1	1	2	1	1	1	1	2	1	1	1	1	1	1	1	1	1	1	1	1	1	1	2	2	1	1	1	1	2	2	1	2	2	1	2	1	1	1	2	1	1	1	1	1	1	1	1	1	1	2	1	2
18	1	1	1	2	2	1	2	1	1	1	2	2	2	1	1	2	1	1	1	1	2	1	2	1	1	1	1	1	1	1	1	1	1	1	1	1	1	1	1	1	1	1	1	2	2	1	2	1	2	1	1	2	1	1	2	1	2	2	1	1	1	1	1	1	1	1	1	1	1	1	1	2	2	1	1	1	2	2	1	1	2	2	1	1	1	2	1	1	1	2	1	1	1	1	1	1	1	1	1	1	2
18	1	2	1	2	1	1	1	1	1	1	2	2	2	1	1	1	1	1	1	1	2	1	2	1	1	1	1	1	1	1	1	1	1	1	1	1	1	1	1	1	1	2	2	2	2	1	2	1	2	2	1	2	1	1	1	1	1	1	1	1	1	1	1	1	1	1	1	1	1	1	1	2	2	1	1	1	1	2	1	1	2	2	1	2	1	1	2	1	1	1	1	1	1	1	1	1	1	1	1	1	2
18	1	2	1	2	1	1	1	1	1	1	2	2	2	1	1	1	1	1	1	1	2	1	2	1	1	1	1	1	1	1	1	1	1	1	2	1	1	1	1	1	1	2	2	1	2	1	2	1	2	2	1	1	1	1	2	1	2	2	1	1	1	1	1	1	1	1	1	1	1	1	1	2	2	1	1	1	1	1	2	1	2	2	1	1	1	2	1	1	1	1	1	1	1	1	1	1	1	1	1	1	2
19	1	1	1	2	2	2	1	1	1	1	2	2	2	1	1	1	1	1	1	1	2	1	1	2	1	1	1	1	1	2	1	1	1	1	1	1	1	1	1	1	1	1	1	2	2	1	2	1	2	1	1	1	1	1	1	1	2	1	1	1	1	2	1	1	1	1	1	1	1	1	1	2	2	1	1	1	1	2	2	2	2	2	1	2	1	1	1	1	2	1	1	1	1	1	1	1	1	1	1	1	2
19	1	2	1	2	2	1	1	1	1	1	2	2	2	1	1	1	1	1	1	1	2	1	2	1	1	1	1	1	1	1	1	1	1	1	1	1	1	1	1	1	1	1	2	2	2	1	2	1	2	1	1	2	1	1	1	1	1	1	1	1	1	1	1	1	1	1	1	1	1	1	1	2	1	1	1	1	2	2	2	1	2	2	1	2	1	2	1	2	1	1	1	1	1	1	1	1	1	1	1	1	2
19	1	1	1	2	2	1	2	1	1	2	2	2	1	2	1	2	1	1	1	1	2	1	2	1	1	1	1	1	1	1	1	1	1	1	1	1	1	1	1	1	1	1	1	2	2	1	2	1	2	2	1	1	1	1	1	1	1	1	1	1	2	2	1	1	1	1	1	1	1	1	1	2	2	1	1	1	2	2	2	1	2	2	1	1	1	2	1	2	1	1	1	1	1	1	1	1	1	1	1	1	2
20	1	2	1	2	2	1	1	1	1	1	2	1	1	1	1	1	1	1	1	1	2	1	1	2	1	1	1	1	1	1	1	1	1	1	1	1	1	1	1	1	1	1	2	2	2	1	2	1	2	1	1	2	1	1	1	1	1	1	1	1	1	1	1	1	1	1	1	1	1	1	1	2	2	1	1	1	1	2	1	1	2	2	1	2	1	1	1	2	2	1	1	1	1	1	1	1	1	1	1	1	2
20	1	2	1	2	2	1	1	1	1	1	2	1	1	1	1	1	1	1	1	1	2	1	2	1	1	1	1	1	1	1	1	1	1	1	1	1	1	1	1	1	1	1	2	1	2	1	2	1	2	1	1	2	1	1	1	1	1	2	1	1	1	1	1	1	1	1	1	1	1	1	1	2	2	1	1	1	1	2	1	1	2	2	1	1	1	2	1	1	1	2	1	1	1	1	1	1	1	1	1	1	2
20	1	1	1	2	2	1	1	1	1	1	2	1	1	1	1	1	1	1	1	1	2	1	1	1	1	1	1	1	1	2	1	1	1	1	1	1	1	1	1	1	1	1	1	2	2	1	2	1	2	2	1	2	1	1	1	1	2	2	1	1	1	1	1	1	1	1	1	1	1	1	1	2	2	1	1	1	1	2	1	1	2	2	1	2	2	2	1	1	1	1	1	1	1	1	1	1	1	1	1	1	2
21	1	1	1	2	2	1	1	1	1	1	2	1	1	1	1	1	1	1	1	1	2	1	1	1	1	1	1	1	1	1	1	1	1	1	1	1	1	1	1	1	1	1	2	1	2	1	2	1	2	1	1	2	1	1	1	1	2	1	2	1	1	1	2	1	1	1	1	1	1	1	1	2	2	1	1	1	1	2	1	1	2	2	1	1	1	2	1	2	2	1	1	1	1	1	1	1	1	1	1	1	2
21	1	1	1	2	1	1	1	1	1	1	1	2	2	1	1	1	1	1	1	1	2	1	2	1	1	1	1	1	1	1	1	1	1	1	1	1	1	1	1	1	1	1	1	2	2	1	2	1	2	1	1	2	1	1	1	1	2	1	1	1	1	1	1	1	1	1	1	1	1	1	1	2	2	1	1	1	1	2	1	1	2	2	1	1	1	2	1	1	1	1	1	1	1	1	1	1	1	1	1	1	2
21	1	2	1	2	2	1	1	1	1	1	2	2	1	1	1	1	1	1	1	1	2	1	2	1	1	1	1	1	1	1	1	1	1	1	1	1	1	1	1	1	1	1	2	1	2	1	2	1	2	2	1	1	1	1	1	1	1	1	1	1	1	1	1	1	2	1	1	1	1	1	1	2	2	1	1	1	1	1	1	1	2	2	1	1	1	2	1	1	2	1	1	1	1	1	1	1	2	1	1	1	2
22	1	1	1	2	2	1	1	1	1	1	1	2	1	1	1	1	1	1	1	1	2	1	1	2	1	1	2	2	1	1	1	1	1	1	1	1	1	1	1	2	1	1	1	2	2	1	2	1	2	1	1	2	1	1	1	1	2	1	1	1	1	1	1	2	1	1	1	1	1	1	1	2	2	1	1	1	1	1	2	1	2	2	1	1	1	1	1	2	2	1	1	1	1	2	1	1	1	1	1	1	2
22	1	2	1	2	2	1	1	1	1	1	2	2	1	1	1	1	1	1	1	1	2	1	1	1	1	1	2	1	1	1	1	1	1	1	1	2	1	1	1	1	1	1	2	2	2	1	2	1	2	1	1	2	1	1	1	1	2	2	1	2	1	2	1	1	1	1	1	1	1	1	1	2	2	1	1	1	1	2	1	1	2	2	1	1	1	2	1	1	2	1	1	1	1	1	1	1	1	1	1	1	2
22	1	1	1	2	2	1	1	1	1	1	2	2	1	1	1	1	1	1	1	1	2	1	2	1	1	1	1	1	1	1	1	1	1	1	1	1	1	1	1	1	1	1	2	2	2	1	2	1	2	1	1	2	1	1	1	1	1	2	1	1	1	1	1	1	1	1	1	1	1	1	1	2	2	1	1	1	1	2	1	1	2	2	1	2	1	2	1	1	1	1	1	1	1	1	1	1	1	1	1	1	2
23	1	2	1	1	2	1	1	1	1	1	1	2	1	1	1	1	1	1	1	1	2	2	2	1	1	1	1	2	1	1	1	1	1	1	1	1	1	2	2	1	1	1	2	2	2	1	2	1	2	1	1	2	1	1	2	1	2	2	2	1	1	1	2	1	1	1	1	1	1	1	1	2	2	1	1	1	1	2	1	1	2	2	1	1	1	2	1	1	1	1	1	1	1	1	1	1	2	1	1	1	2
23	1	1	1	2	1	1	1	1	1	1	2	2	2	1	1	1	1	1	1	1	2	1	2	1	1	1	1	1	1	1	1	2	1	1	1	1	1	1	1	1	1	1	1	2	2	1	2	1	2	1	1	2	1	1	1	1	1	2	1	1	1	1	1	1	1	2	1	1	1	1	1	2	2	1	1	1	1	1	1	2	2	2	1	1	1	2	1	1	1	1	1	1	1	1	1	1	1	1	1	1	2
23	1	2	1	2	1	1	1	1	1	1	2	2	2	1	1	1	1	1	1	2	2	1	1	1	1	1	1	1	1	1	1	2	1	1	1	1	2	1	1	1	1	1	2	2	2	1	2	1	2	1	1	2	1	1	1	1	2	1	1	1	1	1	1	1	1	1	1	1	1	1	1	2	2	1	1	1	1	1	1	1	2	2	1	2	1	1	1	1	1	1	1	1	1	1	1	2	1	1	1	1	2
24	1	1	1	2	2	1	2	1	2	1	2	2	2	1	2	1	1	1	1	1	2	1	1	1	1	1	2	1	1	1	1	1	1	1	1	1	1	1	1	1	1	1	1	2	2	1	2	1	2	1	1	2	1	1	1	1	2	1	1	1	1	1	1	1	1	1	1	1	1	1	1	2	2	1	1	1	1	2	1	1	2	2	1	2	1	1	1	1	2	1	1	1	1	1	2	1	2	1	1	1	2
24	1	2	1	1	2	2	2	1	2	1	2	2	1	1	1	1	1	1	1	1	2	1	1	1	1	1	1	1	1	1	1	1	1	2	1	1	1	1	1	1	1	1	2	2	2	1	2	1	2	1	1	1	1	1	1	1	1	1	1	1	1	1	1	1	1	1	1	1	1	1	1	2	2	1	1	1	1	2	2	1	2	1	1	2	2	2	2	2	2	2	1	1	1	1	1	1	2	1	1	1	2
24	1	1	1	2	2	2	1	1	1	1	2	2	1	1	1	1	1	1	1	1	2	1	1	1	1	1	1	2	1	1	2	1	1	1	1	1	1	1	1	1	1	1	1	2	2	1	2	1	2	2	1	2	1	2	1	1	1	2	2	1	1	1	2	1	1	1	1	1	1	1	1	2	2	1	1	1	1	2	2	1	2	2	1	2	1	2	1	2	2	1	1	1	1	1	1	1	2	1	1	1	2
25	1	1	1	2	2	1	2	1	2	1	2	2	1	1	1	1	1	1	1	1	2	1	2	1	1	1	1	1	1	1	1	1	1	1	2	1	1	1	1	1	1	1	1	2	2	1	2	1	2	1	1	2	1	1	1	1	1	1	2	1	1	1	2	1	2	1	1	1	1	1	1	2	1	2	1	1	1	2	1	2	2	1	1	2	1	2	1	1	2	1	1	1	1	1	1	1	2	1	1	1	2
25	1	1	1	2	2	1	1	1	1	1	2	2	1	1	1	1	1	1	1	1	2	1	2	1	1	1	1	1	1	1	1	1	1	1	1	1	1	1	1	1	1	1	2	2	2	1	2	1	2	1	1	2	1	1	1	1	2	2	2	1	1	1	2	1	1	1	1	1	1	1	1	2	2	1	1	1	1	2	1	1	2	2	1	2	1	2	2	2	2	1	1	1	1	2	1	1	1	1	1	1	2
25	1	2	1	2	2	1	1	1	1	1	2	2	1	1	1	1	1	1	1	1	2	1	2	1	1	1	1	1	1	1	1	1	1	1	1	1	1	1	1	1	1	1	1	2	2	1	2	1	2	1	1	1	1	1	1	1	1	2	1	1	1	1	1	1	1	1	1	1	1	1	1	2	2	1	1	1	1	1	2	1	2	2	1	2	1	1	1	1	2	1	1	1	1	1	1	1	1	1	1	1	2
26	1	1	1	2	2	1	1	1	1	1	2	2	1	1	1	1	1	2	1	2	2	1	2	1	1	1	1	1	1	1	1	1	1	1	1	1	1	1	1	1	1	1	1	2	2	1	2	1	2	2	1	1	1	1	1	1	2	1	1	1	1	1	1	1	1	1	1	1	1	1	1	2	2	1	1	1	1	1	2	1	2	2	1	2	1	2	1	1	1	1	1	1	1	1	1	1	1	1	1	1	2
26	1	1	1	2	2	1	2	1	1	1	2	2	1	1	1	1	1	1	1	1	2	1	2	1	1	1	1	1	1	1	1	1	1	1	1	1	1	1	1	1	1	1	1	2	2	1	1	1	2	1	1	2	1	1	1	1	2	1	1	1	1	1	1	1	1	1	1	1	1	1	1	2	2	1	1	1	1	2	1	1	2	2	1	1	1	2	2	2	1	1	1	1	1	1	1	1	1	1	1	1	1
26	1	1	1	2	2	1	2	1	1	1	2	2	2	1	1	1	1	1	1	1	2	1	1	1	1	1	1	1	1	1	1	1	1	1	1	1	1	1	1	1	1	1	1	2	2	1	2	1	2	2	1	1	1	1	1	1	2	1	1	1	1	1	1	1	1	1	1	1	1	1	1	2	2	1	1	1	1	1	1	1	2	2	1	2	1	2	1	1	1	2	1	1	1	1	1	1	1	1	1	1	2
27	1	1	2	2	2	1	1	1	1	1	2	2	1	1	1	1	1	1	2	1	2	1	1	1	1	1	1	1	2	1	1	1	1	1	1	1	1	1	1	1	1	1	2	2	2	1	2	1	2	1	1	2	1	1	1	1	1	1	1	2	1	1	1	1	1	1	1	1	1	1	1	2	2	1	1	1	2	1	1	1	2	2	1	2	1	1	1	2	1	1	1	1	1	1	2	1	1	1	1	1	2
27	1	1	1	2	1	1	1	1	1	1	1	2	1	1	1	1	1	1	2	1	2	1	1	1	1	1	1	1	2	1	1	1	1	1	1	1	1	1	1	1	1	1	2	2	2	1	2	1	2	1	1	1	1	1	1	1	2	1	1	1	1	1	1	2	1	1	1	1	2	1	1	2	2	1	1	1	1	1	1	1	2	2	1	1	1	1	1	1	1	1	1	1	1	1	1	1	1	1	1	1	2
27	1	2	1	2	1	1	1	1	1	1	2	2	2	1	1	1	1	2	2	1	2	1	2	1	1	1	1	1	1	1	1	1	1	1	1	1	1	1	1	1	1	1	2	1	1	1	2	1	2	2	1	1	1	1	1	1	2	1	1	1	1	1	1	2	1	1	1	1	2	1	1	2	2	1	1	1	1	1	2	1	2	2	1	1	1	1	1	1	1	1	1	1	1	1	1	1	1	1	1	1	2
28	1	1	1	2	2	1	1	1	1	1	2	2	1	1	1	1	1	1	1	1	2	1	2	2	1	1	1	1	1	1	1	1	1	1	1	1	1	1	1	1	1	2	1	2	2	1	2	1	2	2	1	1	1	1	1	1	2	1	2	1	1	2	2	1	1	1	1	1	1	1	1	2	2	1	1	1	1	2	2	1	1	2	1	1	1	1	1	1	1	2	1	1	1	1	1	1	1	1	1	1	2
28	1	2	1	2	2	1	1	1	1	1	2	2	2	1	1	1	1	1	1	1	2	1	1	2	1	1	1	1	1	1	1	1	1	1	1	1	1	1	1	1	1	1	2	1	2	1	2	1	2	2	1	1	1	1	1	1	2	1	1	1	1	2	1	1	1	1	1	2	2	1	1	2	2	1	1	1	1	1	1	1	2	2	1	1	1	1	1	2	1	1	1	1	1	2	1	1	1	1	1	1	2
28	1	1	1	2	1	1	1	1	1	1	2	2	1	1	1	1	1	1	1	1	2	1	2	1	1	1	1	1	1	1	1	1	1	1	1	1	1	1	1	1	1	1	2	1	2	1	2	1	2	2	1	1	1	1	1	1	2	2	1	1	1	1	1	1	1	1	1	1	1	1	1	2	2	1	1	1	1	1	1	1	2	2	1	2	1	1	2	2	1	1	1	1	1	1	1	1	1	1	1	1	2
29	1	2	1	2	1	1	1	1	1	1	2	2	2	1	1	1	1	1	1	1	2	1	2	1	1	1	1	1	1	1	2	1	1	1	1	1	1	1	1	1	1	1	1	2	2	1	2	1	2	1	1	2	1	1	1	1	2	1	2	1	1	1	2	1	1	1	1	1	1	1	1	2	2	1	1	1	1	2	2	1	2	2	1	2	1	2	1	1	2	1	1	1	1	1	1	1	1	1	1	1	2
29	1	2	1	2	2	1	1	1	1	1	1	2	1	1	1	1	1	1	1	1	2	1	1	1	1	1	2	1	1	1	1	1	1	1	1	1	1	1	1	1	1	1	1	2	2	1	2	1	2	1	1	2	1	1	1	1	1	2	2	1	1	1	2	1	1	1	1	1	1	1	1	2	2	1	1	1	1	2	1	1	2	2	1	1	2	2	1	1	2	1	1	1	1	1	1	1	1	1	1	1	2
29	1	1	1	2	2	1	1	1	1	1	1	2	2	1	1	2	1	1	1	1	2	1	2	1	1	1	1	1	1	1	1	1	1	1	1	1	1	1	1	1	1	1	2	2	2	1	2	1	2	1	1	2	1	1	1	1	2	1	2	1	1	1	2	1	1	1	1	1	1	1	1	2	2	1	1	1	1	2	2	1	2	2	1	1	1	2	1	1	2	1	1	1	1	1	1	1	1	1	1	1	2
30	1	1	1	2	2	1	1	1	1	1	2	2	1	1	1	1	1	1	1	1	2	1	2	1	1	1	1	1	1	1	1	1	1	1	1	1	1	1	1	1	1	1	2	2	2	1	2	1	2	1	1	2	1	1	1	1	2	1	2	1	1	1	2	1	1	1	1	1	1	1	1	2	2	1	1	1	1	2	1	1	2	2	1	1	1	2	1	2	1	1	1	1	1	1	1	1	1	1	1	1	2
30	1	1	2	2	2	1	1	1	1	1	2	2	1	1	1	1	1	1	1	1	2	1	2	1	2	1	1	1	1	1	1	1	1	1	1	1	1	1	1	1	1	2	2	2	2	1	2	1	2	1	1	2	1	1	1	1	2	1	1	1	1	1	1	1	1	1	1	1	1	1	1	2	2	1	1	1	1	2	2	1	1	2	1	2	1	1	1	1	1	1	2	1	1	1	1	1	1	1	1	1	2
30	1	2	1	2	2	1	1	1	1	1	1	2	2	1	1	1	1	1	1	1	2	1	2	1	1	1	1	1	1	1	1	1	1	1	1	1	1	1	1	1	1	1	1	2	2	1	2	1	2	1	1	2	1	1	1	1	2	1	2	1	1	1	2	1	1	1	1	1	1	1	1	2	2	1	1	1	1	1	1	1	2	2	1	1	2	2	1	1	1	1	1	1	1	1	1	1	2	1	1	1	2
31	1	1	1	2	1	2	1	1	1	1	2	2	1	1	1	1	1	1	1	1	2	1	2	1	1	1	1	1	1	2	1	1	1	1	1	1	1	1	1	1	1	2	2	1	2	1	2	1	2	1	1	2	1	1	1	1	1	2	1	1	1	1	1	1	1	1	1	1	1	1	1	2	2	1	1	1	1	1	2	1	2	2	1	2	1	1	1	1	2	1	1	1	1	1	1	1	1	1	1	1	2
31	1	2	1	2	1	1	1	1	1	1	2	2	1	1	1	1	1	1	1	1	2	1	2	1	1	1	1	1	1	1	1	1	1	1	1	1	1	1	1	1	1	1	2	2	2	1	2	1	2	2	1	2	1	1	2	1	2	2	1	1	1	1	1	1	1	1	1	1	1	1	1	2	2	1	1	1	1	2	1	1	2	2	1	2	1	2	1	2	1	1	1	1	1	1	1	1	2	1	1	1	2
31	1	2	1	2	2	1	1	1	1	1	2	1	1	1	1	1	1	1	1	1	2	1	2	1	1	1	1	1	1	1	1	1	1	1	1	1	1	1	1	1	1	1	2	2	2	1	2	1	2	1	1	2	1	1	1	1	1	1	1	1	1	1	1	1	2	1	1	1	1	1	1	2	2	1	1	1	1	2	1	1	2	2	2	1	1	2	1	1	1	1	1	1	1	1	1	2	1	1	1	1	2
32	1	2	1	2	2	1	1	1	1	1	2	2	2	1	1	1	1	2	1	1	2	1	2	1	1	1	1	1	1	1	1	1	1	1	1	1	1	1	1	1	1	2	1	2	2	1	2	1	2	2	1	2	1	1	1	1	1	1	1	1	1	1	1	1	1	1	1	1	1	1	1	2	2	1	1	1	1	2	2	1	2	2	1	1	1	2	1	1	1	1	1	1	1	1	1	1	1	1	1	1	2
32	1	1	1	2	2	1	1	1	1	1	2	2	2	1	1	1	1	1	1	2	2	1	2	1	1	1	1	1	1	1	1	1	1	1	1	1	1	1	1	1	1	1	1	2	2	1	2	1	2	2	1	2	1	1	1	1	2	1	1	1	1	1	1	1	1	1	1	1	1	1	1	2	2	1	1	1	1	2	2	1	1	2	1	1	1	2	1	1	2	1	1	1	1	1	1	1	1	1	1	1	2
32	1	1	1	2	1	2	1	1	1	1	2	2	1	1	1	1	1	1	1	1	2	1	2	1	1	1	1	1	1	1	1	1	1	1	1	1	1	1	1	1	1	1	1	2	2	1	2	1	2	1	1	2	1	1	1	1	2	1	2	1	1	1	2	1	1	1	1	1	1	1	1	2	2	1	1	1	1	1	1	1	2	2	1	1	1	2	2	1	1	1	1	1	1	1	1	1	1	1	1	1	2
33	2	2	1	1	2	1	1	1	2	1	2	2	1	1	1	1	2	1	1	1	2	1	2	1	1	1	1	2	1	1	1	1	1	1	1	1	1	1	1	1	1	1	2	2	2	1	2	1	2	2	1	1	1	1	1	1	2	1	1	1	1	2	1	1	1	1	1	1	1	1	1	2	2	1	1	1	1	2	2	1	1	2	1	2	1	1	2	1	2	1	1	1	1	1	2	1	1	1	1	1	2
33	1	2	1	2	2	1	1	1	1	1	2	2	2	1	1	1	1	1	1	1	2	1	1	1	1	1	1	1	1	2	1	1	1	1	2	1	1	1	1	1	1	1	1	2	2	1	2	1	2	1	1	1	1	1	2	1	1	1	1	1	1	1	1	1	1	1	1	1	1	1	1	2	2	1	1	1	1	2	2	1	1	2	1	2	1	1	1	1	2	1	1	1	1	1	1	1	1	1	1	1	2
33	1	2	1	2	2	1	1	1	1	1	2	2	1	1	1	1	1	1	1	1	2	1	1	1	1	1	1	1	1	1	1	1	1	2	2	1	1	1	1	1	1	1	1	2	2	1	1	1	2	2	1	1	1	1	1	1	2	1	1	1	1	2	1	1	1	1	1	1	1	1	1	2	2	1	1	1	2	1	2	1	1	2	1	2	1	1	2	1	2	1	1	1	1	2	1	1	1	1	1	1	2
34	1	1	1	2	2	1	1	1	1	1	2	2	2	1	1	1	1	1	1	1	2	1	1	1	1	2	1	1	1	1	1	1	1	1	1	1	1	1	1	1	1	1	1	2	2	1	2	1	2	1	1	2	1	1	1	1	1	1	1	1	1	1	1	1	1	1	1	1	1	1	1	2	2	1	1	1	1	2	2	1	2	2	1	1	1	2	1	1	2	1	1	1	1	1	1	1	1	1	1	1	2
34	1	1	1	1	2	1	1	1	1	1	2	2	1	1	1	1	1	1	1	1	2	1	2	1	1	1	1	1	1	1	1	1	1	1	1	1	1	1	1	1	1	1	1	2	2	1	2	1	2	1	1	1	1	1	1	1	2	2	1	1	1	1	1	1	1	1	1	1	1	1	1	2	2	1	1	1	1	2	2	1	2	2	2	1	1	2	2	1	2	1	1	1	1	1	1	1	1	1	1	1	2
34	1	1	1	2	1	2	2	1	1	1	2	2	1	1	1	1	1	1	1	1	2	1	2	1	2	1	1	2	1	1	1	1	1	1	1	1	1	1	1	1	1	1	2	2	2	1	2	1	2	2	1	2	1	1	1	1	1	1	1	1	1	1	1	1	1	1	1	1	1	1	1	2	2	1	1	1	1	2	2	1	2	2	2	1	1	2	1	2	1	1	1	1	1	1	1	1	2	1	1	1	2
35	1	1	1	2	2	1	1	1	1	1	2	2	2	1	1	1	1	1	1	1	2	1	1	1	1	1	1	2	1	1	1	1	1	1	1	2	1	1	1	1	1	1	2	1	2	1	2	1	2	2	1	2	1	1	1	1	2	1	1	1	1	1	1	1	1	1	1	1	1	1	1	2	2	1	1	1	1	1	2	1	2	2	1	2	1	1	1	2	2	1	1	1	1	1	1	1	2	1	1	1	2
35	1	2	1	2	1	1	1	1	1	1	2	2	1	1	1	1	1	1	1	1	2	1	2	1	1	1	1	1	1	1	1	1	1	1	1	1	1	1	1	1	1	1	1	2	2	1	2	1	2	1	1	2	1	1	1	1	1	1	1	1	1	1	1	1	1	1	1	1	1	1	1	2	2	1	1	1	1	2	2	1	2	2	1	1	1	2	1	2	1	1	1	1	1	1	1	1	1	1	1	1	2
35	1	2	1	2	2	1	1	1	1	1	2	2	2	1	1	1	1	1	1	1	2	1	2	2	1	1	1	1	1	1	1	1	1	1	1	1	1	1	1	1	1	1	2	2	2	1	2	1	2	2	1	2	1	1	1	1	1	2	1	1	1	1	1	1	1	1	1	1	1	1	1	2	2	1	1	1	1	1	2	1	2	2	1	1	1	2	2	2	1	2	1	1	1	1	1	1	1	1	1	1	2
36	1	2	1	2	2	1	1	1	1	1	2	2	1	1	1	1	1	1	1	1	2	1	1	2	1	1	1	1	1	1	1	1	1	1	1	1	1	1	1	1	1	1	1	2	2	1	1	1	2	1	1	1	1	1	1	1	2	1	1	1	1	2	1	1	1	1	1	1	2	1	1	2	2	1	1	1	1	2	2	1	2	2	1	1	1	2	1	1	1	2	1	1	1	1	2	1	1	1	1	1	2
36	1	2	1	2	1	1	1	1	1	1	2	2	1	1	1	1	1	1	1	1	2	1	1	1	1	1	1	1	1	1	1	2	1	1	1	1	1	1	1	1	1	1	2	2	2	1	2	1	2	1	1	1	1	1	1	1	2	1	1	1	1	1	1	1	1	2	1	1	2	1	1	2	2	1	1	1	1	2	2	1	2	2	1	2	1	2	1	1	1	1	1	1	1	1	1	1	1	1	1	1	2
36	1	1	1	2	2	1	1	1	1	1	2	2	1	1	1	1	1	1	1	1	2	1	2	1	1	1	1	1	1	1	1	1	1	1	1	1	1	1	1	1	1	1	1	2	2	1	2	1	2	2	1	1	1	1	1	1	1	1	1	1	1	2	1	1	1	1	1	1	2	1	1	2	2	1	1	1	1	2	2	1	2	2	1	1	1	1	1	2	1	2	1	1	1	1	2	1	1	1	1	1	2
37	1	2	2	2	2	1	1	1	1	1	1	2	1	1	1	1	1	1	1	1	2	1	2	1	1	1	1	1	1	1	1	1	1	1	1	1	1	1	1	1	1	1	1	2	2	1	2	1	2	1	1	2	1	1	1	1	1	2	1	1	1	1	1	1	1	1	1	1	1	1	1	2	2	1	1	1	1	2	2	1	2	2	1	1	1	2	1	2	1	1	1	1	1	1	1	1	1	1	1	1	2
37	1	2	1	2	1	1	1	1	1	1	1	2	1	1	1	1	1	1	1	1	2	1	2	1	1	1	1	1	1	1	1	1	1	1	1	1	1	1	1	1	1	1	1	2	2	1	2	1	2	2	1	2	1	1	1	1	2	2	1	1	1	1	1	1	1	1	1	1	1	1	1	2	2	1	1	1	1	2	1	1	2	2	1	1	1	2	1	1	2	1	1	1	2	1	1	1	2	1	1	1	2
37	2	2	1	2	2	1	1	1	1	1	1	2	1	1	1	1	1	1	1	1	2	1	1	1	1	1	2	1	1	1	1	1	1	1	1	1	1	1	1	1	1	1	2	2	2	1	2	1	2	1	1	2	1	1	1	1	2	2	1	1	1	1	1	1	1	1	1	1	1	1	1	2	2	1	1	1	1	2	1	1	2	2	1	2	1	2	1	1	2	1	1	1	1	1	1	1	2	1	1	1	2
38	1	2	1	2	2	1	1	1	1	1	1	1	1	1	1	1	1	1	1	1	2	1	2	1	1	1	1	1	1	1	1	1	1	1	1	1	1	1	1	1	1	1	1	2	2	1	2	1	2	1	1	2	1	1	1	1	2	2	1	1	1	1	1	1	1	1	1	1	1	1	1	2	2	1	1	1	1	2	1	1	2	2	2	2	1	2	1	2	2	1	1	1	1	2	1	1	2	1	1	1	2
38	1	2	1	2	2	2	1	1	1	1	1	1	1	1	1	1	1	1	1	1	2	1	2	1	1	1	2	1	1	1	1	1	1	1	1	1	1	1	1	1	1	1	2	2	2	1	2	1	2	1	1	2	1	1	1	1	2	1	1	1	1	1	1	1	1	1	1	1	1	1	1	2	2	1	1	1	1	2	2	1	1	2	1	2	1	2	1	1	2	1	1	1	1	1	1	1	2	1	1	1	2
38	1	1	1	2	2	2	1	1	1	1	1	1	1	1	1	1	1	1	1	1	2	1	2	1	1	1	1	1	1	1	2	1	1	1	1	1	1	1	1	1	1	1	1	2	2	1	2	1	2	1	1	2	1	1	2	1	2	1	1	1	1	1	2	1	1	2	1	1	1	1	1	2	2	1	1	1	1	2	2	1	2	2	1	1	1	2	1	1	1	1	1	1	1	1	1	1	1	1	1	1	2
39	1	2	1	2	2	1	1	1	1	1	2	2	1	1	1	1	1	1	1	1	2	1	2	1	1	1	1	1	1	1	1	1	1	1	1	1	1	1	1	1	1	1	1	2	2	1	1	1	2	1	1	2	1	1	1	1	2	1	2	1	1	1	2	1	1	1	1	1	1	1	1	2	2	1	1	1	1	2	2	1	2	2	1	2	1	2	1	1	1	1	1	1	1	1	1	1	1	1	1	1	2
39	1	2	2	1	2	1	1	1	1	1	1	1	1	1	1	1	1	1	1	1	2	1	2	1	1	1	1	1	1	2	1	1	1	1	1	1	1	1	1	1	1	1	2	2	2	1	2	1	2	1	1	2	1	2	1	1	2	1	1	1	1	1	1	1	1	1	1	1	1	1	1	2	2	1	1	1	1	2	1	1	2	1	2	1	2	2	1	2	2	1	1	1	1	1	1	1	2	1	1	1	2
39	1	2	2	1	2	1	1	1	1	1	2	2	2	1	1	1	1	1	1	1	2	1	2	1	1	1	1	1	1	1	1	2	1	1	1	1	1	1	1	1	1	1	1	2	2	1	2	1	2	1	1	2	1	2	1	1	2	1	1	1	1	1	1	1	1	1	1	1	1	1	1	2	2	1	1	1	1	1	1	2	2	1	1	1	1	2	1	1	2	1	1	1	1	1	1	1	1	1	1	1	1
40	1	2	1	2	2	1	1	1	1	1	1	2	2	1	1	1	1	1	1	1	2	1	2	1	1	1	1	1	1	1	1	1	1	1	1	1	1	1	1	1	1	1	1	2	2	1	2	1	2	1	1	2	1	1	1	1	2	2	1	1	1	1	1	1	1	1	1	1	1	1	1	2	2	1	1	1	1	1	1	1	2	2	1	1	1	2	2	2	2	1	1	1	1	1	1	1	2	1	1	1	2
40	1	2	1	2	2	1	1	1	1	1	2	1	1	1	1	2	1	1	1	1	2	1	1	1	2	1	1	2	1	1	1	1	1	1	1	1	1	1	1	1	1	1	1	2	2	1	2	1	2	2	1	2	1	1	1	1	2	1	1	1	1	1	1	1	1	1	1	1	1	1	1	2	2	1	1	1	1	2	2	1	2	2	1	2	1	2	1	1	2	1	1	1	1	1	1	1	1	1	1	1	2
40	1	1	1	2	2	1	1	1	1	1	2	1	1	1	1	1	1	1	1	2	2	1	2	1	2	1	1	1	1	1	1	1	1	1	1	1	1	1	1	1	1	1	1	2	2	1	2	1	2	1	1	2	1	1	1	1	2	2	1	1	1	1	1	1	1	1	1	1	1	1	1	2	2	1	1	1	1	2	1	2	2	2	1	1	1	2	2	2	2	2	1	1	1	1	1	1	1	1	1	1	2
41	1	1	1	2	2	1	1	1	1	1	2	2	1	1	1	1	1	1	1	1	2	1	2	1	1	1	1	1	1	1	1	1	1	1	1	1	1	1	1	1	1	2	1	2	2	1	2	2	2	1	1	2	1	1	1	1	2	1	2	1	1	1	2	1	1	1	1	1	1	1	1	2	2	1	1	1	1	2	1	1	2	2	1	1	1	1	1	1	1	1	1	1	1	1	1	1	1	2	2	1	2
41	1	1	1	2	2	1	1	2	1	1	2	2	1	1	1	1	1	1	1	1	2	1	2	1	1	1	1	1	1	1	1	1	1	1	1	1	1	1	1	1	1	1	2	2	2	1	2	1	2	1	1	2	1	1	1	1	2	1	1	1	1	1	1	1	1	1	1	1	1	1	1	2	2	1	1	1	1	2	1	1	2	2	1	2	1	1	1	2	1	2	1	1	1	1	1	1	1	1	1	1	2
41	1	2	1	2	2	1	1	1	1	1	2	2	1	1	1	1	1	1	1	1	2	1	2	1	1	1	1	1	2	1	1	1	1	1	1	1	1	1	1	1	1	1	1	2	2	1	2	1	2	1	1	1	1	1	1	1	2	2	1	1	1	1	1	1	1	1	1	1	1	1	1	2	2	1	1	1	1	2	1	1	1	2	1	1	1	2	1	1	1	1	1	1	1	1	1	1	1	2	1	1	2
42	1	2	1	2	2	1	1	1	1	1	2	2	1	1	1	1	1	1	1	1	2	1	2	1	1	1	1	2	1	1	1	1	1	1	1	1	1	1	1	1	1	1	2	2	2	1	2	1	2	1	1	2	1	1	1	1	2	2	1	1	1	1	1	1	1	1	1	1	1	1	1	2	2	1	1	1	1	2	1	1	2	2	2	1	1	2	1	2	1	1	1	1	1	1	1	1	1	1	1	1	2
42	1	1	1	2	2	1	2	1	2	1	2	2	2	1	1	1	1	2	1	1	2	1	2	2	1	1	1	1	1	1	1	1	1	1	1	1	1	1	1	1	1	1	2	2	2	1	2	1	2	1	1	2	1	1	1	1	2	2	1	1	1	1	1	1	1	1	1	1	1	1	1	2	2	1	1	1	1	2	1	1	2	2	1	2	1	2	1	2	1	1	1	1	1	1	1	1	1	1	1	1	2
42	1	2	2	2	2	1	1	1	1	1	2	2	1	1	1	1	1	1	1	1	2	1	1	1	1	1	1	2	1	1	1	1	1	1	2	1	1	1	1	1	1	1	2	2	2	1	2	1	2	1	1	2	1	1	1	1	1	2	1	1	1	1	1	1	1	1	1	1	1	1	1	2	2	1	1	1	1	2	2	1	1	1	1	2	1	1	1	2	1	2	1	1	1	1	1	1	2	1	1	1	2
43	1	2	1	2	2	1	2	2	1	1	2	2	2	1	1	1	2	1	1	1	2	1	2	1	1	1	1	2	1	1	1	1	1	1	1	1	1	1	1	1	1	2	2	2	2	1	2	1	2	2	1	1	1	1	1	1	2	1	1	1	1	2	1	2	1	1	1	1	1	2	1	2	2	1	1	1	1	2	2	1	2	2	2	1	1	2	2	1	1	2	1	1	1	1	1	1	1	1	1	2	2
43	1	2	1	2	1	1	1	1	1	1	2	2	1	1	1	1	1	1	1	1	2	1	2	1	1	1	1	1	1	1	1	1	1	2	1	1	1	1	1	1	1	2	2	2	2	1	2	1	2	2	1	1	1	1	1	1	2	1	2	1	1	2	2	1	1	1	1	1	1	1	1	2	2	1	1	1	1	2	1	1	2	2	1	1	1	2	1	1	1	1	1	1	1	1	1	1	1	2	1	1	2
43	1	2	1	2	2	1	1	1	2	1	2	2	2	1	1	1	1	1	1	1	2	1	1	1	1	1	2	1	1	1	1	2	1	1	1	1	1	1	1	1	1	1	2	2	2	1	2	2	1	2	1	2	1	1	2	1	2	2	1	1	1	1	1	1	1	1	1	1	1	1	1	2	2	1	1	1	1	2	2	1	2	1	1	1	1	1	1	1	2	1	1	1	1	1	1	1	1	1	1	1	2
44	1	2	1	2	1	1	1	1	1	1	2	2	1	1	1	1	1	2	1	1	2	1	1	2	1	1	1	2	1	1	1	1	1	1	1	1	1	1	1	1	1	1	1	2	2	1	2	1	2	2	1	1	1	1	2	1	2	1	1	1	1	1	1	1	1	1	1	1	1	1	1	2	2	1	2	1	1	2	2	1	2	2	1	1	2	2	1	1	1	1	2	1	1	1	1	1	1	1	1	1	2
44	1	2	1	2	2	1	1	1	2	1	1	2	1	1	1	1	1	1	1	1	2	1	1	2	1	1	1	2	1	1	1	1	1	1	1	1	1	1	1	1	1	1	2	2	2	1	2	1	2	1	1	1	1	1	1	1	2	1	2	1	1	1	2	1	1	1	1	1	1	1	1	2	2	1	1	1	1	2	2	1	2	2	1	1	2	2	1	1	1	1	1	1	1	1	1	1	1	1	1	1	2
44	1	2	1	1	1	1	2	1	1	1	2	2	2	1	1	1	1	1	1	1	2	1	1	1	1	1	1	1	1	1	1	1	2	1	1	1	1	1	1	1	1	1	2	2	2	1	2	1	2	1	1	2	1	1	1	1	2	1	1	1	1	1	1	1	1	1	1	1	1	1	1	2	2	1	1	1	1	2	2	1	2	2	1	1	1	2	1	1	1	2	1	1	1	1	1	1	1	1	1	1	1
45	1	1	1	2	2	1	1	1	1	1	2	2	2	1	1	1	1	1	1	1	2	1	1	1	1	1	1	1	1	2	1	1	1	1	1	1	1	1	1	1	1	1	1	2	2	1	2	1	2	2	1	2	1	1	1	1	2	1	1	1	1	1	1	1	1	1	1	1	1	1	1	2	2	1	1	1	1	2	1	1	2	2	1	2	1	1	1	1	1	1	1	1	1	2	1	1	1	1	1	1	2
45	1	2	1	2	1	1	1	1	1	1	2	2	2	1	1	1	1	1	1	1	2	1	2	1	1	2	1	1	1	1	1	1	1	1	1	1	1	1	1	1	1	1	1	2	2	1	2	1	2	2	1	2	1	2	1	1	2	1	2	1	1	1	1	1	1	1	1	2	1	1	1	2	2	1	1	1	1	1	1	1	2	2	1	2	1	1	2	1	1	1	1	2	1	1	1	1	1	1	1	1	2
45	1	2	1	2	2	1	1	1	2	1	2	2	1	1	1	1	1	2	1	1	2	1	2	1	1	1	1	1	1	1	1	1	1	1	1	1	1	1	1	1	1	1	1	2	2	1	2	1	2	1	1	2	1	1	1	1	2	1	1	1	1	1	1	1	1	1	1	1	1	1	1	2	2	1	1	1	1	1	2	1	2	2	1	1	1	2	1	2	1	1	1	1	1	2	1	1	1	1	1	1	2
46	1	1	1	2	2	1	1	1	1	1	2	2	2	1	1	1	1	1	1	1	2	1	1	2	1	1	1	1	2	1	1	1	1	1	1	1	1	1	1	1	1	1	1	2	2	1	2	1	2	1	1	2	1	1	1	1	2	2	1	1	1	1	1	1	1	1	1	1	1	1	1	2	2	1	1	1	1	1	1	1	2	2	1	1	1	1	1	2	2	1	1	1	1	1	1	1	1	1	1	1	2
46	1	1	1	2	2	1	1	1	1	1	2	2	2	1	1	1	1	1	1	1	2	1	1	1	1	1	1	1	2	1	1	2	1	1	1	1	1	1	1	1	1	1	2	2	2	1	1	1	2	1	1	2	1	1	1	1	1	1	1	1	1	1	1	1	1	1	1	1	1	1	1	2	2	1	1	1	1	1	2	1	2	2	1	1	1	1	2	2	1	1	1	1	1	1	1	1	1	1	1	1	2
46	1	2	1	2	2	1	1	2	1	1	2	2	2	1	1	1	1	1	1	1	2	1	1	2	1	1	1	1	2	1	1	1	1	1	1	1	1	1	1	1	1	1	2	2	2	1	2	1	2	1	1	2	1	1	1	1	2	2	1	1	1	1	1	1	1	1	1	1	1	1	1	2	2	1	1	1	1	1	1	1	2	2	1	1	1	1	2	1	1	1	1	1	1	2	1	1	1	1	1	1	2
47	1	2	1	2	2	1	1	1	1	1	1	1	2	1	1	1	1	1	1	1	2	1	1	1	1	1	2	1	1	1	1	1	1	1	1	1	1	1	1	1	1	1	2	2	2	1	2	1	2	1	1	2	1	1	1	1	1	1	2	1	1	1	2	1	2	1	1	1	1	1	1	2	2	1	1	1	1	2	1	1	1	2	1	2	1	1	1	1	1	1	1	1	1	1	1	1	2	1	1	1	2
47	1	1	1	2	1	1	1	1	1	1	1	2	2	1	1	1	1	1	1	1	2	1	2	1	1	1	1	1	1	1	1	1	1	1	1	1	1	1	1	1	1	1	2	2	2	1	2	1	2	1	1	2	1	1	1	1	2	2	1	1	1	1	1	1	1	1	1	1	1	1	1	2	2	1	1	1	1	2	2	1	2	2	1	1	1	2	1	1	1	1	1	1	1	1	1	1	2	1	1	1	2
47	1	1	1	1	2	1	1	1	1	1	1	2	2	1	1	1	1	1	1	1	2	1	2	1	1	1	1	1	1	1	1	1	1	1	1	1	1	1	1	1	1	2	2	1	2	1	2	1	2	1	1	2	1	1	1	1	2	1	1	1	1	1	1	1	2	1	1	1	1	2	1	2	2	1	1	1	1	1	1	1	2	2	1	1	1	2	1	1	1	1	1	1	1	1	1	1	2	1	1	1	2
48	1	2	1	2	2	1	1	1	1	1	1	2	1	1	1	1	1	1	1	1	2	1	2	1	1	1	1	1	1	1	1	1	1	1	2	1	1	1	1	1	1	1	2	2	2	1	2	1	2	1	1	2	1	1	1	1	1	2	1	1	1	1	1	1	1	1	1	1	1	1	1	2	2	1	1	1	1	2	1	1	2	2	1	1	1	2	1	1	1	1	1	1	1	1	1	1	1	1	1	1	2
48	1	1	2	2	2	1	1	1	1	1	2	2	1	1	1	1	1	1	1	1	2	1	2	1	1	1	1	1	1	1	1	1	1	1	1	1	1	1	1	1	1	1	2	2	2	1	2	2	1	1	1	2	1	1	1	1	2	2	1	1	1	1	1	1	1	1	1	1	1	1	1	2	2	1	1	1	1	2	1	1	2	2	1	2	1	2	1	1	1	2	1	1	1	1	1	1	2	1	1	1	2
48	1	1	2	2	2	1	1	1	1	1	2	2	1	1	1	1	1	1	1	1	2	1	1	1	1	1	1	1	1	1	1	2	2	1	1	1	1	1	1	1	1	1	2	2	2	1	2	1	2	1	1	2	1	1	1	1	2	2	1	1	1	1	1	1	1	1	1	1	1	1	1	2	2	1	1	1	1	2	1	1	2	2	1	2	1	2	1	1	1	1	1	1	1	1	1	1	1	1	1	1	2
49	1	1	1	2	2	1	1	1	1	1	1	1	1	1	1	1	1	1	1	2	1	1	2	1	1	1	1	1	1	1	1	2	1	1	1	1	1	1	1	1	1	1	1	2	2	1	2	1	2	1	1	2	1	1	1	1	1	2	2	1	1	1	1	1	1	1	1	1	1	1	1	2	2	1	1	1	1	2	2	1	2	2	1	2	1	1	2	1	1	1	1	1	1	1	1	1	1	1	1	1	2
49	1	2	1	2	2	1	1	1	1	1	2	2	1	1	1	1	1	1	1	1	2	1	2	1	1	1	2	1	1	1	1	1	1	1	1	1	1	1	1	1	1	1	2	2	2	1	2	1	2	2	1	2	1	1	1	1	2	2	1	1	1	1	1	1	1	1	1	1	1	1	1	2	2	1	1	1	1	2	1	1	2	2	1	1	1	2	1	1	2	1	1	1	1	1	1	1	1	1	1	1	2
49	1	2	1	2	2	1	1	1	1	1	2	2	1	1	1	1	1	1	1	1	2	1	2	1	1	1	2	1	1	1	1	1	1	1	1	1	1	1	1	1	1	2	1	2	2	1	2	1	2	1	1	2	1	1	1	1	2	1	1	1	1	1	1	1	1	1	1	1	1	1	1	1	2	1	1	1	1	2	1	1	2	2	1	2	1	1	1	1	1	1	1	1	1	1	1	1	2	1	1	1	2
50	1	2	1	1	2	1	1	1	1	1	2	2	2	1	1	1	1	1	1	1	2	1	2	1	1	1	1	1	1	1	1	1	1	1	1	1	1	1	1	1	1	1	2	2	2	1	2	1	2	1	1	2	1	1	1	1	2	1	1	1	1	1	1	1	1	1	1	1	1	1	1	2	2	1	1	1	1	2	2	1	2	2	1	1	1	2	2	1	1	1	1	1	1	1	1	1	2	1	1	1	2
50	1	2	1	2	2	1	1	1	1	1	1	2	1	1	1	1	1	1	1	2	2	1	1	2	1	1	1	2	1	1	1	1	1	1	1	1	1	1	1	1	1	1	2	1	2	1	2	1	2	1	1	2	1	1	1	1	2	1	1	1	1	1	1	1	1	1	1	1	1	1	1	2	2	1	1	1	1	2	1	1	2	2	1	2	1	2	1	1	1	1	1	1	1	1	1	1	1	1	1	1	2
50	1	2	1	2	2	2	1	1	1	1	2	2	1	1	1	1	1	1	1	2	1	1	1	1	1	1	1	2	1	1	1	2	1	1	1	1	1	1	1	1	1	1	2	1	2	1	2	1	2	1	1	2	1	1	1	1	1	2	1	1	1	1	1	1	1	1	1	1	1	2	1	2	2	1	1	1	1	2	1	2	2	2	1	2	2	1	1	1	1	2	1	1	1	1	1	1	1	1	1	1	2
51	1	2	1	2	1	2	1	1	1	1	2	1	1	1	1	1	1	2	1	1	2	1	2	2	1	1	1	1	1	1	1	1	1	1	1	1	1	1	1	1	1	1	2	2	2	1	2	1	2	2	1	1	1	1	2	1	2	2	1	1	1	2	1	1	1	1	1	1	1	1	1	2	2	1	1	1	1	2	1	1	2	2	1	2	1	1	2	1	1	1	1	1	1	1	1	1	1	1	1	1	2
51	1	2	1	1	2	1	1	1	1	1	1	1	2	1	1	1	1	1	1	1	2	1	1	1	1	1	1	1	1	1	1	1	1	1	1	1	1	1	1	1	1	1	2	1	2	1	2	1	2	2	1	2	1	1	2	1	2	2	1	1	1	1	1	1	1	1	1	1	1	1	1	1	2	1	1	1	1	2	1	1	2	2	1	2	1	1	1	1	1	1	1	1	1	1	1	1	1	1	1	1	2
51	1	2	1	2	2	1	1	1	1	1	2	2	1	1	1	1	1	1	1	1	2	1	2	1	1	1	1	1	1	1	1	1	1	1	1	1	1	2	1	1	1	1	2	2	2	1	2	1	2	1	1	2	1	1	1	1	2	1	1	1	1	2	1	1	1	1	1	1	1	1	1	1	2	1	1	1	2	2	1	1	2	2	2	2	1	1	2	2	1	1	1	1	1	1	1	1	1	1	1	1	2
52	1	1	1	2	2	1	1	1	2	1	2	2	1	1	1	1	1	2	1	1	2	1	2	1	1	1	1	1	1	1	1	1	1	1	1	1	1	1	1	1	1	1	2	1	2	1	1	1	2	2	1	2	1	1	1	1	2	2	1	1	1	1	1	1	1	1	1	1	1	1	1	2	2	1	1	1	1	1	1	1	2	2	1	1	1	1	2	2	1	1	1	1	1	1	1	1	1	1	1	1	2
52	1	2	1	2	1	1	1	1	1	1	2	2	1	1	1	1	1	2	1	1	2	1	1	1	1	1	1	2	1	1	1	1	1	1	1	1	1	1	1	1	1	1	1	2	2	1	2	1	2	2	1	2	1	1	1	1	2	2	2	1	2	1	2	1	1	1	1	1	1	1	1	2	2	1	1	1	1	2	2	1	1	2	1	1	1	2	1	1	1	1	1	1	1	1	1	1	1	2	1	1	2
52	1	2	1	2	2	1	1	1	1	1	2	2	1	1	1	1	1	1	1	1	2	1	1	1	1	1	1	1	1	1	1	1	2	1	1	1	1	1	1	1	1	1	1	2	2	1	2	1	2	2	1	1	1	1	1	1	2	2	1	1	1	1	1	1	1	1	1	1	1	1	1	2	2	2	1	1	1	2	2	1	2	2	1	2	2	2	2	2	1	1	1	1	1	1	1	1	1	1	1	1	2
53	1	2	1	2	1	1	1	1	1	1	2	2	1	1	1	1	1	2	1	1	2	1	1	1	1	1	1	1	1	1	1	1	1	1	2	1	1	1	1	1	1	1	2	1	2	1	2	1	2	2	1	2	1	1	1	1	2	1	1	1	1	1	1	1	1	1	1	1	1	1	1	2	2	1	1	1	1	2	1	1	1	2	1	2	1	2	1	1	2	1	1	2	1	1	1	1	1	1	1	1	2
53	1	2	1	2	2	1	1	1	1	1	2	2	1	1	1	1	1	2	1	1	2	1	2	1	1	1	1	1	1	2	1	1	1	1	1	1	1	1	1	1	1	1	2	2	2	1	2	1	2	2	1	1	1	1	1	1	2	1	1	1	1	2	1	1	1	2	1	1	1	1	1	2	2	2	1	1	1	2	2	1	2	2	1	1	1	2	1	1	1	1	1	2	1	1	1	1	1	1	1	1	2
53	1	2	1	2	2	1	1	1	1	1	2	2	1	1	1	1	1	1	1	1	2	1	1	2	1	1	1	1	1	2	1	1	1	1	1	1	1	1	1	1	1	1	2	1	2	1	2	1	2	2	1	2	1	1	1	1	2	1	2	1	1	1	2	1	1	1	1	1	1	1	1	2	2	1	2	1	1	2	2	1	2	2	1	1	1	1	1	1	1	1	1	2	1	1	1	1	1	1	1	1	2
54	1	2	1	2	1	1	1	1	1	1	2	2	1	1	1	1	2	1	1	1	2	1	1	1	1	2	1	1	1	1	1	2	1	1	1	1	1	1	1	1	1	1	1	2	2	1	2	1	2	2	1	1	1	1	1	1	2	1	1	1	1	2	1	1	1	1	1	2	1	1	1	2	2	1	1	1	1	2	2	1	2	2	1	1	1	1	1	1	2	1	1	1	1	1	1	1	1	1	1	1	2
54	1	1	1	2	2	1	1	1	1	1	2	2	1	1	1	1	1	2	1	1	2	1	1	1	1	1	1	1	1	1	1	2	1	1	1	1	1	1	1	1	1	1	2	2	2	1	2	1	2	2	1	1	1	1	1	1	1	1	2	1	1	1	2	1	1	1	1	1	1	1	1	2	2	1	1	1	1	2	1	1	2	2	1	1	1	1	1	1	1	2	1	2	1	1	1	1	1	1	1	1	2
54	1	1	1	2	1	1	1	1	1	1	2	2	1	1	1	1	1	2	1	1	2	1	1	1	1	1	1	2	1	1	1	1	1	1	1	1	1	1	1	1	1	1	1	2	2	1	2	1	2	2	1	2	1	1	1	1	1	1	1	1	1	1	1	1	1	1	1	1	1	1	1	2	2	2	1	1	1	2	2	1	2	2	1	1	1	2	1	2	1	2	1	1	1	2	1	1	1	2	1	1	2
55	1	2	1	1	1	1	1	1	1	1	2	2	1	1	1	1	1	1	1	1	2	1	1	2	1	1	1	1	1	1	1	2	1	1	1	1	1	1	1	1	1	1	2	1	2	1	2	1	2	2	1	2	1	1	1	1	2	1	1	1	1	1	1	1	1	1	1	1	1	1	1	2	2	1	1	1	1	2	1	1	2	1	1	1	1	2	1	2	2	2	1	1	1	1	1	2	1	1	1	1	2
55	1	2	1	1	1	1	1	1	1	1	2	2	1	1	1	1	1	1	1	1	2	2	1	2	1	1	1	1	1	1	1	1	1	1	1	1	1	1	1	1	1	1	2	2	2	1	2	1	2	2	1	2	1	1	1	1	2	1	2	1	1	2	2	1	1	1	1	1	1	1	1	2	2	1	1	1	1	2	2	1	2	1	1	1	1	2	1	1	1	2	1	1	1	1	1	1	1	1	1	1	2
55	1	2	1	2	2	1	1	1	1	1	2	2	1	1	1	1	1	1	1	1	2	1	1	1	1	1	1	1	1	1	1	2	2	1	1	1	1	1	1	1	1	1	2	2	2	1	2	1	2	1	1	1	1	1	1	1	2	2	1	1	1	2	1	1	1	1	1	1	1	1	1	2	2	1	1	1	2	1	2	1	2	1	1	1	1	1	1	2	1	2	1	2	1	1	1	2	1	1	1	1	2
56	1	2	1	2	2	1	1	1	1	1	2	2	2	1	1	1	1	1	1	1	2	1	2	1	1	1	1	1	1	1	1	1	1	1	1	1	1	1	1	1	1	1	1	2	2	1	2	1	2	1	1	2	1	1	1	1	2	1	1	1	1	1	1	1	1	2	1	1	1	1	1	2	2	1	1	1	1	2	1	1	2	2	1	1	1	1	1	1	1	1	1	1	1	1	1	1	2	1	1	1	2
56	1	2	1	2	2	1	1	1	1	1	2	2	1	1	1	1	1	1	1	1	2	1	2	1	2	1	1	1	1	1	1	1	1	1	1	1	1	1	1	1	1	1	2	2	2	1	2	1	2	1	1	2	1	1	1	1	1	2	1	1	1	1	1	1	1	1	1	1	1	1	1	2	1	1	1	1	1	2	1	1	2	2	1	2	1	1	1	1	1	1	1	1	1	1	1	1	2	1	1	1	2
56	1	1	2	2	2	1	1	1	1	1	1	2	1	1	1	1	1	1	1	1	2	1	2	1	1	1	1	1	1	1	1	1	1	1	1	1	1	1	1	1	1	1	1	2	2	1	2	1	2	1	1	2	1	1	1	1	2	1	1	1	1	1	1	1	1	1	1	1	1	1	1	2	2	1	1	1	1	1	1	1	2	2	1	2	1	1	1	1	1	1	1	1	1	1	1	1	2	1	1	1	2
57	1	2	1	2	1	1	1	1	1	1	2	2	1	1	1	1	1	1	1	1	2	1	2	1	1	1	2	1	1	1	1	1	1	1	1	1	1	1	1	1	1	1	1	2	2	1	2	1	2	1	1	2	1	1	1	1	2	2	1	1	1	1	1	1	1	1	1	1	1	1	1	2	2	1	1	1	1	2	1	1	2	2	1	1	1	2	1	1	1	1	1	1	1	1	1	1	2	1	1	1	2
57	1	2	1	2	1	1	1	1	1	1	2	2	2	1	1	1	1	1	1	1	2	1	2	1	1	1	1	1	1	1	1	2	1	1	1	1	1	1	1	1	1	1	2	1	2	1	2	1	2	1	1	2	1	1	1	1	2	2	1	1	1	1	1	1	1	1	1	1	1	1	1	2	2	1	1	1	1	2	1	1	2	2	1	2	1	2	1	1	1	1	1	1	1	1	1	1	2	1	1	1	2
57	1	2	1	2	2	1	1	1	1	1	2	1	1	1	1	1	1	1	1	1	2	1	1	1	1	1	2	1	1	1	1	2	1	1	1	1	1	1	1	1	1	1	2	1	2	1	2	1	2	1	1	2	1	1	1	1	2	2	1	1	1	1	1	1	1	1	1	1	1	1	1	2	2	1	1	1	1	2	2	1	2	2	1	2	1	2	1	1	1	1	1	1	1	1	1	1	2	1	1	1	2
58	1	2	1	1	2	1	1	1	1	1	2	2	2	1	1	1	1	1	1	1	2	1	2	1	1	1	1	2	1	1	1	1	1	1	1	1	1	1	1	1	1	1	2	2	2	1	2	1	2	1	1	1	1	1	1	1	1	1	1	1	1	1	1	1	1	1	1	1	1	1	1	2	2	1	1	1	1	2	2	1	2	2	1	1	2	2	2	1	1	1	1	1	1	1	1	1	1	1	1	1	2
58	1	2	1	2	2	2	1	1	1	1	2	1	1	1	1	1	1	1	1	1	2	1	2	1	1	1	1	2	1	1	1	1	1	1	1	1	1	1	1	1	1	1	2	1	2	1	2	1	2	2	1	2	1	1	1	1	2	1	1	1	1	1	1	1	1	1	1	1	1	1	1	2	2	1	1	1	1	1	1	1	2	1	1	2	1	2	1	1	1	1	1	1	1	1	2	1	2	1	1	1	2
58	1	2	1	1	2	2	1	1	1	1	2	2	1	1	1	1	1	1	1	1	2	1	2	1	1	1	1	1	1	1	1	1	1	1	1	1	1	1	1	1	1	1	2	2	2	1	2	1	2	1	1	2	1	1	2	1	2	1	1	1	1	1	1	1	1	1	1	1	1	1	1	2	2	1	1	1	1	2	2	1	2	2	1	2	1	1	1	1	1	1	1	1	1	1	1	1	2	1	1	1	2
59	1	2	1	2	2	2	2	1	1	1	2	2	1	1	1	1	1	1	1	1	2	1	2	1	1	1	1	1	1	1	1	1	1	1	1	1	1	1	1	1	1	1	2	1	2	1	2	1	2	1	1	2	1	1	1	1	2	1	1	1	1	1	1	1	1	1	1	1	1	1	1	2	2	1	1	1	1	2	1	1	2	2	1	2	1	2	1	1	1	1	1	1	1	1	1	1	1	1	1	1	2
59	1	2	1	2	2	1	1	1	1	1	2	2	1	2	1	1	1	1	1	1	2	1	2	1	1	1	1	1	1	1	1	1	1	1	1	1	1	1	1	1	1	1	2	2	2	1	2	2	1	2	1	2	1	1	1	1	2	2	1	1	1	1	1	1	1	1	1	1	1	1	1	2	2	1	1	1	1	2	1	2	2	2	1	1	1	2	1	1	1	1	1	1	1	1	1	1	2	1	1	1	2
59	1	2	1	2	1	1	2	2	1	1	2	2	1	1	1	1	1	1	1	1	2	1	1	1	1	1	1	1	1	1	1	1	1	1	1	1	1	1	1	1	1	1	2	1	2	1	2	2	1	1	1	2	1	1	1	1	2	2	1	1	1	1	1	1	1	1	1	1	1	1	1	2	2	1	1	1	1	2	2	1	2	2	1	1	1	1	1	1	1	2	1	1	1	1	1	1	2	1	1	1	2
60	1	2	1	2	2	1	1	1	1	1	2	2	1	1	1	1	1	1	1	1	2	1	1	1	1	1	1	2	1	1	1	2	1	1	1	1	1	1	1	1	1	1	1	2	2	1	2	1	2	1	1	2	1	1	1	1	2	1	1	1	1	1	1	1	1	1	1	1	1	1	1	2	2	1	1	1	1	2	1	1	1	2	1	1	1	2	1	1	1	1	1	1	1	1	1	1	1	1	1	1	2
60	1	2	1	2	2	2	1	1	1	1	1	2	1	1	1	1	1	1	1	1	2	1	1	2	1	1	1	1	1	1	1	1	1	1	1	1	1	1	1	1	1	1	2	2	2	1	2	1	2	2	1	2	1	1	2	1	2	2	1	1	1	1	1	1	1	1	1	1	1	1	1	2	2	1	1	1	1	2	2	1	2	2	1	2	1	2	1	1	2	1	1	1	1	1	1	1	1	1	1	1	2
60	1	1	1	2	2	2	1	1	1	1	2	2	2	1	1	1	1	1	1	1	2	1	2	1	1	1	1	1	1	1	1	2	1	1	1	1	1	1	1	1	1	1	2	2	2	1	2	1	2	1	1	2	1	1	2	1	2	1	1	1	1	1	1	1	1	1	1	1	1	1	1	2	2	1	1	1	1	1	2	1	2	2	1	2	1	2	1	1	2	1	1	1	1	1	1	1	1	1	1	1	2
61	1	1	1	2	2	2	1	1	1	1	2	2	1	1	1	1	1	1	1	1	2	1	1	1	1	1	2	1	1	1	1	1	1	1	1	1	1	1	1	1	1	1	1	2	2	1	2	1	2	2	1	2	1	1	1	1	1	2	1	1	1	1	1	1	1	1	1	1	1	1	1	2	2	1	1	1	1	2	2	1	2	1	1	1	1	2	1	2	1	1	1	1	1	1	1	1	2	1	1	1	2
61	1	2	1	2	1	1	2	1	1	1	2	2	1	1	1	1	1	1	1	1	2	1	1	2	1	1	2	1	1	1	1	1	1	1	1	1	1	1	1	1	1	1	2	1	2	1	2	1	2	2	1	2	1	1	1	1	2	2	1	1	1	1	1	1	1	1	1	2	1	1	1	2	2	2	1	1	1	2	1	1	2	2	1	1	1	1	2	1	2	1	1	1	1	1	1	1	2	1	1	1	2
61	1	2	1	2	2	2	1	2	1	1	2	2	2	1	1	1	1	1	1	1	2	1	2	1	1	1	1	1	1	1	1	1	1	1	1	1	1	1	1	1	1	1	2	1	2	1	2	1	2	2	1	2	1	1	1	1	2	2	1	1	1	1	1	1	1	1	1	1	1	1	1	2	2	1	1	1	1	2	1	1	2	2	1	1	1	1	1	1	1	1	1	1	1	1	1	1	1	1	1	1	2
62	1	2	1	2	2	1	1	1	1	1	2	2	1	1	1	1	1	1	1	1	2	1	1	2	1	1	1	1	1	1	1	2	1	1	1	1	1	1	1	1	1	1	2	2	2	1	1	1	2	2	1	1	1	1	1	1	2	1	1	1	1	1	1	1	1	1	1	1	1	1	1	2	2	2	1	1	1	2	1	1	2	2	1	1	2	1	2	2	2	2	1	1	1	1	1	1	1	1	1	1	2
62	1	2	1	2	2	1	1	1	2	1	2	2	1	1	1	1	1	1	1	2	2	1	1	2	1	1	1	1	1	1	1	2	1	1	1	1	1	1	1	1	1	1	1	2	2	1	2	1	2	2	1	2	1	1	1	1	2	2	1	1	1	1	1	1	1	1	1	1	1	1	1	2	2	2	1	1	2	2	1	1	2	2	1	1	2	2	2	1	2	1	1	1	1	1	1	1	1	1	1	1	2
62	1	2	1	2	1	1	1	2	1	1	2	2	1	1	1	1	1	2	1	1	2	1	1	2	1	1	1	2	1	1	1	1	1	1	1	1	1	1	1	1	1	1	2	1	2	1	2	1	2	2	1	2	1	1	1	1	2	1	1	1	1	1	1	1	1	1	1	1	1	1	1	2	2	2	1	1	1	2	2	1	2	1	1	2	1	1	1	1	2	2	1	2	1	1	1	1	1	1	1	1	2
63	1	2	1	2	1	1	1	1	1	1	2	2	1	1	1	1	1	2	1	1	2	1	1	2	1	1	1	1	1	1	1	1	1	1	1	1	1	1	1	1	1	2	2	1	2	1	2	1	2	2	1	2	1	1	1	1	2	2	1	1	2	1	1	1	1	2	1	1	1	2	1	2	2	1	1	1	1	2	2	2	2	2	1	1	1	1	1	2	1	1	1	1	1	2	1	1	1	1	1	1	2
63	1	2	1	2	2	1	1	1	1	1	2	2	1	1	1	1	1	1	1	1	2	1	2	2	1	1	1	1	1	1	1	1	1	1	1	1	1	1	1	1	1	1	2	2	2	1	2	1	2	2	1	1	1	1	1	1	2	1	1	1	1	1	1	1	1	1	1	1	1	1	1	2	2	2	1	1	1	2	2	2	1	2	1	1	2	2	1	2	1	2	1	1	1	1	1	1	1	1	1	1	2
63	1	2	1	2	2	1	1	1	1	1	2	2	1	1	1	1	1	1	1	1	2	1	2	2	1	1	1	1	1	1	1	1	1	1	1	1	1	1	1	1	1	1	2	2	2	1	2	1	2	2	1	1	1	1	1	1	1	1	1	1	1	1	1	1	1	1	1	1	1	1	1	2	2	2	1	1	1	2	1	1	2	1	1	1	1	2	1	1	2	2	1	1	1	1	1	1	1	1	1	1	2
64	1	2	1	2	1	1	1	1	1	1	2	2	1	1	1	1	1	1	1	1	2	1	2	2	1	1	1	1	1	1	1	1	1	1	1	1	1	1	1	1	1	1	2	2	2	1	2	1	2	2	1	2	1	1	1	1	1	2	1	1	1	1	1	1	1	1	1	1	1	1	1	2	2	1	1	1	2	2	1	1	2	1	1	1	1	2	1	1	2	2	1	1	1	2	1	1	1	1	1	1	2
64	1	2	2	2	1	1	1	1	1	1	2	2	1	1	1	1	2	2	1	1	2	2	1	2	1	1	1	1	1	1	1	1	1	1	1	1	1	1	1	1	1	1	2	1	2	1	2	1	2	2	1	2	1	1	1	1	2	1	1	1	1	1	1	1	1	2	1	1	1	1	1	2	2	1	1	1	1	2	2	1	2	2	2	2	1	1	1	1	1	2	1	2	1	1	1	1	1	1	1	2	2
64	1	2	1	2	2	1	1	1	1	1	2	2	1	1	2	2	1	2	1	1	2	1	1	1	1	1	1	1	1	1	1	1	1	1	1	1	1	1	1	1	1	1	2	1	2	1	2	1	2	2	1	2	1	1	1	1	2	1	1	1	1	1	1	1	1	1	1	2	1	1	1	2	2	1	1	1	2	2	2	1	2	2	1	2	1	1	1	1	1	1	1	2	1	1	1	1	1	1	1	1	2
65	1	2	1	2	1	2	1	1	1	1	2	2	1	1	1	1	1	1	1	1	2	1	1	2	1	1	1	1	1	1	1	2	1	1	1	1	1	1	1	1	1	1	2	2	2	1	2	1	2	2	1	2	1	1	2	1	2	2	1	1	1	1	1	1	1	1	1	1	1	1	1	2	2	1	1	1	2	2	2	1	2	1	1	2	2	1	1	2	2	2	1	1	1	1	1	1	1	1	1	1	2
65	1	2	1	2	1	1	1	1	1	1	2	2	2	1	1	1	1	2	1	1	2	1	1	1	1	1	1	1	1	2	1	1	1	1	1	1	1	1	1	1	1	1	1	2	2	1	2	1	2	2	1	2	1	1	1	1	2	1	2	1	1	2	2	1	1	1	1	1	1	1	1	2	2	1	1	1	1	2	1	1	2	2	1	1	2	2	1	1	2	2	1	2	1	1	1	1	1	1	1	1	2
65	1	2	1	2	2	1	1	1	1	1	2	2	1	1	1	1	1	1	1	1	2	1	1	2	1	1	1	1	1	1	1	1	1	1	1	1	1	1	1	1	1	1	2	2	2	1	2	1	2	1	1	1	1	1	1	1	2	1	1	1	1	2	1	1	1	1	1	1	1	1	1	2	2	1	1	1	1	2	2	1	2	1	1	1	1	2	1	2	2	2	1	1	1	2	1	1	1	2	1	1	2
66	1	1	1	2	2	1	1	1	1	1	2	2	1	1	1	1	1	2	1	1	2	1	1	2	1	1	1	1	1	1	1	1	1	1	1	1	1	1	1	1	1	1	1	2	2	1	2	1	2	2	1	2	1	1	1	1	2	2	1	2	1	2	1	1	1	2	1	1	1	1	1	2	2	2	1	1	1	2	2	2	2	2	1	1	1	2	1	1	1	1	1	1	1	1	1	1	1	2	1	1	2
66	1	2	1	2	1	2	1	1	1	1	2	2	1	1	1	1	1	2	1	1	2	1	1	2	1	1	1	2	1	1	1	1	1	1	1	1	1	1	1	1	1	1	2	2	2	1	2	1	2	1	1	2	1	1	1	1	2	1	1	1	1	2	1	1	2	1	1	1	1	1	1	2	2	1	1	1	1	2	2	1	2	1	1	1	1	2	1	2	1	2	1	1	1	1	1	1	1	1	1	1	2
66	1	2	1	2	2	1	2	1	1	2	2	2	1	1	1	1	1	1	1	1	2	1	1	2	1	1	1	1	1	1	1	1	1	1	1	1	1	1	1	1	1	1	2	2	2	1	2	1	2	2	1	2	1	1	1	1	1	2	1	1	2	2	1	1	1	1	1	1	1	1	1	2	2	1	1	1	1	2	2	1	2	2	1	1	1	2	1	2	1	1	1	1	1	1	1	1	1	1	1	1	2
67	1	2	1	1	2	1	1	1	1	1	2	2	1	1	1	1	1	1	1	1	2	1	1	2	1	1	1	2	1	1	1	1	1	1	1	1	1	1	1	1	1	1	1	2	2	1	2	1	2	2	1	2	1	1	1	1	2	1	1	1	1	1	1	1	1	1	1	1	1	1	1	2	2	1	1	1	2	2	2	1	2	1	1	1	1	2	1	2	2	2	1	1	1	1	1	1	1	1	1	1	2
67	1	2	1	2	1	1	1	1	1	1	2	2	1	1	1	1	1	1	1	1	2	1	1	2	1	1	1	1	1	1	1	1	1	1	1	1	2	1	1	1	1	1	2	2	2	1	2	1	2	2	1	2	1	1	1	1	2	2	1	1	1	2	1	1	2	2	1	1	1	1	1	2	2	1	1	1	2	2	1	1	2	1	1	1	1	1	1	2	1	1	1	1	1	2	1	1	1	1	1	1	2
68	1	1	1	2	2	2	1	1	1	1	2	2	1	1	1	1	1	1	1	1	2	1	2	1	1	1	1	1	1	1	1	1	1	1	1	1	1	1	1	1	1	1	2	2	2	1	2	1	2	1	1	2	1	1	1	1	1	2	1	1	1	1	1	1	1	1	1	1	1	1	1	2	2	1	1	1	1	2	2	1	2	2	1	2	1	2	1	1	1	1	1	1	1	1	1	1	2	1	1	1	2
68	1	2	2	2	2	1	1	1	1	1	2	1	1	1	1	1	1	1	1	1	2	1	1	1	1	1	1	1	1	1	1	2	1	1	1	1	1	1	1	1	1	1	2	1	2	1	2	1	2	1	1	2	1	1	1	1	2	2	1	1	1	1	1	1	1	1	1	1	1	1	1	2	2	1	1	1	1	2	1	1	2	2	1	2	1	1	1	1	1	2	1	1	1	1	1	1	2	1	1	1	2
68	1	2	2	2	2	1	1	1	1	1	1	1	1	1	1	1	1	1	1	2	2	1	1	1	1	1	1	1	1	1	1	2	1	1	1	1	1	1	1	1	1	1	1	2	2	1	2	1	2	1	1	2	1	1	1	1	2	2	1	1	1	1	1	1	1	1	1	1	1	1	1	2	2	1	1	1	1	2	2	1	2	2	1	2	1	2	1	1	1	2	1	1	1	1	1	1	2	1	1	1	2
69	1	2	2	2	1	1	1	1	1	1	2	1	1	1	1	1	1	1	1	1	2	1	2	1	2	1	1	1	1	1	1	1	1	1	1	1	1	1	1	1	1	1	1	2	2	1	2	1	2	1	1	2	1	1	1	1	2	2	1	1	1	1	1	1	1	1	1	1	1	1	1	2	2	1	1	1	1	2	1	1	2	2	1	1	1	2	2	1	1	1	1	1	1	1	1	1	2	1	1	1	2
69	1	2	2	2	2	1	1	1	1	1	1	1	1	1	1	1	1	1	1	1	2	1	2	1	1	1	1	1	1	1	1	1	1	1	1	1	1	1	1	1	1	1	2	2	2	1	2	1	2	1	1	2	1	1	1	1	2	2	1	1	1	1	1	1	1	1	1	1	1	1	1	2	2	1	1	1	1	1	1	1	2	2	1	2	1	2	1	1	2	2	1	1	1	1	1	1	2	1	1	1	2
69	1	2	1	2	2	1	1	1	1	1	2	1	1	1	1	1	1	1	1	1	2	1	2	1	1	1	1	1	1	1	1	1	1	1	1	1	1	1	1	1	1	1	1	2	2	1	2	1	2	1	1	2	1	1	1	1	2	2	1	1	1	1	1	1	1	1	1	1	1	1	1	2	2	1	1	1	1	2	1	1	2	2	1	1	1	2	1	1	1	2	1	1	1	1	1	1	1	1	1	1	1
70	1	2	1	2	2	2	1	1	1	1	2	1	1	1	1	1	1	1	1	1	2	1	2	2	1	1	1	1	1	1	1	1	1	1	1	1	1	1	1	1	1	1	2	1	2	1	2	1	2	1	1	2	1	1	1	1	2	2	1	1	1	1	1	1	1	1	1	1	1	1	1	2	2	1	1	1	1	2	1	1	2	2	1	1	1	2	2	1	1	1	1	1	1	2	1	1	2	1	1	1	2
70	1	2	1	2	2	1	1	1	1	1	2	2	1	1	1	1	1	1	1	1	2	1	2	2	1	1	1	1	1	1	1	1	1	1	1	1	1	1	1	1	1	1	1	2	2	1	2	1	2	2	1	2	1	2	1	1	2	2	1	1	1	1	1	1	1	1	1	1	1	1	1	1	2	1	1	1	1	2	1	1	2	2	1	1	1	2	1	1	1	1	1	1	1	1	1	1	2	1	1	1	2
70	1	2	1	2	2	1	1	1	1	1	2	2	2	1	1	1	1	2	1	1	2	1	2	1	1	1	2	1	1	1	1	1	1	1	1	1	1	1	1	1	1	1	2	2	2	2	2	1	2	1	1	2	1	1	1	1	1	2	1	1	1	1	1	1	1	1	1	2	1	1	1	2	2	1	1	1	2	2	1	1	2	2	1	1	1	2	1	2	1	2	1	1	1	1	1	1	2	1	1	1	2
71	1	1	1	1	1	1	1	2	1	1	2	2	1	1	1	2	1	1	1	1	2	1	2	1	1	1	1	1	1	1	1	1	1	1	1	1	1	1	1	1	1	1	2	2	2	1	2	1	2	2	1	2	1	1	1	1	1	2	1	1	1	1	1	1	1	1	1	1	1	1	1	2	2	1	1	1	1	2	1	1	2	2	1	1	1	2	1	1	2	1	1	1	1	1	1	1	2	1	1	1	2
71	1	2	1	2	2	1	1	1	1	1	2	2	2	1	1	1	1	1	1	2	2	1	2	1	1	2	1	1	1	1	1	1	1	1	1	1	1	1	1	1	1	1	1	2	2	1	2	1	2	2	1	2	1	1	1	1	2	1	2	1	1	1	2	1	1	1	1	1	1	1	1	2	2	2	1	1	1	1	1	1	2	2	1	2	1	2	1	1	1	1	1	1	1	1	1	1	1	1	1	1	2
71	1	1	1	2	2	1	1	1	1	1	1	2	1	1	1	1	1	1	1	1	2	1	2	1	1	1	1	2	1	1	1	1	1	1	1	1	1	1	1	1	1	1	1	2	2	1	2	1	2	2	1	2	1	1	1	1	1	2	1	1	1	1	1	1	1	1	1	1	1	1	1	2	2	1	1	1	1	2	1	2	2	2	1	1	1	2	1	1	1	1	1	1	1	1	1	1	1	1	1	1	2
72	1	2	1	1	2	1	1	1	1	1	2	2	1	1	1	1	1	1	1	1	2	1	1	1	1	1	1	2	2	1	1	1	1	1	1	1	1	1	1	1	1	1	2	2	2	1	2	1	2	2	1	2	1	1	1	1	2	2	1	1	1	1	1	1	1	1	1	1	1	1	1	2	2	1	1	1	1	2	1	1	2	2	1	2	2	2	1	1	2	1	1	1	1	1	1	1	1	1	1	1	2
72	1	2	1	2	2	1	2	1	1	1	2	2	1	1	1	1	1	1	1	1	2	1	1	2	1	1	2	1	1	1	1	1	1	1	1	1	1	1	1	1	1	1	2	2	2	1	2	1	2	2	1	2	1	1	1	1	2	2	1	1	1	1	1	1	1	1	1	1	1	1	1	2	2	1	1	1	1	2	1	1	2	2	1	1	2	2	1	2	1	1	1	1	1	1	1	1	1	1	1	1	2
72	1	2	1	2	2	1	1	1	1	1	2	2	1	1	1	1	1	2	1	1	2	1	2	1	1	1	1	1	1	1	1	1	1	1	1	1	1	1	1	1	1	1	1	2	2	1	2	1	2	2	1	2	1	1	1	1	2	2	1	1	1	1	1	1	1	1	1	1	1	1	1	2	2	1	1	1	1	2	1	1	2	2	1	2	1	2	1	1	1	1	1	1	1	1	1	1	1	1	1	1	2
73	1	2	1	2	1	1	1	1	1	1	2	2	1	1	1	1	2	1	1	1	2	1	1	2	1	1	1	2	1	1	1	1	1	1	1	1	1	1	1	1	1	2	2	2	2	1	2	1	2	2	1	2	1	1	1	1	1	2	1	1	1	1	1	1	1	1	1	1	1	1	1	2	2	2	1	1	1	2	1	1	2	2	2	1	2	2	2	2	2	2	1	1	1	1	1	1	1	2	1	2	2
73	1	2	1	2	2	1	1	1	1	1	2	2	1	1	1	1	1	1	1	1	2	1	1	2	1	1	1	1	1	1	1	1	1	1	1	1	1	1	1	1	1	1	2	2	2	1	2	1	2	2	1	2	1	1	1	1	1	1	1	1	1	1	1	1	1	1	1	1	1	1	1	2	2	1	2	1	2	2	1	1	2	2	2	2	1	1	1	2	1	2	1	2	1	1	1	2	1	1	1	1	2
73	1	2	1	2	1	1	1	1	1	1	2	2	1	1	1	1	1	1	1	1	2	1	2	1	1	1	1	1	1	1	1	1	2	1	1	1	1	1	1	1	1	1	1	2	2	1	2	1	2	2	1	2	1	1	1	1	2	1	1	1	1	1	1	1	1	1	1	1	1	1	1	2	2	2	1	1	1	2	2	1	2	2	1	1	1	1	1	1	1	1	1	1	1	1	1	1	1	2	1	1	2
74	1	2	1	2	1	1	1	1	1	1	2	1	1	1	1	1	1	1	1	1	2	2	2	1	1	1	1	1	1	1	1	1	1	1	1	1	1	1	1	1	1	1	2	1	2	1	2	1	2	2	1	2	1	1	1	1	2	2	1	1	1	1	1	1	1	1	1	1	1	1	1	2	2	2	1	1	1	2	2	1	2	2	1	1	2	2	1	1	2	2	1	1	1	2	1	1	1	1	1	1	2
74	1	2	1	1	1	1	1	1	1	1	2	2	1	1	1	1	1	1	1	1	2	1	1	1	1	1	1	2	1	1	1	1	1	1	1	1	1	1	1	1	1	1	2	1	2	1	2	1	2	2	1	1	1	1	1	1	2	1	1	1	1	1	1	1	1	1	1	1	1	1	1	2	2	2	1	1	1	2	2	1	2	2	1	1	2	2	2	1	1	1	1	1	1	1	1	1	1	1	1	1	2
74	1	2	1	1	2	1	1	1	1	1	2	2	1	1	1	1	1	1	1	1	2	1	2	2	1	1	1	1	1	1	1	1	1	1	1	1	1	1	1	1	1	1	2	1	2	1	2	1	2	2	1	2	1	1	1	1	2	1	1	1	1	1	1	1	1	2	1	1	1	1	1	2	2	2	1	1	1	2	1	1	2	2	1	1	1	2	1	2	2	2	1	1	1	1	1	1	1	1	1	1	2
75	1	2	1	2	1	1	1	1	1	1	2	2	1	1	1	1	1	2	1	1	2	1	1	1	1	1	1	1	1	1	1	1	1	1	1	1	1	1	1	1	1	1	2	2	2	1	2	1	2	2	1	1	1	1	1	1	2	1	1	1	1	2	1	1	1	1	1	1	1	1	1	1	2	1	1	1	1	2	2	1	1	1	1	1	1	2	1	1	1	1	1	1	1	1	1	1	1	1	1	1	1
75	1	2	1	1	2	1	1	1	1	1	2	2	1	1	1	1	1	2	1	1	2	1	2	2	1	1	1	1	1	1	1	1	1	1	1	1	1	1	1	1	1	1	2	1	2	1	2	1	2	2	1	1	1	1	1	1	1	2	1	1	1	2	1	1	1	1	1	1	1	1	1	2	2	1	1	1	1	2	2	1	2	2	1	1	2	1	1	1	1	1	1	1	1	1	1	1	1	1	1	1	2
75	1	2	1	2	1	1	1	2	1	1	2	2	2	1	1	1	2	2	1	1	2	2	2	1	1	1	1	1	1	1	1	1	1	1	1	1	1	1	1	1	1	2	2	1	2	1	2	1	2	2	1	2	1	1	1	1	2	1	2	1	1	1	1	1	1	1	1	1	1	2	1	2	2	2	1	1	1	2	2	2	2	1	2	1	1	2	1	1	1	2	1	2	1	2	1	1	1	1	1	2	2
76	1	1	1	1	2	1	1	1	1	1	2	2	1	1	1	1	1	1	1	1	2	1	1	1	1	1	1	1	1	1	1	1	1	1	1	1	1	1	2	1	2	1	2	2	2	1	2	1	2	1	1	2	1	1	1	1	2	1	2	2	1	2	2	1	1	1	1	1	1	1	1	2	2	2	1	1	1	2	2	1	2	1	1	1	1	2	1	2	2	2	1	2	1	1	1	1	1	1	1	1	2
76	1	2	1	2	1	1	1	1	1	1	2	2	1	1	1	1	1	2	1	1	2	1	1	2	1	1	1	1	1	1	1	2	1	1	1	1	1	1	1	1	1	1	2	1	2	1	2	1	2	2	1	1	1	1	1	1	1	1	2	2	2	2	2	1	1	1	1	1	1	1	1	2	2	2	1	1	2	2	2	1	2	1	1	1	1	2	1	2	2	1	1	2	1	1	1	1	1	1	1	1	2
76	1	2	1	1	2	2	1	1	1	1	2	2	1	1	1	1	1	1	1	1	2	1	2	1	1	1	1	1	1	1	1	2	1	1	1	1	1	1	1	1	1	1	2	1	2	1	2	1	2	2	1	2	1	1	1	1	2	1	1	1	1	2	1	1	1	2	1	1	1	1	1	2	2	2	1	1	2	2	2	1	2	1	1	1	1	2	1	1	1	1	1	1	1	1	1	1	1	1	1	1	2
77	1	2	1	2	2	2	1	1	1	1	2	2	1	1	1	1	1	1	1	1	2	1	2	2	1	1	1	1	1	2	1	1	1	1	1	1	1	1	1	1	1	1	2	2	2	1	2	1	2	2	1	2	1	1	1	1	2	1	1	1	1	2	1	1	1	1	1	1	1	1	1	2	1	1	1	1	1	2	2	1	2	2	1	1	1	1	1	2	2	2	1	1	1	2	1	1	1	1	1	1	1
77	1	2	1	2	2	1	1	1	1	1	2	2	1	1	1	1	1	1	1	1	2	1	2	1	1	1	1	1	1	1	1	1	1	1	1	1	1	1	1	1	1	1	2	2	2	1	2	1	2	2	1	2	1	1	2	1	2	1	1	1	1	2	1	1	1	1	1	1	1	1	1	2	2	1	1	1	1	2	1	1	2	1	1	1	1	2	1	2	2	2	1	1	1	1	1	1	1	1	1	1	2
77	1	2	1	2	2	1	1	1	1	1	2	2	1	1	1	1	1	1	1	1	2	2	1	1	1	1	1	1	1	1	1	1	2	1	1	1	1	1	1	1	1	1	2	1	2	1	2	1	2	1	1	1	1	1	1	1	2	1	1	1	1	1	1	1	1	1	1	1	1	1	1	2	2	1	1	1	2	2	2	2	2	1	1	1	1	2	1	2	2	2	1	1	1	1	1	1	1	1	1	1	2
78	1	2	1	2	2	1	1	1	1	1	2	2	2	1	1	1	1	1	1	1	2	1	1	1	1	1	1	2	1	1	1	2	1	1	1	1	1	1	1	1	1	1	1	2	2	1	2	1	2	2	1	2	1	1	1	1	2	1	2	1	2	2	1	1	1	1	1	1	1	1	1	2	2	2	1	1	2	2	1	1	2	2	1	2	1	2	2	2	1	2	1	1	1	1	1	1	1	1	1	1	2
78	1	2	1	2	2	1	1	1	1	1	2	2	1	1	1	1	1	1	1	1	2	1	2	1	1	1	1	1	1	1	1	2	1	1	1	1	1	1	1	1	1	1	1	2	2	1	2	1	2	2	1	2	1	1	1	1	1	2	1	1	1	2	1	1	2	1	1	1	1	1	1	2	2	1	1	1	2	2	2	1	2	2	1	1	1	2	1	2	2	1	1	1	1	1	1	1	1	1	1	1	2
78	1	2	1	2	2	1	1	1	1	1	2	2	1	1	1	1	1	1	1	1	2	1	1	1	1	1	1	1	1	1	1	2	1	1	1	1	1	1	1	1	1	1	1	2	2	1	1	1	2	2	1	1	1	1	1	1	2	2	1	1	2	2	1	1	2	1	1	1	1	1	1	2	2	1	1	1	2	2	1	1	2	2	1	1	1	2	1	2	2	1	1	1	1	2	1	1	1	1	1	1	2
79	1	2	1	2	2	1	1	1	1	1	2	2	1	1	1	1	1	1	1	1	2	1	1	2	1	1	1	2	1	1	1	1	1	1	1	1	1	1	1	1	1	1	2	2	2	1	2	1	2	2	1	2	1	1	1	1	2	2	1	1	1	2	1	1	2	1	1	1	1	1	1	2	2	1	1	1	1	2	2	1	2	2	1	1	1	2	1	2	1	2	1	1	1	1	1	1	1	1	1	1	2
79	1	2	1	2	2	1	2	1	1	1	2	2	2	1	1	2	1	1	1	1	2	1	2	1	1	1	1	1	1	1	1	2	1	1	1	1	1	1	1	1	1	1	2	2	2	1	2	2	1	2	1	1	1	1	1	1	2	1	1	1	1	2	1	1	1	2	1	1	1	1	1	2	2	2	1	1	1	2	2	1	2	2	1	1	1	1	1	2	2	2	1	1	1	1	1	1	1	1	1	1	2
79	1	2	1	2	1	2	1	1	1	1	2	2	1	1	1	1	1	2	1	1	2	1	1	2	1	1	1	1	1	1	1	1	1	1	1	1	1	1	1	1	1	1	1	2	2	1	2	1	2	2	1	1	1	1	1	1	2	1	1	1	2	2	1	1	1	1	1	1	1	1	1	2	2	1	1	1	1	2	2	1	2	1	1	1	1	2	1	2	2	2	1	1	1	2	1	1	1	1	1	1	2
80	1	2	1	2	2	1	1	1	1	1	1	2	2	1	1	1	1	1	1	2	2	1	2	1	1	1	1	1	1	1	1	1	1	1	1	1	1	1	1	1	1	1	1	2	2	1	2	1	2	1	1	2	1	1	1	1	2	2	2	1	1	1	1	1	2	1	1	1	1	1	1	1	2	1	1	1	1	1	1	1	2	1	1	1	1	2	1	1	1	1	1	1	1	1	1	1	1	1	1	1	2
80	1	2	1	2	1	1	1	1	1	1	1	1	1	1	1	1	1	1	1	1	2	1	2	2	1	1	1	1	1	1	1	1	1	1	1	1	1	1	1	1	1	1	1	2	2	1	2	1	2	1	1	2	1	1	1	1	1	2	1	1	1	1	1	1	1	1	1	1	1	1	1	1	2	1	1	1	1	2	1	1	2	2	1	1	1	2	2	1	1	2	1	1	1	1	1	1	1	1	1	1	1
80	1	2	1	2	2	1	1	1	1	1	2	1	1	1	1	1	2	1	1	2	2	1	2	1	1	1	1	1	1	1	1	1	1	1	1	1	1	1	1	1	1	1	2	2	2	1	2	1	2	1	2	2	1	1	1	1	2	2	1	1	1	1	1	1	1	1	1	1	1	1	1	1	2	1	1	1	1	2	1	1	1	1	2	1	1	2	1	1	1	1	1	1	1	2	1	1	2	1	1	2	2
81	1	2	1	2	2	1	1	1	1	1	2	2	1	1	1	1	1	1	1	2	2	1	2	2	1	1	1	1	1	1	1	1	1	1	1	1	1	1	1	1	1	1	2	2	2	1	2	1	2	1	1	2	1	1	1	1	2	2	1	1	1	1	1	1	1	1	1	1	1	1	1	2	2	1	1	1	1	2	1	1	2	2	1	1	1	2	1	1	1	1	1	1	1	1	1	1	1	1	1	1	2
81	1	2	1	2	2	1	1	1	1	1	2	2	1	1	1	1	1	1	1	1	2	1	2	1	1	1	1	1	1	1	1	1	2	1	1	1	1	1	1	1	1	1	2	1	2	1	2	1	2	1	1	2	1	1	1	1	2	2	1	1	1	1	1	1	1	1	1	1	1	1	1	1	2	1	1	1	1	2	1	1	2	2	1	2	1	2	1	1	1	1	1	1	1	1	1	1	2	1	1	1	2
81	1	1	1	2	2	1	1	1	1	1	2	2	1	1	1	1	1	1	1	2	2	1	2	1	1	1	1	1	1	1	1	1	1	1	1	1	1	1	1	1	1	1	2	1	2	1	2	1	2	1	1	2	1	1	1	1	1	2	1	1	1	2	1	1	1	1	1	1	1	1	1	2	2	1	1	1	1	1	1	1	2	2	1	2	2	2	1	1	1	1	1	1	1	1	1	1	2	1	1	1	2
82	1	1	1	2	2	1	1	1	1	1	1	2	1	1	1	1	1	1	1	1	2	1	1	1	1	1	1	1	1	1	1	2	1	1	1	1	1	1	1	1	1	1	2	2	2	1	2	1	2	1	1	2	1	1	1	1	2	2	1	1	1	2	1	1	1	1	1	1	1	1	1	2	2	1	1	1	2	2	1	1	2	2	1	1	1	2	2	1	1	1	1	1	1	1	1	1	1	1	1	1	2
82	1	2	1	2	2	1	1	1	1	1	2	2	1	1	1	1	1	1	1	1	2	1	2	1	1	1	2	1	1	1	1	1	1	1	1	1	1	1	1	1	1	1	2	2	2	1	2	1	2	1	1	2	1	1	1	1	2	2	1	1	1	1	1	1	1	1	1	1	1	1	1	2	2	1	1	1	1	2	1	1	2	2	1	1	1	2	2	1	1	1	1	1	1	1	1	1	1	1	1	1	2
83	1	2	1	2	2	1	1	1	1	1	2	1	1	1	1	1	1	1	1	1	2	1	2	1	1	1	1	1	1	1	1	1	1	1	1	1	1	1	1	1	1	1	2	1	2	1	2	1	2	1	1	2	1	1	1	1	1	2	1	1	1	1	1	1	1	1	1	1	1	1	1	2	2	1	1	1	1	2	1	1	2	2	1	1	1	2	1	1	2	1	1	1	1	1	1	1	1	1	1	1	2
83	1	2	2	2	2	1	1	1	1	1	2	2	1	1	1	1	1	1	1	1	2	1	2	1	1	1	1	1	1	1	1	1	1	1	1	1	1	1	1	1	1	1	1	2	2	1	2	1	2	1	1	2	1	1	1	1	1	2	1	1	1	1	1	1	1	1	1	1	1	1	1	2	2	1	1	1	1	2	1	1	2	2	1	1	1	2	2	1	2	1	1	1	1	1	1	1	1	1	1	1	2
83	1	1	2	2	2	1	1	1	1	1	2	2	1	1	1	1	1	1	1	1	2	1	2	1	1	1	1	1	1	1	1	1	1	1	1	1	1	1	1	1	1	1	2	1	2	1	2	1	2	1	1	2	1	1	1	1	2	2	1	1	1	1	1	1	1	1	1	1	1	1	1	1	2	1	1	1	1	2	1	1	1	2	1	1	1	2	1	1	1	1	1	1	1	1	1	1	1	1	1	1	2
84	1	1	1	2	2	1	1	1	1	1	1	1	1	1	1	1	1	1	1	1	2	1	2	1	1	1	1	1	1	1	1	1	1	1	1	1	1	1	1	1	1	1	2	2	2	1	2	1	2	1	1	2	1	1	1	1	2	1	2	1	1	1	2	1	1	1	1	1	1	1	1	1	1	1	1	1	1	1	2	1	2	2	1	1	1	2	1	1	1	1	1	1	1	1	1	1	1	1	1	1	2
84	1	1	1	2	1	1	1	1	1	1	2	2	1	1	1	1	1	1	1	2	2	1	1	1	1	1	2	2	2	1	1	1	1	1	1	1	1	1	1	2	1	1	2	2	2	1	2	1	2	1	1	1	1	1	1	1	2	1	2	1	1	1	2	1	1	1	1	1	1	1	1	2	1	1	1	1	1	2	2	1	2	2	1	1	1	2	1	2	1	1	1	1	1	1	1	1	1	1	1	1	2
84	1	2	1	1	2	1	1	1	1	1	2	2	1	1	1	1	1	1	1	2	2	1	1	1	1	2	1	1	1	1	1	1	1	1	1	1	1	1	1	1	1	1	2	1	2	1	2	1	2	2	1	2	1	1	1	1	2	2	1	1	1	1	1	1	1	1	1	1	1	1	1	2	2	1	1	1	2	2	1	1	2	2	1	1	1	2	1	2	1	1	1	1	1	2	1	1	1	1	1	1	2
85	1	2	1	1	2	1	2	1	1	1	2	2	1	1	1	1	1	1	1	1	2	1	2	1	1	1	1	1	1	1	1	1	1	1	1	1	1	1	1	1	1	1	2	2	2	1	2	1	2	2	1	1	1	1	1	1	2	2	1	1	1	1	1	1	1	1	1	2	1	1	1	2	2	1	1	1	1	2	2	1	2	2	1	1	1	2	1	1	2	1	1	1	1	1	1	1	2	1	1	1	2
85	1	2	1	1	2	1	2	1	1	1	2	2	1	1	1	1	1	1	1	1	2	1	2	1	1	1	1	1	1	1	1	1	1	1	1	1	1	1	1	1	1	1	2	2	2	1	2	1	2	2	1	1	1	1	1	1	2	2	1	1	1	1	1	1	1	1	1	1	1	1	1	2	2	1	1	1	1	2	1	1	2	2	1	1	1	2	1	1	1	2	1	1	1	1	1	1	2	1	1	1	2
85	1	2	1	2	2	1	2	1	1	1	2	2	1	1	1	1	1	1	1	1	2	1	2	1	1	1	1	1	1	1	1	1	1	1	1	1	1	1	1	1	1	1	2	2	2	1	2	1	2	2	1	1	1	1	1	1	2	2	1	1	1	1	1	1	1	1	1	1	1	1	1	2	2	1	1	1	1	2	2	1	2	2	1	1	1	2	1	1	1	1	1	1	1	1	1	1	2	1	1	1	2
86	1	2	1	2	2	1	1	1	1	1	2	2	1	1	1	1	1	1	1	1	2	1	2	1	1	1	1	1	1	1	1	1	1	1	1	1	1	1	1	1	1	1	2	2	2	1	2	1	2	2	1	1	1	1	1	1	2	1	1	1	1	1	1	1	1	1	1	1	1	1	1	2	2	1	1	1	1	2	1	1	2	1	1	2	2	2	1	1	1	1	1	1	1	1	1	2	1	1	1	1	2
86	1	1	1	2	2	1	1	1	1	1	2	2	2	1	1	1	1	1	1	1	2	1	2	1	1	1	1	1	1	1	1	1	1	1	2	1	1	1	1	1	1	2	1	2	2	1	2	1	2	2	1	2	1	1	2	1	1	1	1	1	1	1	1	1	1	2	1	1	1	1	1	2	2	2	2	1	1	2	1	2	2	2	1	1	2	2	2	2	2	2	1	1	1	1	1	2	1	1	1	1	2
86	1	2	1	2	1	1	2	1	1	1	2	2	2	1	1	1	2	1	1	1	2	1	1	2	1	1	1	1	2	1	1	1	1	1	1	1	1	1	1	1	1	1	2	1	2	1	2	1	2	2	1	2	1	1	1	1	1	1	1	1	1	1	1	1	1	1	1	1	1	1	1	2	2	2	2	1	1	2	1	1	2	2	2	1	2	2	1	1	1	1	1	2	1	1	1	1	1	1	1	2	2
87	1	2	1	2	2	1	1	1	1	1	2	2	1	1	1	1	2	2	1	1	2	1	1	2	1	1	1	2	1	1	1	1	1	1	1	1	1	1	1	1	1	1	2	1	2	1	2	1	2	2	1	1	1	1	1	1	1	1	1	1	1	1	1	1	1	1	1	2	1	2	1	2	2	2	1	1	1	2	1	1	2	2	2	1	2	2	1	2	1	2	1	1	1	1	1	1	1	1	1	2	2
87	1	2	1	2	1	1	2	2	1	1	2	2	1	1	1	1	2	1	1	1	2	1	1	2	1	1	1	1	1	1	1	1	1	1	1	1	1	1	1	1	1	1	2	1	2	1	1	1	2	2	1	1	1	1	1	1	2	2	1	1	1	1	1	1	1	1	1	1	1	1	1	2	2	2	1	1	1	2	1	1	2	2	2	1	2	2	1	1	1	1	1	2	1	1	1	2	1	1	1	1	2
87	1	2	1	2	2	1	1	1	1	1	2	2	1	1	2	1	2	2	1	1	2	1	1	2	1	1	1	1	1	1	1	2	1	1	1	1	1	1	1	1	1	2	2	2	2	1	2	1	2	2	1	2	1	1	1	1	2	1	1	1	1	1	2	1	1	1	1	1	1	2	1	2	2	2	1	1	1	2	2	1	2	2	2	1	1	1	1	1	1	2	1	1	1	1	1	1	1	1	1	2	2
88	1	2	1	2	1	1	1	1	1	1	2	2	1	1	1	1	1	1	1	1	2	1	1	1	1	1	1	1	1	2	1	1	1	1	1	1	1	1	1	1	1	1	2	2	2	1	2	1	2	1	1	2	1	1	1	1	2	2	1	1	1	2	1	1	2	1	1	1	1	1	1	2	2	2	1	1	1	2	2	1	1	1	1	1	1	2	1	2	2	2	1	1	1	2	1	1	1	1	1	1	2
88	1	2	1	2	1	1	1	1	1	1	2	2	1	1	1	1	1	1	1	1	2	1	2	2	1	2	1	1	1	1	1	1	1	1	1	1	1	1	1	1	1	1	2	2	2	1	2	1	2	2	1	1	1	1	1	1	2	1	1	1	1	1	1	1	2	1	1	1	1	1	1	2	2	2	1	1	1	2	2	1	2	1	1	1	2	2	1	1	2	2	1	1	1	2	1	1	1	2	1	1	2
88	1	2	1	2	2	1	1	1	1	1	2	2	1	1	1	1	1	1	1	1	2	1	1	1	1	1	1	1	1	1	1	2	1	1	1	1	1	1	1	1	1	1	2	2	2	1	2	1	2	2	1	2	1	1	1	1	2	2	1	1	1	2	1	1	2	2	1	1	1	2	1	2	2	1	1	1	1	2	2	1	2	1	1	1	2	1	1	2	1	2	1	1	2	1	1	1	1	1	1	1	2
89	1	2	1	2	2	1	2	1	1	1	2	2	2	1	1	1	1	1	1	1	2	1	2	2	1	1	1	1	1	1	1	1	1	1	1	1	1	1	1	1	1	1	1	2	2	1	2	1	2	2	1	2	1	1	1	1	2	2	1	1	1	2	1	1	1	1	1	1	1	1	1	2	2	1	1	1	1	2	2	1	1	2	1	1	1	1	1	1	2	2	1	2	1	1	1	1	1	2	1	1	2
89	1	2	1	2	2	1	1	1	1	1	2	2	2	1	1	1	1	1	1	1	2	1	1	1	1	1	1	1	1	2	1	1	1	1	1	1	1	1	1	1	1	1	1	2	2	1	2	1	2	2	1	1	1	1	1	1	1	1	1	1	1	2	1	1	1	1	1	1	1	1	1	2	2	1	1	1	1	2	2	1	2	2	1	1	1	1	1	2	2	2	1	1	1	2	1	1	1	1	1	1	2
89	1	2	1	2	2	1	1	1	1	1	2	2	2	1	1	1	1	1	1	1	2	1	1	2	1	1	1	1	1	1	1	1	1	1	1	1	1	1	1	1	1	1	1	2	2	1	2	1	2	2	1	2	1	2	1	1	2	1	1	2	1	1	1	1	1	1	1	1	1	1	1	2	2	2	1	1	1	2	2	1	1	1	1	1	1	1	1	2	2	2	1	1	1	1	1	1	1	1	1	1	2
90	1	2	1	2	2	1	1	1	1	1	1	2	1	1	2	1	1	1	1	1	2	1	1	1	2	1	1	1	1	1	1	1	1	1	1	1	1	1	1	1	1	1	1	2	2	1	2	1	2	1	1	2	1	1	1	1	2	2	1	1	1	1	1	1	1	1	1	1	1	1	1	2	2	1	1	1	1	2	2	1	2	2	1	1	1	2	2	1	2	1	1	1	1	1	1	1	1	1	1	1	2
90	1	2	1	2	2	1	1	1	1	1	2	2	1	1	1	1	1	1	1	1	2	1	2	1	1	1	1	1	1	1	1	2	1	1	1	1	1	1	1	1	1	1	2	2	2	1	2	1	2	2	1	2	1	1	1	1	2	2	1	1	1	1	1	1	1	1	1	1	1	1	1	2	2	1	1	1	1	2	2	1	2	2	1	1	2	2	2	1	1	1	1	1	1	1	1	1	2	1	1	1	2
90	1	1	1	2	2	1	1	1	1	1	1	2	1	1	1	1	1	1	1	1	2	2	2	1	1	1	1	1	1	1	1	1	1	1	1	2	1	1	1	2	1	1	2	2	2	1	2	1	2	1	1	2	1	1	1	1	2	2	1	1	1	1	1	1	1	1	1	1	1	1	1	1	2	1	1	1	1	1	1	1	2	2	1	2	1	2	2	1	2	1	1	1	1	1	1	1	2	1	1	1	2
91	1	2	1	1	2	1	1	1	1	1	2	2	1	1	1	1	1	1	1	1	2	1	2	1	1	1	1	1	1	1	1	1	1	1	1	1	1	1	1	1	1	1	1	2	2	1	2	1	2	1	1	2	1	1	1	1	2	1	1	1	1	1	1	1	1	1	1	1	1	1	1	2	2	1	1	1	2	2	1	1	2	2	1	1	1	2	1	1	1	1	1	1	1	1	1	1	2	1	1	1	2
91	1	2	1	2	2	1	1	1	1	1	2	2	2	1	1	1	1	1	1	1	2	1	1	1	1	1	1	1	1	1	1	2	1	1	1	1	1	1	1	1	1	1	2	1	2	1	2	1	2	1	1	2	1	1	1	1	2	2	1	1	1	1	1	1	1	1	1	1	1	1	1	2	2	1	1	1	1	1	1	1	2	2	1	2	1	1	1	1	1	1	1	1	1	1	1	1	2	1	1	1	2
91	1	1	1	2	2	1	1	1	1	1	2	2	1	1	1	1	1	1	1	2	2	1	2	1	1	1	1	1	1	1	1	1	1	1	1	1	1	1	1	1	1	1	2	2	2	1	2	1	2	1	1	2	1	1	1	1	2	2	1	1	1	1	1	1	1	1	1	1	1	1	1	2	2	1	1	1	1	1	1	1	2	2	1	2	1	1	1	1	1	2	1	1	1	1	1	1	2	1	1	1	2
92	1	2	1	2	2	1	1	2	1	1	2	2	2	1	1	1	1	1	1	1	2	1	2	1	1	1	1	1	1	1	1	1	1	1	1	1	1	1	1	1	1	1	2	1	2	1	2	1	2	1	1	2	1	1	1	1	1	2	1	1	1	1	1	1	1	1	1	1	1	1	1	2	2	1	1	1	1	2	1	1	2	2	1	2	1	2	1	1	1	1	1	1	1	1	1	1	1	1	1	1	2
92	1	2	1	2	2	1	1	1	1	1	1	2	1	1	1	1	1	1	1	1	2	1	2	2	1	1	1	1	1	1	1	1	1	1	1	1	1	1	1	1	1	1	2	2	2	1	2	1	2	1	1	1	1	1	1	1	2	2	1	1	1	1	1	1	1	1	1	1	1	1	1	2	2	1	1	1	1	2	1	1	2	2	1	2	1	2	2	1	1	1	1	1	1	1	1	1	2	1	1	1	2
92	1	1	1	1	2	1	1	1	1	1	2	2	1	1	1	1	1	1	1	1	2	1	2	1	1	1	1	1	1	1	1	1	1	1	1	1	1	1	1	1	1	1	2	2	2	1	2	1	2	1	1	2	1	1	1	1	2	2	1	1	1	1	1	1	1	1	1	1	1	1	1	2	2	1	1	1	1	2	2	1	2	2	1	2	2	2	1	1	1	1	1	1	1	1	1	1	2	1	1	1	2
93	1	2	1	1	2	1	1	1	1	1	1	2	1	1	2	2	1	1	1	1	2	1	1	2	1	1	1	1	1	2	1	1	1	1	1	1	1	1	1	2	1	1	2	2	2	1	2	1	2	2	1	2	1	1	1	1	1	2	1	1	1	1	1	1	1	1	1	1	1	1	1	2	1	1	1	1	1	2	1	1	1	2	1	2	1	2	1	1	1	1	1	1	1	1	1	1	1	1	1	1	2
93	1	2	1	1	2	1	1	1	1	1	1	2	1	1	1	1	1	1	1	1	2	1	1	2	1	1	1	1	1	2	1	1	1	1	1	1	1	1	1	2	1	1	2	2	2	1	2	1	2	2	1	2	1	1	1	1	1	2	1	1	1	1	1	1	1	1	1	1	1	1	1	2	1	1	1	1	1	2	1	1	1	2	1	1	1	2	1	1	1	1	1	1	1	1	1	1	1	1	1	1	2
93	1	2	1	2	1	1	1	1	1	1	2	2	1	1	1	1	1	1	1	1	2	1	2	1	1	1	1	1	1	1	1	1	1	1	1	1	1	1	1	1	1	1	2	2	2	1	2	1	2	2	1	2	1	1	1	1	1	1	1	1	1	1	1	1	1	1	1	1	1	1	1	2	2	1	1	1	1	2	1	1	1	2	1	2	1	2	1	2	1	1	1	1	1	1	1	1	1	1	1	1	2
94	1	2	1	2	1	1	1	2	1	1	1	2	1	1	1	1	1	1	1	1	2	1	2	1	1	1	1	1	1	2	1	1	1	1	1	1	1	1	1	1	1	1	2	1	2	1	2	1	2	2	1	1	1	1	1	1	2	1	1	1	1	1	1	1	1	1	1	2	1	1	1	2	2	2	1	1	1	1	2	1	2	2	1	1	1	2	1	1	1	1	1	1	1	1	1	1	1	1	1	1	2
94	1	2	1	2	2	1	1	1	1	1	2	2	1	1	1	1	1	1	1	1	2	1	1	1	1	1	1	1	1	2	1	2	1	1	1	1	1	1	1	1	1	1	2	1	2	1	2	1	2	2	1	2	1	1	1	1	2	1	1	1	1	1	1	1	2	1	1	1	1	1	1	2	2	2	2	1	1	2	2	1	2	2	1	1	1	2	1	1	1	2	1	1	1	1	1	1	1	1	1	1	2
94	1	1	1	2	1	1	1	1	1	1	2	2	2	1	1	1	1	1	1	1	2	1	2	1	1	1	1	1	1	1	1	1	1	1	1	1	1	1	1	1	1	2	2	2	2	1	2	1	2	2	1	2	1	1	1	1	2	1	1	1	1	1	1	1	1	1	1	1	1	1	1	2	2	1	1	1	2	2	1	1	2	2	1	2	1	2	1	1	1	1	1	1	1	1	1	1	1	1	1	1	2
95	1	2	1	2	1	1	1	1	1	1	2	2	1	2	2	1	1	1	1	1	2	1	1	2	1	1	1	1	1	2	1	1	1	1	1	1	1	1	1	1	1	1	2	2	2	1	2	1	2	2	1	1	1	1	1	1	2	2	1	1	1	1	1	1	1	1	1	1	1	1	1	2	2	2	1	1	2	2	2	1	2	2	1	1	2	2	1	1	2	2	1	1	1	1	1	1	1	1	1	1	2
95	1	2	1	1	2	1	1	1	1	1	2	2	2	1	1	1	1	1	1	1	2	1	1	2	1	1	1	1	1	2	1	1	1	1	1	1	1	1	1	2	1	1	2	1	2	1	2	1	2	2	1	2	1	1	1	1	1	1	1	1	1	1	1	1	1	1	1	2	1	1	1	2	2	1	1	1	1	1	1	1	2	2	1	1	2	2	2	1	1	2	1	1	1	1	1	1	1	1	1	1	2
95	1	2	1	1	1	1	1	1	1	1	2	2	2	1	1	1	1	2	1	1	2	1	1	1	1	1	1	1	1	2	1	2	1	1	1	1	1	1	1	1	1	1	2	2	2	1	2	1	2	2	1	1	1	1	1	1	2	1	1	1	1	1	1	1	1	1	1	2	1	1	1	2	2	2	1	1	1	2	2	1	2	2	1	2	1	1	1	2	2	1	1	1	1	1	1	1	1	1	1	1	2
96	1	2	1	2	2	1	1	1	1	1	2	2	1	1	1	1	1	1	1	1	2	1	2	1	1	1	1	1	1	1	1	1	1	2	1	1	1	1	1	1	1	1	2	2	2	1	2	1	2	2	1	2	1	1	1	1	2	1	1	1	1	2	1	1	2	1	1	1	1	1	1	2	2	2	1	1	1	2	2	1	2	1	1	2	1	1	1	2	1	2	1	1	1	1	1	1	1	1	1	1	2
96	1	2	1	2	1	1	1	1	1	1	2	2	1	1	1	1	1	1	1	1	2	1	1	1	1	1	1	2	1	2	1	1	1	1	1	1	1	1	1	1	1	1	2	1	2	1	2	1	2	2	1	1	1	1	1	1	2	1	1	1	1	1	1	1	1	1	1	1	1	1	1	2	2	2	1	1	1	2	2	1	2	1	1	1	2	2	1	1	1	1	1	1	1	1	1	1	1	1	1	1	2
96	1	2	1	2	1	1	1	1	1	1	2	2	1	1	1	1	1	1	1	1	2	2	1	1	1	1	1	2	1	1	1	1	1	1	2	1	1	1	1	1	1	1	2	1	2	1	2	1	2	2	1	2	1	1	1	1	2	2	1	1	1	2	1	1	1	1	1	1	1	1	1	2	2	2	1	1	2	2	2	1	2	2	1	1	1	2	1	2	1	2	1	1	1	1	1	1	1	1	1	1	2
97	1	2	1	2	2	1	1	1	1	1	2	1	1	2	2	1	1	1	1	1	2	1	1	1	1	1	2	1	2	1	1	1	1	1	1	1	1	1	1	1	1	1	1	2	2	1	2	1	2	1	1	2	1	1	1	1	2	2	1	1	1	2	1	1	2	1	1	1	1	1	1	2	2	1	1	1	1	1	1	1	1	2	1	1	1	2	1	1	1	1	1	1	1	1	1	1	1	1	1	1	2
97	1	2	1	2	2	1	1	1	1	1	2	2	1	1	1	1	1	1	1	2	2	1	2	1	1	1	1	1	1	1	1	2	1	1	1	1	1	1	1	1	1	1	1	2	2	1	2	1	2	2	1	2	1	1	1	1	2	1	2	1	1	1	2	1	1	1	1	1	1	1	1	2	2	2	1	1	1	2	1	1	2	2	1	2	1	2	1	1	1	1	1	1	1	1	1	1	1	1	1	1	2
97	1	2	2	2	2	1	1	1	1	1	2	2	1	1	1	1	1	1	1	1	2	1	2	1	1	1	1	1	2	2	1	1	1	1	1	1	1	1	1	1	1	1	2	2	2	1	2	1	2	2	1	2	1	1	1	1	2	2	1	1	1	1	1	1	1	1	1	1	1	1	1	2	2	1	1	1	1	2	1	1	2	2	1	1	1	2	2	1	1	1	1	1	1	1	1	1	1	1	1	1	2
98	1	2	1	2	1	1	1	1	1	1	2	1	1	1	1	1	1	2	1	1	2	1	2	1	1	1	1	1	1	1	1	1	1	1	1	1	1	1	1	2	1	1	1	2	2	1	2	1	2	2	1	2	1	1	1	1	2	1	1	1	1	1	1	1	2	1	1	1	1	1	1	2	2	2	1	1	1	2	1	1	2	2	1	1	2	2	1	2	1	1	1	1	1	1	1	1	1	1	1	1	2
98	1	2	1	2	1	1	1	1	1	1	2	2	1	1	1	1	1	1	1	1	2	1	2	1	1	1	1	1	1	1	1	1	1	1	1	1	1	1	1	1	1	1	1	2	2	1	2	1	2	2	1	2	1	1	1	1	2	1	1	1	1	1	1	1	2	1	1	1	1	1	1	2	1	2	1	1	1	2	1	1	2	2	1	2	2	2	2	1	1	2	1	1	1	1	1	1	1	1	1	1	2
98	1	2	1	2	1	1	1	1	1	1	2	2	1	1	2	1	1	1	1	1	2	1	2	1	1	1	1	1	1	1	1	1	1	2	1	1	1	1	1	1	1	1	2	2	2	1	2	1	2	2	1	1	1	1	1	1	1	2	1	2	1	1	1	1	2	1	1	1	1	1	1	2	2	2	2	1	1	2	2	1	1	2	1	1	2	2	1	2	1	1	1	1	1	1	1	1	1	1	1	1	2
99	2	2	1	2	2	1	1	1	1	1	2	2	1	1	1	1	1	1	1	1	2	2	1	1	1	1	1	1	1	1	1	1	2	1	1	1	1	1	1	1	1	1	2	2	2	1	1	1	2	2	1	2	1	1	1	1	2	2	1	1	1	1	1	1	2	1	1	1	1	1	1	2	2	2	2	1	1	2	2	1	2	2	1	1	1	1	1	2	1	2	1	1	1	1	1	1	1	1	1	1	2
99	1	1	1	2	1	1	1	1	1	1	2	2	2	1	1	1	1	1	1	1	2	1	1	2	1	1	1	1	1	1	1	1	1	1	1	1	1	1	1	1	1	1	2	2	2	1	2	1	2	2	1	2	1	1	1	1	1	2	1	1	1	2	1	1	2	1	1	1	1	1	1	2	2	2	1	1	1	2	2	1	2	1	1	1	1	2	1	2	1	1	1	1	1	1	1	1	1	1	1	1	2
99	1	2	1	2	1	1	1	1	1	1	2	2	1	1	1	1	1	2	1	1	2	1	1	2	1	1	1	1	1	2	1	1	1	1	1	1	1	1	1	1	1	1	2	2	2	1	2	1	2	2	1	2	1	1	1	1	2	1	1	1	1	1	2	1	1	1	1	2	1	1	1	2	2	2	1	1	2	2	2	1	2	1	1	1	2	2	1	1	1	2	1	2	1	1	1	1	1	1	1	1	2
100	1	2	2	2	2	1	1	1	1	1	2	2	1	1	1	1	1	1	1	1	2	1	2	1	1	1	2	1	1	1	1	1	1	1	1	1	1	1	1	1	1	1	2	2	2	1	2	1	2	1	1	2	1	1	1	1	2	2	1	1	1	1	1	1	1	1	1	1	1	1	1	2	2	1	1	1	1	2	1	1	2	2	1	1	1	2	1	2	1	2	1	1	1	2	1	1	1	1	1	1	2
100	1	2	1	2	2	1	1	1	1	1	2	2	1	1	1	1	1	1	1	2	2	1	2	1	1	1	1	1	1	1	1	1	1	1	1	1	1	1	1	1	1	1	2	1	2	1	2	1	2	1	1	2	1	1	1	1	2	2	1	1	1	1	1	1	1	1	1	1	1	1	1	2	2	1	1	1	1	2	1	1	1	2	1	1	1	1	1	1	1	1	1	1	1	1	1	1	2	1	1	1	2
100	1	2	1	2	2	1	1	1	1	1	2	2	2	1	1	1	1	1	1	1	2	1	2	1	1	1	1	1	1	1	1	1	1	1	1	1	1	1	1	1	1	1	2	1	2	1	2	1	2	2	1	2	1	1	1	1	2	2	1	1	1	1	1	1	1	1	1	2	1	1	1	2	2	1	1	1	1	1	1	1	2	2	1	1	1	2	2	1	1	1	1	1	1	1	1	1	2	1	1	1	2
101	1	1	1	2	1	1	1	1	1	1	1	2	1	1	1	2	1	1	1	2	1	1	1	1	1	1	1	2	1	1	1	2	1	1	1	1	1	1	1	1	1	1	1	2	2	1	2	1	2	1	1	2	1	1	1	1	2	1	1	1	1	1	1	1	1	1	1	1	1	1	1	2	2	1	1	1	1	2	1	1	2	2	1	2	1	2	2	1	1	1	2	1	1	1	1	1	2	1	1	1	2
101	1	2	1	2	2	1	1	1	1	1	1	2	1	1	1	1	1	1	1	1	2	1	2	1	1	1	1	1	2	1	1	1	1	1	1	1	1	1	1	1	1	1	1	2	2	1	2	1	2	1	1	2	1	1	1	1	2	2	1	1	1	1	1	1	1	1	1	1	1	1	1	2	2	1	1	1	1	2	1	1	2	2	1	2	1	1	2	1	1	1	1	1	1	1	1	1	2	1	1	1	2
101	1	2	1	2	2	1	1	1	1	1	2	2	1	1	1	1	1	1	1	1	2	1	1	2	1	1	1	1	2	1	1	1	1	1	1	1	1	1	1	1	1	1	2	1	2	1	2	1	2	1	1	2	1	1	1	1	2	2	1	1	1	1	1	1	1	1	1	1	1	1	1	2	2	1	1	1	1	2	1	1	2	2	1	2	1	2	1	1	1	1	1	1	1	1	1	1	2	1	1	1	2
102	1	1	1	2	2	1	2	1	1	1	2	2	1	1	1	1	1	1	1	1	2	1	2	2	1	1	1	1	1	1	1	1	1	1	1	1	1	1	1	1	1	1	1	2	2	1	2	1	2	1	1	2	1	1	1	1	2	2	1	1	1	1	1	1	1	1	1	1	1	1	1	2	2	1	1	1	1	1	1	1	2	2	1	2	1	2	2	2	1	2	1	1	1	2	1	1	1	1	1	1	2
102	1	1	1	2	2	1	2	1	1	1	1	2	1	1	1	1	1	1	1	1	2	1	1	2	1	1	1	1	1	1	1	1	1	1	1	1	1	1	1	1	1	1	1	2	2	1	2	1	2	1	1	2	1	1	1	1	2	2	1	1	1	1	1	1	1	1	1	1	1	1	1	2	2	1	1	1	1	1	1	1	2	2	1	1	1	2	2	1	1	1	1	1	1	1	1	1	1	1	1	1	2
102	1	1	1	2	2	1	2	1	1	1	1	2	1	1	1	1	1	1	1	1	2	1	1	2	1	1	1	1	1	1	1	1	1	1	1	1	1	1	1	1	1	1	1	2	2	1	2	1	2	1	1	2	1	1	1	1	2	2	1	1	1	1	1	1	1	1	1	1	1	1	1	2	2	1	1	1	1	1	1	1	2	2	1	1	1	2	2	1	1	1	1	1	1	1	1	1	1	1	1	1	2
103	1	2	2	2	2	1	1	1	1	1	1	2	1	1	1	1	1	1	1	2	1	1	2	1	1	1	1	1	1	1	1	1	1	1	1	1	1	1	1	1	1	1	1	2	2	1	2	1	2	1	1	2	1	1	1	1	2	2	1	1	1	1	1	1	1	1	1	1	1	1	1	2	2	1	1	1	1	2	2	1	2	2	1	1	1	1	1	1	1	1	1	1	1	1	1	1	1	1	1	1	2
103	1	2	1	2	2	1	1	1	1	1	1	2	1	1	1	1	1	1	1	1	2	1	2	1	1	1	1	1	1	1	1	2	1	1	1	1	1	1	1	1	1	1	1	2	2	1	2	1	2	1	1	2	1	1	1	1	1	2	1	1	1	1	1	1	1	1	1	1	1	1	1	2	2	1	1	1	1	2	1	1	2	2	1	1	1	2	2	1	1	1	1	1	1	1	1	1	1	1	1	1	2
103	1	2	1	2	2	1	1	1	1	1	1	2	1	1	1	1	1	1	1	1	2	1	1	2	1	1	1	1	1	1	1	2	1	1	1	1	1	1	1	1	1	1	1	2	2	1	2	1	2	2	1	2	1	1	1	1	2	2	1	2	1	1	1	1	1	1	1	1	1	1	1	2	2	1	1	1	1	2	1	1	2	2	1	1	1	2	2	1	1	2	2	1	1	1	1	1	1	1	1	1	1
104	1	2	1	2	2	1	1	1	1	1	1	2	1	1	1	1	1	1	1	1	2	1	2	1	1	1	1	1	1	1	1	2	1	1	1	1	1	1	1	1	1	1	1	2	2	1	2	1	2	1	1	2	1	1	1	1	2	2	1	1	1	1	1	1	1	1	1	1	1	1	1	2	2	1	1	1	1	2	1	1	2	2	1	1	1	2	1	1	1	2	1	1	1	1	1	1	2	1	1	1	2
104	1	1	1	2	1	1	1	1	1	1	2	2	1	1	1	1	1	1	1	2	2	1	2	1	1	1	1	1	1	1	1	1	1	1	1	1	1	1	1	1	1	1	1	2	2	1	2	1	2	1	1	2	1	1	1	1	2	2	1	1	1	1	1	1	1	1	1	1	1	1	1	2	2	1	1	1	1	2	2	1	2	2	1	1	2	2	1	1	1	1	1	1	1	1	1	1	1	1	1	1	2
104	1	1	1	2	2	1	1	1	1	1	1	2	1	2	1	1	1	1	1	1	2	1	2	1	1	1	1	1	1	1	1	1	1	1	1	1	1	1	1	1	1	1	2	2	2	1	2	1	2	1	1	2	1	1	1	1	2	2	2	1	1	1	2	1	1	1	1	1	1	1	1	2	2	1	1	1	1	2	1	1	2	2	1	2	1	2	2	2	1	1	1	1	1	1	1	1	2	1	1	1	2
105	1	2	1	1	2	1	2	1	1	1	2	2	1	1	1	1	1	1	1	1	2	1	2	1	1	1	1	1	1	1	1	1	1	1	1	1	1	1	1	1	1	1	2	1	2	1	2	1	2	1	1	2	1	1	1	1	1	2	1	1	1	1	1	1	1	1	1	1	1	1	1	2	2	1	1	1	1	2	1	1	2	2	1	1	2	2	1	1	1	2	1	1	1	1	1	1	1	1	1	1	2
105	1	2	1	2	1	1	1	1	1	1	1	2	1	1	1	1	1	1	1	1	2	1	2	2	1	1	1	1	1	1	1	1	1	1	1	1	1	1	1	1	1	1	2	2	2	1	2	1	2	1	1	2	1	1	1	1	2	2	1	1	1	1	1	1	1	1	1	1	1	1	1	2	2	1	1	1	1	2	1	1	2	2	1	1	2	2	2	1	1	2	1	1	1	1	1	1	2	1	1	1	2
105	1	2	1	2	2	1	1	1	1	1	2	2	1	1	1	1	1	1	1	1	2	1	2	2	1	1	1	1	1	1	1	1	1	1	1	1	1	1	1	1	1	1	2	1	2	1	2	1	2	1	1	2	1	1	1	1	2	2	1	1	1	1	1	1	1	1	1	1	1	1	1	2	2	1	1	1	1	2	1	1	2	2	1	2	1	2	1	1	1	2	1	1	1	1	1	1	2	1	1	1	2
106	1	2	1	2	2	1	1	1	1	1	1	2	1	1	1	1	1	1	1	1	2	1	2	1	1	1	1	1	1	1	1	1	1	1	1	1	1	1	1	1	1	1	2	2	2	1	2	1	2	1	1	2	1	1	1	1	1	2	1	1	1	1	1	1	1	1	1	1	1	1	1	2	2	1	1	1	1	2	2	1	2	2	1	2	1	2	1	1	1	2	1	1	1	1	1	1	2	1	1	1	2
106	1	2	1	2	2	1	1	1	1	1	1	2	1	1	1	1	1	1	1	1	2	1	2	1	1	1	1	1	1	1	1	1	2	1	1	1	1	1	1	1	1	1	1	2	2	1	2	1	2	1	1	2	1	1	1	1	1	2	1	1	1	1	1	1	1	1	1	1	1	1	1	2	2	1	1	1	1	1	1	1	2	2	1	1	1	2	1	1	1	1	1	1	1	1	1	1	1	1	1	1	2
106	1	2	1	2	2	1	1	1	1	1	2	2	1	1	1	1	1	1	1	1	2	1	2	1	1	1	1	1	1	1	1	1	2	1	1	1	1	1	1	1	1	1	2	2	2	1	2	1	2	1	1	2	1	1	1	1	1	2	1	1	1	1	1	1	1	1	1	1	1	1	1	2	2	1	1	1	1	2	1	1	2	2	1	2	1	2	2	1	1	1	1	1	1	1	1	1	2	1	1	1	2
107	1	2	1	2	2	1	1	1	1	1	1	2	1	1	1	1	1	1	1	1	2	1	1	1	1	1	1	1	1	1	1	1	2	1	1	1	1	1	1	1	1	1	2	2	2	1	2	1	2	1	1	2	1	1	1	1	1	2	1	1	1	1	1	1	1	1	1	1	1	1	1	2	2	1	1	1	1	1	1	1	2	2	1	1	1	2	1	1	1	2	1	1	1	1	1	1	1	1	1	1	2
107	1	2	1	2	2	1	1	1	1	1	2	2	1	1	1	1	1	1	1	1	2	1	2	1	1	1	2	2	1	1	1	1	1	1	1	1	1	1	1	1	1	1	1	2	2	1	2	1	2	1	1	2	1	1	1	1	2	2	1	1	1	1	1	1	1	1	1	1	1	1	1	2	2	1	1	1	1	1	1	1	1	2	1	1	1	2	1	1	1	1	1	1	1	1	1	1	2	1	1	1	2
107	1	2	1	2	2	1	1	1	1	1	2	1	1	1	1	1	1	1	1	2	1	1	2	1	1	1	1	1	1	1	1	1	1	1	1	1	1	1	1	1	1	1	2	2	2	1	1	1	2	1	1	2	1	1	1	1	2	2	1	1	1	1	1	1	1	1	1	1	1	1	1	1	2	1	1	1	1	2	1	1	2	2	1	1	1	2	1	1	1	1	1	1	1	1	1	1	1	1	1	1	1
108	1	2	1	2	1	1	1	1	1	1	2	2	2	1	1	1	1	1	1	1	2	1	1	1	1	1	2	2	1	1	1	1	1	1	1	1	1	1	1	1	1	1	2	1	2	1	2	1	2	2	1	2	1	1	1	1	1	2	2	1	1	1	2	1	1	1	1	1	1	1	1	2	2	1	1	1	1	2	1	1	2	2	1	2	1	2	1	1	1	1	1	1	1	1	1	1	2	1	1	1	2
108	1	2	2	2	2	1	1	1	1	1	2	2	2	1	1	1	1	1	1	1	2	1	2	1	1	1	1	1	1	1	1	1	1	1	1	1	1	1	1	1	1	1	2	2	2	1	2	1	2	1	1	2	1	1	1	1	2	2	1	1	1	1	1	1	1	1	1	1	1	1	1	2	2	1	1	1	1	2	1	1	2	2	1	1	1	2	1	1	1	1	1	1	1	1	1	1	2	1	1	1	2
108	1	1	1	2	2	1	1	1	1	1	2	2	1	1	1	1	1	1	1	1	2	1	2	1	1	1	1	1	1	1	1	1	1	1	1	1	1	1	1	1	1	1	2	2	2	1	2	1	2	2	1	2	1	1	1	1	1	2	2	1	1	1	2	1	1	1	1	1	1	1	1	2	2	1	1	1	1	2	1	1	2	2	1	1	1	2	1	1	1	1	1	1	1	1	1	1	2	1	1	1	2
109	1	2	1	2	2	1	1	1	1	1	2	2	1	1	1	1	1	1	1	1	2	1	1	2	1	1	1	1	1	1	2	1	1	1	1	1	1	1	1	1	1	1	2	2	2	1	2	1	2	1	1	2	1	1	1	1	2	2	1	1	1	1	1	1	1	1	1	1	1	1	1	2	2	1	1	1	1	1	1	1	2	2	1	1	1	2	2	1	1	1	1	1	1	1	1	1	2	1	1	1	2
109	1	2	1	2	2	1	1	1	1	1	1	2	2	1	1	1	1	1	1	1	2	1	2	1	1	1	1	1	1	1	2	1	1	1	1	1	1	1	1	1	1	1	1	2	2	1	2	1	2	1	1	2	1	1	1	1	1	2	1	1	1	1	1	1	1	1	1	1	1	1	1	2	2	1	1	1	1	2	1	1	2	2	1	2	1	1	2	1	1	1	1	1	1	1	1	1	1	1	1	1	2
109	1	1	1	2	2	1	1	1	1	1	2	2	1	1	1	1	1	1	1	1	2	1	2	1	1	1	1	1	1	1	1	1	1	1	1	1	1	1	1	1	1	1	2	2	2	1	2	1	2	1	1	2	1	1	1	1	2	2	1	1	1	1	1	1	1	1	1	1	1	1	1	2	2	1	1	1	1	1	1	1	2	2	1	2	1	1	2	1	1	1	1	1	1	1	1	1	2	1	1	1	2
110	1	2	2	2	2	1	1	1	1	1	2	2	2	1	1	1	1	1	1	1	2	1	2	1	1	1	1	1	1	1	1	1	1	1	1	1	1	1	1	1	1	1	2	1	2	1	1	1	2	2	1	2	1	1	1	1	2	2	1	1	1	1	1	1	1	1	1	1	1	1	1	2	2	1	1	1	1	2	1	1	2	2	1	1	1	2	2	1	1	1	1	1	1	1	1	1	2	1	1	1	2
110	1	2	1	1	2	1	1	1	1	1	2	2	2	1	1	1	1	1	1	1	2	1	2	2	1	1	1	1	1	1	1	1	1	1	1	1	1	1	1	1	1	1	2	1	2	1	2	1	2	2	1	2	1	1	1	1	1	2	1	1	1	1	1	1	1	1	1	1	1	1	1	2	2	1	1	1	1	2	1	1	2	2	1	1	1	2	1	1	1	1	1	1	1	1	1	1	1	1	1	1	2
110	1	2	1	2	2	1	1	1	1	1	2	2	2	1	1	1	1	1	1	1	2	1	2	2	1	1	1	1	1	1	1	1	1	1	1	1	1	1	1	1	1	1	2	2	2	1	2	1	2	2	1	2	1	1	1	1	2	1	1	1	1	1	1	1	1	1	1	1	1	1	1	2	2	1	1	1	1	2	1	1	2	2	1	2	1	1	2	1	1	1	1	1	1	1	1	1	1	1	1	1	2
111	1	2	1	2	2	1	1	1	1	1	2	1	1	1	1	1	1	1	1	1	2	1	2	2	1	1	1	1	1	1	1	1	1	1	1	1	1	1	1	1	1	1	2	2	2	1	1	1	2	1	1	2	1	1	1	1	2	2	1	1	1	1	1	1	1	1	1	1	1	1	1	2	2	1	1	1	1	2	1	1	2	2	1	2	1	1	2	1	1	1	1	1	1	1	1	1	2	1	1	1	2
111	1	2	1	2	2	1	1	1	1	1	2	2	1	1	1	1	1	1	1	1	2	1	2	2	1	1	1	1	1	1	1	1	1	1	1	1	1	1	1	1	1	1	2	1	2	1	2	1	2	1	1	2	1	2	1	1	2	2	1	1	1	1	1	1	1	1	1	1	1	1	1	2	2	1	1	1	1	2	1	1	2	2	1	2	1	2	2	1	1	1	1	1	1	1	1	1	2	1	1	1	2
111	1	2	2	2	2	1	1	1	1	1	2	1	1	1	1	1	1	1	1	1	2	1	1	2	1	1	1	1	2	1	1	1	1	1	1	1	1	1	1	1	1	1	1	2	2	1	1	1	2	1	1	2	1	1	1	1	2	2	1	1	1	1	1	1	1	1	1	1	1	1	1	1	2	1	1	1	1	2	1	1	2	2	1	1	1	2	2	1	1	1	1	1	1	1	1	1	2	1	1	1	2
112	1	2	2	2	2	1	1	1	1	1	2	2	1	1	1	1	1	1	1	1	2	1	2	1	1	1	1	1	2	1	1	1	1	1	1	1	1	1	1	1	1	1	2	1	2	1	2	1	2	1	1	2	1	1	1	1	1	2	1	1	1	1	1	1	1	1	1	1	1	1	1	1	2	1	1	1	1	2	1	1	2	2	1	1	1	2	1	1	1	2	1	1	1	1	1	1	2	1	1	1	2
112	1	2	1	2	2	1	1	1	1	1	2	2	1	1	1	1	1	1	1	1	2	1	2	2	1	1	1	1	1	1	1	1	1	1	1	1	1	1	1	1	1	1	1	2	2	1	2	1	2	1	1	2	1	1	1	1	2	2	1	1	1	1	1	1	1	1	1	1	1	1	1	2	2	1	1	1	1	1	1	1	2	2	1	1	1	2	1	1	1	1	1	1	1	1	1	1	1	1	1	1	2
112	1	2	1	2	2	1	1	1	1	1	2	2	1	1	1	1	1	1	1	1	1	1	2	1	1	1	1	2	1	1	1	1	1	1	1	1	1	1	1	1	1	1	1	2	2	1	2	1	2	1	1	2	1	1	1	1	2	2	1	1	1	1	1	1	1	1	1	1	1	1	1	2	2	1	1	1	1	1	1	1	2	2	1	1	1	2	1	1	1	1	1	1	1	1	1	1	1	1	1	1	2
113	1	2	1	1	2	1	1	1	1	1	2	2	1	1	1	1	1	1	1	1	2	1	1	2	1	1	1	1	1	1	1	1	1	1	1	1	1	1	1	1	1	1	2	2	2	1	2	1	2	1	1	2	1	1	1	1	2	1	1	1	1	1	1	1	1	1	1	1	1	1	1	2	2	1	1	1	1	2	2	1	2	2	1	2	1	2	2	2	2	1	1	1	1	1	1	1	1	1	1	1	2
113	1	1	1	2	2	1	1	1	1	1	2	2	2	1	1	1	1	1	1	2	2	1	2	1	1	1	1	1	1	1	1	1	1	1	1	1	1	1	1	1	1	1	2	2	2	1	2	1	2	2	1	2	1	1	1	1	1	2	1	1	1	1	1	1	1	1	1	1	1	1	1	1	2	1	1	1	1	2	1	1	2	1	1	2	1	1	1	1	1	1	1	1	1	1	1	1	2	1	1	1	2
113	1	2	1	2	2	1	1	1	1	1	2	2	1	1	1	1	1	1	1	1	2	1	1	1	1	1	2	1	1	1	1	2	1	1	1	1	1	1	1	1	1	1	2	2	2	1	2	1	2	1	1	2	1	1	1	1	2	2	1	1	1	1	1	1	1	1	1	1	1	1	1	2	2	1	1	1	1	2	1	1	2	2	1	1	1	2	1	1	1	1	1	1	1	1	1	1	1	1	1	1	2
114	1	2	1	2	2	1	1	1	1	1	1	2	1	1	1	1	1	1	1	1	2	1	1	1	1	1	1	1	1	2	1	1	1	1	1	1	1	1	1	1	1	1	2	2	2	1	2	1	2	1	1	2	1	1	1	1	2	1	1	1	1	1	1	1	1	1	1	1	1	1	1	2	2	1	1	1	1	2	1	1	2	2	1	2	1	2	2	1	1	1	1	1	1	1	1	1	2	1	1	1	2
114	1	2	2	2	2	1	1	1	1	1	2	2	2	1	1	1	1	1	1	2	2	1	1	1	1	1	2	1	2	1	1	1	1	1	1	1	1	1	1	1	1	1	2	1	2	1	2	1	2	1	1	2	1	1	1	1	2	1	1	2	1	1	1	1	1	1	1	1	1	1	1	2	2	1	1	1	1	2	1	1	1	2	1	1	1	2	1	1	1	1	1	1	1	1	1	1	2	1	1	1	2
114	1	2	1	2	2	1	1	1	1	1	1	2	1	1	1	1	1	1	1	1	2	1	2	1	1	1	1	1	1	1	1	1	1	1	1	1	1	2	1	1	1	1	2	1	2	1	2	1	2	2	1	2	1	1	1	1	1	2	1	2	1	1	1	1	1	1	1	1	1	1	1	2	2	1	1	1	1	2	1	2	2	2	1	2	1	1	1	1	1	1	1	1	1	1	1	1	2	1	1	1	2
115	1	2	1	2	2	1	1	1	1	1	2	2	1	1	1	1	1	1	1	2	1	1	2	1	1	1	2	1	1	1	1	1	1	1	1	1	1	1	1	1	1	1	2	1	2	1	2	1	2	1	1	2	1	1	1	1	2	2	1	1	1	1	1	1	1	1	1	1	1	1	1	2	2	1	1	1	1	2	1	1	2	2	1	1	1	2	1	2	1	2	1	1	1	1	1	1	2	1	1	1	2
115	1	2	1	2	2	1	1	1	1	1	2	2	1	1	1	1	1	1	1	2	1	1	1	1	1	1	2	1	2	1	1	1	1	1	1	1	1	1	1	1	1	1	2	1	2	1	2	1	2	1	1	2	1	1	1	1	2	1	1	1	1	1	1	1	1	1	1	1	1	1	1	2	2	1	1	1	1	2	1	1	2	2	1	1	1	2	1	2	1	2	1	1	1	1	1	1	1	1	1	1	2
115	1	2	1	2	2	1	1	1	1	1	2	2	1	1	1	1	1	1	1	2	2	1	1	2	1	1	1	1	2	1	1	1	1	1	1	1	1	1	1	1	1	1	2	1	2	1	2	1	2	1	1	1	1	1	1	1	2	2	1	1	1	1	1	1	1	1	1	1	1	1	1	2	2	1	1	1	1	2	2	1	2	2	1	2	1	2	1	1	1	1	1	1	1	1	1	1	2	1	1	1	2
116	1	2	1	2	1	1	1	1	1	1	2	1	1	1	1	1	1	1	1	2	2	1	2	1	1	1	1	1	1	1	1	1	1	1	1	1	1	1	1	1	1	1	2	1	2	1	1	1	2	1	1	2	1	1	1	1	1	2	1	1	1	1	1	1	1	1	1	1	1	1	1	2	2	1	1	1	1	2	1	1	2	2	1	2	2	2	2	1	1	2	1	1	1	1	1	2	2	1	1	1	2
116	1	2	1	2	2	1	1	1	1	1	2	2	1	1	1	1	1	1	1	1	2	1	2	1	1	1	1	2	1	1	1	1	1	1	1	1	1	1	1	1	1	1	2	1	2	1	2	1	2	1	1	2	1	1	1	1	2	2	1	1	1	1	1	1	1	1	1	1	1	1	1	2	2	1	1	1	1	2	2	1	2	2	1	2	1	2	1	1	1	1	1	1	1	1	1	1	2	1	1	1	2
116	1	2	1	2	2	1	1	1	1	1	2	2	1	1	1	1	1	1	1	1	2	1	2	1	1	1	1	1	1	1	1	1	1	1	1	1	1	1	1	1	1	1	2	1	2	1	2	1	2	1	1	2	1	1	1	1	2	2	1	1	1	1	1	1	1	1	1	1	1	1	1	2	2	1	1	1	1	2	1	1	2	2	1	1	1	2	1	1	1	1	1	1	1	1	1	1	2	1	1	1	2
117	1	2	1	2	1	1	1	1	1	1	2	2	1	1	1	1	1	1	1	1	2	1	2	1	1	1	2	1	1	1	1	1	1	1	1	1	1	1	1	1	1	1	1	2	2	1	2	1	2	2	1	2	1	1	1	1	2	2	1	1	1	1	1	1	1	1	1	2	1	1	1	2	2	1	1	1	1	2	1	1	2	2	1	1	1	2	1	2	1	1	1	1	1	1	1	1	1	1	1	1	2
117	1	2	1	2	1	1	1	1	1	1	1	1	1	1	1	1	1	1	1	1	2	1	2	1	1	1	2	1	1	1	1	1	1	1	1	1	1	1	1	1	1	1	2	2	2	1	2	1	2	1	1	2	1	1	1	1	2	2	1	1	1	1	1	1	1	1	1	1	1	1	1	2	2	1	1	1	1	1	1	1	2	2	1	2	1	2	1	1	1	1	1	1	1	1	1	1	1	1	1	1	2
117	1	2	1	2	1	1	2	1	1	1	1	2	2	1	1	1	1	1	1	1	2	1	2	1	1	1	2	1	1	1	1	1	1	1	1	1	1	1	1	1	1	1	1	2	2	1	2	1	2	1	1	1	1	1	1	1	2	2	1	1	1	1	1	1	1	1	1	1	2	1	1	1	2	1	1	1	1	2	1	1	2	2	1	1	1	2	1	2	1	1	1	1	1	1	1	1	1	2	2	1	2
118	1	2	1	2	2	1	1	1	1	1	2	2	1	1	1	1	1	1	1	1	2	1	2	1	1	1	1	1	1	1	1	1	1	1	1	1	1	1	1	1	1	1	2	2	2	1	2	1	2	1	1	2	1	1	1	1	1	2	1	1	1	1	1	1	1	1	1	2	1	1	1	1	2	1	1	1	1	1	1	1	1	2	1	1	2	2	2	1	1	1	1	1	1	1	1	1	2	1	1	1	2
118	1	2	2	2	2	1	1	1	1	1	2	2	1	1	1	1	1	1	1	2	2	1	1	2	1	1	2	1	1	1	1	1	1	1	1	1	1	1	1	1	1	1	2	1	2	1	2	1	2	2	1	2	1	1	1	1	2	2	2	1	1	1	1	1	1	1	1	1	1	1	1	2	2	1	1	1	1	2	1	1	2	2	1	1	1	2	1	1	1	1	1	1	1	1	1	1	2	1	1	1	2
118	1	2	2	2	2	1	1	1	1	1	2	2	1	1	1	1	1	1	1	1	2	1	2	2	1	1	1	1	1	1	1	1	1	1	1	1	1	1	1	1	1	1	2	2	2	1	2	1	2	1	1	2	1	1	1	1	2	2	1	1	1	1	1	1	1	1	1	1	1	1	1	2	2	1	1	1	1	2	1	1	2	2	1	2	2	1	1	1	1	1	1	1	1	1	1	1	2	1	1	1	2
119	1	1	1	2	2	1	1	2	1	1	2	1	1	1	1	1	1	1	1	1	2	1	2	1	1	1	1	2	1	1	1	1	1	1	1	1	1	1	1	1	1	1	2	2	2	1	2	1	2	2	1	1	1	1	1	1	2	1	1	1	1	1	1	1	1	1	1	2	1	1	1	2	2	1	1	1	2	2	1	1	2	2	1	1	1	2	2	1	1	1	1	1	1	1	1	1	2	1	1	1	2
119	1	2	1	2	2	1	1	1	1	1	2	2	2	1	1	1	1	1	1	1	2	1	1	2	1	1	1	1	1	1	1	1	1	1	1	1	1	1	1	1	1	1	2	2	2	1	2	1	2	1	1	2	1	1	1	1	2	2	1	1	1	1	1	1	1	1	1	1	1	1	1	2	2	1	1	1	1	2	1	1	2	2	2	1	1	2	1	1	1	1	1	1	1	1	1	1	1	1	1	1	2
119	1	2	1	2	2	1	1	1	1	1	2	2	2	1	1	1	1	1	1	1	2	1	1	1	1	1	2	1	1	1	1	1	1	1	1	1	1	1	1	1	1	1	2	1	2	1	2	1	2	1	1	2	1	1	1	1	1	1	2	1	1	1	2	1	1	1	1	1	1	1	1	2	2	1	1	1	1	2	1	1	2	2	1	1	1	2	1	1	1	1	1	1	1	1	1	1	2	1	1	1	2
120	1	1	2	2	2	1	2	1	1	1	2	2	1	1	1	1	1	1	1	2	2	1	1	1	1	1	1	2	1	1	1	1	2	1	1	1	1	1	1	1	1	1	2	1	1	1	2	1	2	1	1	2	1	1	1	1	2	2	1	1	1	1	1	1	1	1	2	1	1	1	1	1	1	1	1	1	1	2	2	1	2	2	1	1	1	1	1	2	1	1	1	1	1	1	1	1	1	1	1	1	2
120	1	2	2	2	2	1	1	1	1	1	1	2	1	1	1	1	1	1	1	2	2	1	2	1	1	1	2	1	1	1	1	1	1	1	1	1	1	1	1	1	1	1	1	2	2	1	2	1	2	2	1	2	1	1	1	1	2	2	1	1	1	1	1	1	1	1	1	1	1	1	1	2	2	1	1	1	1	2	1	1	2	2	1	1	1	2	1	1	1	1	1	1	1	1	1	1	1	1	1	1	2
120	1	1	1	2	1	1	1	2	1	1	2	2	2	1	1	1	1	1	1	1	2	1	1	1	1	1	2	1	1	1	1	1	1	1	1	1	1	1	1	1	1	1	2	2	2	1	2	1	2	1	1	2	1	1	1	1	1	1	1	1	1	1	1	1	1	1	1	1	1	1	1	2	2	1	1	1	1	2	2	1	2	2	1	1	1	1	1	1	1	1	1	1	1	1	1	1	1	2	1	1	2
121	1	1	1	2	2	1	1	1	1	1	2	2	1	1	1	1	1	1	1	2	2	1	1	1	1	1	1	1	1	1	1	1	1	1	1	1	1	1	1	1	1	1	2	1	2	1	2	1	2	1	1	2	1	1	1	1	1	1	1	1	1	1	1	1	1	1	1	1	1	1	1	2	2	1	1	1	1	1	1	1	2	2	1	2	1	2	1	1	1	1	1	1	1	1	1	1	2	1	1	1	2
121	1	2	1	2	2	1	1	1	1	1	2	2	1	1	1	1	1	1	1	1	2	1	1	1	1	1	1	1	2	1	1	1	1	1	1	1	1	1	1	1	1	1	2	1	2	1	2	1	2	2	1	2	1	1	1	1	1	1	1	1	1	1	1	1	1	1	1	1	1	1	1	2	2	1	1	1	1	1	1	1	2	2	1	1	1	2	1	1	1	1	1	1	1	1	1	1	2	1	1	1	2
121	1	1	1	2	2	1	1	1	1	1	1	2	1	1	1	1	1	1	1	1	2	1	2	1	1	1	1	1	1	1	1	1	1	1	1	1	1	1	1	1	1	1	2	2	2	1	2	1	2	1	1	2	1	1	1	1	2	1	2	1	1	1	2	1	1	1	1	1	1	1	1	2	2	1	1	1	1	2	1	1	2	2	1	2	1	1	1	1	1	1	1	1	1	1	1	1	2	1	1	1	2
122	1	2	1	2	2	1	1	2	1	1	2	2	1	1	1	1	1	1	1	2	1	1	2	1	1	1	2	1	1	1	1	1	1	1	1	1	1	1	1	1	1	1	2	1	2	1	2	1	2	1	1	2	2	1	1	1	1	2	1	1	1	1	1	1	1	1	1	1	1	1	1	2	2	1	1	1	1	2	1	1	2	2	1	2	1	2	1	1	1	1	1	1	1	1	1	1	1	1	1	1	2
122	1	2	1	2	2	1	1	2	1	1	2	2	1	1	1	1	1	1	1	2	2	1	2	1	1	1	2	1	1	1	1	1	1	1	1	1	1	1	1	1	1	1	2	1	2	1	2	1	2	1	1	2	2	1	1	1	2	2	1	1	1	1	1	1	1	1	1	1	1	1	1	1	2	1	1	1	1	2	1	1	2	2	1	1	2	2	1	1	1	1	1	1	1	1	1	1	1	2	1	1	2
122	1	2	1	2	1	1	1	2	1	1	2	2	1	1	1	1	1	1	1	2	1	1	2	1	1	1	1	2	1	1	1	1	1	1	1	1	1	1	1	1	1	1	2	1	2	1	2	1	2	1	1	2	2	1	1	1	2	2	1	1	1	1	1	1	1	1	1	1	1	1	1	2	2	1	1	1	1	2	1	1	2	2	1	1	1	2	2	1	1	2	1	1	1	1	1	1	1	2	1	1	2
123	1	2	1	2	2	1	1	1	1	1	2	2	1	1	1	1	1	1	1	1	2	1	1	1	1	2	1	2	1	1	1	1	1	1	1	1	1	1	1	1	1	1	2	1	2	1	2	1	2	2	2	2	1	1	1	1	2	2	1	1	1	1	1	1	1	1	1	1	1	1	1	1	2	1	1	1	1	2	1	1	2	2	1	1	1	2	1	1	1	1	1	1	1	1	1	1	1	1	1	1	2
123	1	2	1	2	2	1	1	1	1	1	2	2	1	1	1	1	1	1	1	1	2	1	1	1	1	2	1	1	1	2	1	1	1	1	1	1	1	1	1	1	1	1	2	2	2	1	2	1	2	2	1	2	1	1	1	1	1	2	1	1	1	1	1	1	1	1	1	2	1	1	1	2	2	2	1	1	1	2	1	1	2	2	1	1	1	2	1	1	1	2	1	1	1	1	1	1	2	1	1	1	2
123	1	2	2	2	2	1	2	1	1	1	2	2	1	1	1	1	1	1	1	1	2	1	2	1	1	1	1	1	1	2	1	1	1	1	1	1	1	1	1	1	1	1	2	2	2	1	2	1	2	2	1	2	2	1	1	1	2	2	1	1	1	1	1	1	1	1	1	2	1	1	1	2	2	1	1	1	1	2	1	1	2	2	1	1	1	2	1	1	1	1	1	1	1	1	1	1	1	1	1	1	2
124	1	2	1	2	2	1	2	2	1	1	1	2	1	1	1	1	1	1	1	1	2	1	2	1	1	1	1	1	1	1	1	1	1	1	1	1	1	1	1	1	1	1	2	1	2	1	2	1	2	1	1	2	1	1	1	1	1	2	1	1	1	1	1	1	1	1	1	1	1	1	1	2	2	1	1	1	1	2	1	1	2	2	2	2	1	2	1	2	1	1	1	1	1	1	1	1	1	2	1	1	2
124	1	1	1	2	2	1	1	1	1	1	1	2	1	1	1	1	1	1	1	1	2	1	1	1	1	1	2	1	1	1	1	1	1	1	1	1	1	1	1	1	1	1	2	1	1	1	2	1	2	1	1	2	1	1	1	1	1	2	1	1	1	1	1	1	1	1	2	1	1	1	1	2	2	1	1	1	1	2	1	1	2	2	1	1	1	1	2	2	1	2	1	1	1	1	1	1	1	1	1	1	2
124	1	2	1	2	2	1	1	1	1	1	1	2	1	1	1	1	1	1	1	1	2	1	2	1	1	1	1	1	1	1	1	1	1	1	1	1	1	1	1	1	1	1	2	1	2	1	2	1	2	2	1	2	1	1	1	1	2	2	1	1	1	1	1	1	2	1	1	1	1	1	1	2	2	1	1	1	1	1	1	1	2	2	1	1	1	1	1	2	1	1	1	1	1	1	1	1	1	1	1	1	2
