74	166	2	1
ACT_CAC_61.2
ACT_CAC_66.0
ACT_CAC_78.7
ACT_CAC_83.7
ACT_CAC_92.2
ACT_CAC_103.1
ACT_CAC_104.3
ACT_CAC_106.9
ACT_CAC_110.8
ACT_CAC_124.1
ACT_CAC_128.4
ACT_CAC_139.5
ACT_CAC_152.9
ACT_CAC_153.9
ACT_CAC_167.8
ACT_CAC_175.3
ACT_CAC_176.4
ACT_CAC_181.6
ACT_CAC_184.7
ACT_CAC_195.4
ACT_CAC_205.3
ACT_CAC_218.4
ACT_CAC_236.3
ACT_CAC_255.1
ACT_CAC_259.4
ACT_CAC_286.5
ACT_CAC_304.4
ACT_CAC_320.8
ACT_CAC_335.0
ACT_CAC_336.4
ACT_CAC_357.1
ACT_CAC_358.5
ACT_CAC_361.5
ATC_CAC_60.7
ATC_CAC_65.6
ATC_CAC_68.0
ATC_CAC_72.1
ATC_CAC_75.3
ATC_CAC_76.5
ATC_CAC_80.6
ATC_CAC_86.9
ATC_CAC_88.4
ATC_CAC_89.7
ATC_CAC_91.2
ATC_CAC_99.2
ATC_CAC_100.0
ATC_CAC_101.9
ATC_CAC_102.9
ATC_CAC_104.5
ATC_CAC_105.5
ATC_CAC_108.8
ATC_CAC_112.1
ATC_CAC_113.0
ATC_CAC_114.8
ATC_CAC_116.1
ATC_CAC_116.8
ATC_CAC_123.3
ATC_CAC_136.0
ATC_CAC_139.6
ATC_CAC_144.5
ATC_CAC_151.7
ATC_CAC_154.4
ATC_CAC_156.2
ATC_CAC_166.8
ATC_CAC_171.2
ATC_CAC_174.0
ATC_CAC_177.8
ATC_CAC_187.1
ATC_CAC_188.1
ATC_CAC_189.1
ATC_CAC_192.5
ATC_CAC_195.9
ATC_CAC_199.9
ATC_CAC_205.2
ATC_CAC_212.8
ATC_CAC_221.4
ATC_CAC_223.4
ATC_CAC_225.9
ATC_CAC_231.0
ATC_CAC_240.1
ATC_CAC_240.6
ATC_CAC_241.4
ATC_CAC_247.3
ATC_CAC_248.4
ATC_CAC_253.8
ATC_CAC_261.7
ATC_CAC_268.2
ATC_CAC_275.9
ATC_CAC_282.3
ATC_CAC_300.0
ATC_CAC_302.0
ATC_CAC_309.5
ATC_CAC_329.4
ATC_CAC_333.5
ATC_CAC_335.8
ATC_CAC_344.8
ATC_CAC_356.3
ATC_CAC_362.7
ATG_CTG_58.2
ATG_CTG_63.6
ATG_CTG_64.7
ATG_CTG_71.3
ATG_CTG_73.8
ATG_CTG_78.3
ATG_CTG_79.8
ATG_CTG_81.3
ATG_CTG_86.8
ATG_CTG_91.8
ATG_CTG_92.8
ATG_CTG_95.3
ATG_CTG_96.2
ATG_CTG_98.8
ATG_CTG_100.1
ATG_CTG_105.7
ATG_CTG_113.4
ATG_CTG_114.4
ATG_CTG_124.0
ATG_CTG_128.7
ATG_CTG_133.1
ATG_CTG_134.7
ATG_CTG_140.8
ATG_CTG_143.0
ATG_CTG_145.2
ATG_CTG_147.3
ATG_CTG_148.3
ATG_CTG_150.6
ATG_CTG_153.7
ATG_CTG_154.8
ATG_CTG_161.0
ATG_CTG_166.9
ATG_CTG_167.6
ATG_CTG_168.6
ATG_CTG_174.3
ATG_CTG_175.5
ATG_CTG_183.1
ATG_CTG_185.5
ATG_CTG_188.7
ATG_CTG_192.1
ATG_CTG_194.7
ATG_CTG_199.5
ATG_CTG_200.8
ATG_CTG_215.1
ATG_CTG_233.7
ATG_CTG_236.7
ATG_CTG_237.8
ATG_CTG_244.7
ATG_CTG_250.4
ATG_CTG_252.8
ATG_CTG_254.6
ATG_CTG_256.3
ATG_CTG_258.2
ATG_CTG_270.6
ATG_CTG_281.0
ATG_CTG_282.0
ATG_CTG_305.5
ATG_CTG_310.7
ATG_CTG_319.1
ATG_CTG_344.0
ATG_CTG_358.2
ATG_CTG_369.4
ATG_CTG_458.8
ATG_CTG_465.6
ATG_CTG_472.2
ATG_CTG_474.3
ATG_CTG_489.1
ATG_CTG_497.3
1	1	2	1	1	2	1	2	2	2	2	1	1	1	1	2	2	1	2	1	2	1	1	2	2	1	1	1	2	2	1	2	1	2	1	2	2	1	2	2	2	2	1	2	2	1	1	1	1	1	1	2	2	1	1	1	1	2	2	1	1	1	1	1	1	2	2	1	1	1	2	1	2	1	2	1	1	2	2	1	1	1	1	1	2	1	2	1	1	2	1	2	1	2	2	1	2	2	1	1	1	2	1	1	2	1	2	2	1	1	1	2	2	1	1	1	2	2	2	2	2	1	2	1	1	2	2	1	2	2	1	1	2	2	1	2	1	1	2	2	1	2	2	1	1	2	1	1	1	2	2	1	1	2	1	1	2	1	2	2	1	2	1	1	1	1	2
1	1	2	1	1	2	1	2	2	2	2	1	1	1	1	2	2	2	2	1	2	1	1	2	2	1	1	1	2	1	2	2	1	2	1	2	2	1	2	2	2	2	1	2	2	1	1	1	1	1	2	2	2	1	2	1	1	2	2	1	1	1	1	2	1	2	2	1	1	1	2	1	2	1	2	1	1	2	2	1	1	1	1	1	2	1	2	1	1	2	1	2	1	2	2	1	1	2	1	1	1	2	1	1	2	1	2	2	1	1	1	2	2	1	2	1	2	2	2	2	2	1	2	1	1	2	2	1	2	2	1	1	2	1	2	2	1	1	2	2	1	2	2	1	2	2	1	1	1	2	1	1	1	2	1	1	2	1	2	2	1	2	1	1	1	1	2
1	1	2	1	1	2	1	2	2	2	2	1	1	2	1	2	2	1	2	1	2	1	1	2	2	1	1	1	2	1	2	2	1	2	1	2	2	1	2	2	2	2	1	2	2	1	1	1	1	1	1	2	2	1	2	1	1	2	2	1	1	1	1	2	1	2	2	1	1	1	2	1	2	1	2	1	1	2	2	1	1	1	1	1	2	1	2	1	1	2	1	2	1	2	2	2	1	2	1	1	1	2	1	1	2	1	2	2	1	1	1	2	2	1	2	1	2	2	2	2	2	1	2	1	1	2	2	1	2	2	1	1	2	1	2	2	1	1	2	2	1	2	2	1	2	2	1	1	1	2	1	1	1	2	1	1	2	1	2	2	1	2	1	1	1	1	2
2	1	2	1	1	2	1	2	2	2	2	1	2	2	1	2	2	1	2	1	2	1	1	2	2	1	1	1	2	1	2	2	1	2	2	2	2	1	2	2	2	2	1	2	2	1	1	1	2	1	2	2	2	1	2	1	1	2	2	1	1	1	1	2	1	2	2	1	1	2	2	1	2	1	2	2	1	2	2	1	1	2	1	1	2	1	2	1	1	2	1	2	1	2	2	1	1	2	1	1	1	2	1	2	2	1	2	2	1	2	1	2	2	1	2	2	2	2	2	2	2	1	2	1	1	2	2	1	2	2	1	1	2	1	2	2	1	1	2	2	1	2	2	1	2	2	1	1	1	2	1	1	1	1	2	2	2	1	2	2	2	2	2	1	1	1	2
2	1	2	2	1	2	1	2	2	2	2	1	2	2	1	2	2	1	2	1	2	1	1	2	2	1	1	1	2	1	2	2	2	1	2	2	2	1	2	2	2	2	1	2	2	1	1	1	2	1	2	2	2	1	1	1	1	2	2	1	1	1	1	2	1	2	2	1	1	1	2	1	2	1	2	2	1	2	2	1	1	2	1	1	2	1	2	1	1	2	1	2	1	2	2	1	1	2	1	1	1	2	1	1	2	1	1	2	1	1	1	2	2	1	2	2	2	2	2	2	2	1	2	2	1	2	2	1	2	2	2	1	2	1	2	2	1	1	2	2	1	2	2	1	2	2	1	1	1	2	1	1	1	1	2	2	2	1	2	2	2	2	1	1	1	1	2
2	1	2	1	1	1	1	2	2	2	2	1	1	1	1	2	2	1	2	1	2	1	1	2	2	1	1	1	2	1	2	2	1	2	2	2	2	1	2	2	2	2	1	2	2	1	1	1	1	1	2	2	2	1	2	1	1	2	2	1	1	1	1	2	1	2	2	1	1	2	1	1	2	1	2	1	1	2	2	1	1	2	1	1	2	1	2	1	1	2	1	2	1	2	2	1	1	2	1	1	1	2	1	2	2	1	2	2	1	2	1	2	2	1	2	2	2	2	2	2	2	1	2	2	1	2	2	1	2	2	1	1	2	1	2	2	1	1	2	2	1	2	2	1	2	2	1	1	1	2	1	1	1	1	2	2	2	1	2	2	2	2	2	1	1	1	2
3	1	2	1	1	2	1	2	2	2	2	1	1	1	1	2	2	1	2	1	2	1	1	2	2	1	1	1	2	1	2	1	1	2	1	2	2	2	2	2	2	2	1	2	2	1	1	1	1	1	1	2	2	1	1	1	1	2	2	1	1	1	1	1	1	2	2	1	1	1	2	1	2	1	2	2	1	2	2	1	1	1	2	1	2	1	2	1	1	2	1	2	1	2	2	1	1	2	1	1	1	2	1	2	2	1	2	2	1	2	1	2	2	1	1	2	2	2	2	2	2	1	2	2	1	2	2	1	2	2	1	1	2	2	1	2	1	1	2	2	1	2	2	1	1	2	1	1	1	2	2	2	1	1	2	1	2	1	2	2	2	2	2	1	1	1	2
3	1	2	1	1	2	1	2	2	2	2	1	1	1	1	2	2	1	2	1	2	1	1	2	2	1	1	1	2	1	2	1	1	2	1	2	2	2	2	2	1	2	1	2	1	1	1	1	1	1	1	2	2	1	1	1	1	2	2	1	1	1	1	1	1	2	2	1	1	1	2	1	2	1	2	2	1	2	2	1	1	1	2	1	2	1	2	1	1	2	1	2	1	2	2	1	1	2	1	1	1	2	1	2	2	1	2	2	1	1	1	2	2	1	1	2	2	2	2	2	2	1	2	2	1	2	2	1	2	2	1	1	2	2	1	2	1	1	2	2	1	2	2	1	1	2	1	1	1	2	2	2	1	2	1	1	2	1	2	2	2	2	2	1	1	1	2
3	1	2	1	1	2	1	2	2	2	2	1	1	1	1	2	2	1	2	1	2	1	2	2	2	1	1	1	2	1	2	1	1	2	2	1	1	2	2	2	1	2	1	2	1	1	1	1	2	1	1	2	2	1	1	1	1	2	2	1	1	1	1	1	1	2	2	1	1	1	2	1	2	1	2	2	1	2	2	1	1	1	2	1	2	1	2	1	1	2	1	2	2	2	2	1	1	2	1	1	1	2	1	2	2	1	2	2	1	1	1	2	2	1	1	2	2	2	2	2	2	1	2	1	1	2	2	1	2	2	1	1	2	2	1	2	1	1	2	2	1	2	2	1	1	2	1	1	1	2	2	2	1	2	1	1	2	1	2	2	2	2	2	1	1	1	2
4	1	2	1	1	1	1	2	2	2	2	1	1	1	1	2	2	1	2	1	2	1	1	2	2	1	2	1	2	1	1	2	2	1	1	2	2	1	2	2	2	2	1	2	2	1	1	1	2	1	2	2	2	1	1	1	1	2	2	1	2	1	1	2	1	2	2	1	1	1	2	1	2	1	2	1	1	2	2	1	1	2	1	1	2	1	2	1	1	2	1	2	1	2	2	1	1	2	1	2	1	2	1	2	2	1	2	2	1	1	1	2	2	1	1	2	2	2	2	2	2	1	2	1	1	2	2	1	2	2	1	1	2	1	2	2	1	1	2	2	1	2	2	1	2	2	1	1	1	2	1	2	1	2	1	2	2	1	2	2	2	2	2	1	1	1	2
4	1	2	1	1	1	1	2	2	2	2	1	1	1	1	2	2	1	2	1	2	1	1	2	2	1	1	1	2	1	1	2	2	1	1	2	2	1	2	2	2	2	1	2	2	1	1	1	2	1	2	2	2	1	1	1	1	2	2	1	1	1	1	2	1	2	2	1	1	1	2	1	2	1	2	2	1	2	2	1	1	1	1	1	2	1	2	1	1	2	1	2	1	2	2	1	1	2	1	1	1	2	1	2	2	1	2	2	1	2	1	2	2	1	1	2	2	2	2	2	2	1	2	2	1	2	2	1	2	2	1	1	2	1	2	2	1	1	2	2	1	2	2	1	2	2	1	1	1	2	1	2	1	2	1	1	2	1	2	2	2	2	2	1	1	1	2
4	1	2	1	1	1	1	2	2	2	2	1	1	1	1	2	2	1	2	1	2	1	1	2	2	1	1	1	2	1	1	2	2	1	1	2	2	1	2	2	2	2	1	2	2	1	1	1	2	1	2	2	2	1	1	1	1	2	2	1	1	1	1	2	1	2	2	1	1	1	2	1	2	1	2	1	1	2	2	1	1	2	1	1	2	1	2	1	1	2	1	2	1	2	2	1	1	2	1	1	1	2	1	2	2	1	2	2	1	2	2	2	2	1	1	2	2	2	2	2	2	1	2	1	1	2	2	1	2	2	1	1	2	1	2	2	1	1	2	2	1	2	2	1	2	2	1	1	1	2	1	2	1	2	1	2	2	1	2	2	2	2	1	1	1	1	2
5	1	2	1	1	2	1	2	2	1	2	1	1	1	1	2	2	1	2	1	2	1	1	2	2	1	1	1	2	2	1	2	1	2	2	2	2	2	2	2	2	2	1	2	2	1	1	1	1	1	1	2	2	1	1	1	1	2	2	1	1	1	2	1	1	2	2	1	1	1	1	1	2	1	2	2	1	2	2	1	1	1	2	1	2	1	2	1	1	2	1	2	1	2	2	1	1	2	1	1	1	2	1	2	2	1	2	2	1	2	1	2	2	2	2	2	2	2	2	2	2	1	2	1	1	2	2	1	2	2	1	1	2	2	1	2	1	1	1	2	1	2	2	1	1	2	1	1	1	2	2	1	1	2	1	1	2	1	2	2	2	2	2	1	1	1	2
5	1	2	1	1	2	1	2	2	1	2	1	1	1	1	2	2	1	2	1	2	1	1	2	2	1	1	1	2	2	1	2	1	2	2	2	2	2	2	2	2	2	1	2	2	1	1	1	1	1	1	2	2	1	1	1	1	2	2	1	1	1	2	1	1	2	2	1	1	1	1	1	2	1	2	2	1	2	2	1	1	1	2	1	2	1	2	1	1	2	1	2	1	2	2	1	1	2	1	1	1	2	1	2	2	1	1	2	1	2	1	2	2	1	2	2	2	2	2	2	2	1	2	1	1	2	2	1	2	2	1	1	2	2	1	2	1	1	1	2	1	2	2	1	1	2	1	1	1	2	2	1	1	2	1	1	2	1	2	2	2	2	2	1	1	1	2
5	1	1	1	1	2	1	2	2	1	2	1	1	1	1	2	2	1	2	1	2	1	1	2	2	1	1	1	2	2	1	2	1	2	2	2	2	2	2	2	2	2	1	2	2	1	1	1	1	1	1	2	2	1	1	1	1	2	2	1	1	1	2	1	1	2	2	1	1	1	1	1	2	1	2	2	1	2	2	1	1	1	2	1	2	1	2	1	1	2	1	2	1	2	2	1	1	2	1	1	1	2	1	2	2	2	1	2	1	2	1	2	2	2	2	2	2	2	2	2	2	1	2	1	1	2	2	1	2	2	1	1	2	2	1	2	1	1	1	2	1	2	2	1	1	2	1	1	1	2	2	1	1	2	1	1	2	1	2	2	2	2	2	1	1	1	2
6	1	2	1	1	2	1	2	2	2	2	1	1	1	1	2	2	1	2	1	2	1	1	2	2	1	1	1	2	1	2	2	1	2	2	2	2	1	2	2	2	2	1	2	2	1	1	1	1	1	1	2	1	2	1	1	1	2	2	1	1	1	1	1	1	2	2	1	1	1	2	1	2	1	2	2	1	2	2	1	1	2	1	1	2	1	2	1	1	2	1	2	1	2	2	1	1	2	1	1	1	2	1	1	2	1	1	2	1	1	1	2	2	1	2	2	2	2	2	2	2	1	2	1	1	2	2	1	2	2	1	1	2	2	1	2	1	1	2	2	1	2	2	1	1	2	1	1	1	2	2	2	1	2	1	1	2	1	2	2	1	2	1	1	1	2	2
6	1	2	1	1	2	1	2	2	2	2	1	1	1	1	2	2	1	2	1	2	1	1	2	2	1	1	1	2	2	2	2	1	2	2	2	2	2	2	2	2	2	1	2	2	1	1	1	1	1	2	2	2	1	2	1	1	2	2	1	1	1	1	2	1	2	2	1	1	1	2	1	2	1	2	2	1	2	2	1	1	1	2	1	2	1	2	1	1	2	1	2	1	2	2	1	1	2	1	1	1	2	1	1	2	1	2	2	1	2	2	2	2	2	2	2	2	2	2	2	2	1	2	1	1	2	2	1	2	2	1	1	2	1	2	2	1	1	2	2	1	2	2	1	2	2	1	1	1	2	1	2	1	2	1	2	2	1	2	2	2	2	1	1	1	2	2
6	1	2	1	1	2	1	2	2	1	2	1	1	1	1	2	2	1	2	1	2	1	1	2	2	1	1	1	2	1	2	2	1	2	2	2	2	2	2	2	2	2	1	2	2	1	1	1	1	1	2	2	2	1	2	1	1	2	2	1	1	1	1	2	1	2	2	1	2	1	1	1	2	1	2	2	1	2	2	1	1	2	1	1	2	1	2	1	1	2	1	2	1	2	2	1	1	2	1	1	1	2	1	1	2	2	1	2	1	1	2	2	2	1	2	2	2	2	2	2	2	1	2	1	1	2	2	1	2	2	1	1	2	1	2	2	1	1	2	2	1	2	2	1	2	2	1	1	1	2	1	2	1	2	1	2	2	1	2	2	2	2	1	1	1	1	2
7	1	2	1	1	1	1	2	2	1	2	1	1	1	1	2	2	1	2	1	2	1	1	2	2	2	1	2	2	1	2	2	2	1	2	2	2	2	2	2	2	2	1	2	2	1	1	1	2	1	2	2	2	1	2	1	1	2	2	1	1	1	1	2	1	2	2	1	2	1	1	1	2	1	2	2	1	2	2	1	1	2	1	1	2	1	2	1	1	2	1	2	1	2	2	1	1	2	1	1	1	2	1	2	2	1	2	2	1	2	1	2	2	1	2	2	2	2	2	2	2	1	2	1	1	2	2	1	2	2	1	1	2	1	2	2	1	1	2	2	1	2	2	1	2	2	1	1	1	2	1	2	1	2	1	2	2	1	2	2	2	2	1	1	1	1	2
7	1	2	1	1	2	1	2	2	1	2	1	1	1	1	2	2	1	2	1	2	1	1	2	2	2	1	1	2	1	2	2	1	2	2	2	2	1	2	2	2	2	1	2	2	1	1	1	1	1	2	2	2	1	2	1	1	2	2	1	1	1	1	2	1	2	2	2	2	1	1	1	2	1	2	2	1	2	2	1	1	2	1	1	2	1	2	1	1	2	1	2	1	2	2	1	2	2	1	1	1	2	1	1	2	2	2	2	1	2	2	2	2	1	2	2	2	2	2	2	2	1	2	2	1	2	2	1	2	2	1	1	2	1	2	2	1	1	2	2	1	2	2	1	2	2	1	1	1	2	1	2	1	2	1	1	2	1	2	2	2	2	1	1	1	1	2
7	2	2	1	1	1	1	2	2	1	2	1	1	1	1	2	2	1	2	1	2	1	1	2	2	2	1	1	2	1	2	2	1	2	2	2	2	2	2	2	2	2	1	2	2	1	1	1	2	1	2	2	2	1	2	1	1	2	2	1	1	1	1	2	1	2	2	2	2	1	1	1	2	1	2	2	1	2	2	1	1	2	1	1	2	1	2	1	1	2	1	2	1	2	2	1	2	2	1	1	1	2	1	1	2	1	2	2	1	1	1	2	2	1	2	2	2	2	2	2	2	1	2	1	1	2	2	1	2	2	1	1	2	1	2	2	1	1	2	2	1	2	2	1	2	2	1	1	1	2	1	2	1	1	2	1	2	1	2	2	2	2	1	1	1	1	2
8	1	1	1	1	2	1	2	2	1	2	1	1	1	1	2	2	1	2	1	2	1	1	2	2	2	1	1	2	1	2	2	1	2	1	2	2	2	2	2	2	2	1	2	2	1	1	2	1	1	2	2	1	2	2	1	1	2	2	1	2	1	1	2	1	2	2	1	1	1	2	1	2	1	2	2	1	2	1	1	1	1	2	1	2	1	2	1	1	2	1	2	1	2	2	1	2	2	2	1	2	2	1	2	2	1	1	2	1	2	1	2	2	2	1	1	2	2	2	2	2	1	1	1	1	2	2	1	2	2	1	1	2	1	2	2	1	1	1	2	1	2	2	1	2	2	1	1	1	2	1	2	1	2	2	1	2	1	2	1	2	2	1	1	1	1	2
8	1	1	1	1	2	1	2	2	1	2	1	1	1	1	2	2	1	2	1	2	1	1	2	2	1	1	1	2	1	2	2	1	2	1	2	2	2	2	2	2	2	1	2	2	1	1	1	1	1	2	2	1	2	2	1	1	2	2	1	2	1	2	2	1	2	2	1	1	1	1	1	2	1	2	2	1	2	1	1	1	1	2	1	1	1	2	1	1	2	1	2	1	2	2	1	2	2	2	2	2	2	1	2	2	1	1	2	1	2	1	2	2	2	2	1	2	2	2	2	2	1	2	1	1	2	2	1	2	2	1	1	2	1	2	2	1	1	1	2	1	2	2	1	2	2	1	1	1	2	1	2	1	2	1	1	2	1	2	1	1	2	1	1	1	1	2
8	1	1	1	1	2	1	2	2	1	2	1	1	1	1	2	2	1	2	1	2	1	1	2	2	1	1	1	2	1	2	2	1	2	1	2	2	2	2	2	2	2	1	2	2	1	1	1	1	1	2	2	1	2	2	1	1	2	2	1	2	1	2	2	1	2	2	1	1	1	1	1	2	1	2	2	1	2	1	1	1	1	2	1	1	1	2	1	1	2	1	2	1	2	2	1	2	2	2	2	2	2	1	2	2	1	1	2	1	2	1	2	2	2	2	1	2	2	2	2	2	1	2	1	1	2	2	1	2	2	1	1	2	1	2	2	1	1	1	2	1	2	2	1	2	2	1	1	1	2	1	2	1	2	1	1	2	1	2	1	1	2	1	1	1	1	2
9	1	1	1	1	2	1	2	2	1	2	1	1	1	1	2	2	1	2	1	2	1	1	2	2	2	1	1	2	2	1	2	1	2	2	2	2	1	2	2	2	2	1	2	2	1	1	1	1	1	2	2	1	1	2	1	1	2	2	1	2	1	2	2	1	2	2	1	1	1	1	1	2	1	2	2	1	2	1	1	1	1	2	1	2	1	2	2	1	2	1	2	1	2	2	1	2	2	2	2	1	2	1	2	2	1	1	2	1	2	1	2	2	1	1	1	2	2	2	2	2	1	2	1	1	2	2	1	2	1	1	1	2	1	2	2	1	1	2	2	1	2	2	1	2	2	1	1	1	2	1	2	1	2	1	1	2	1	2	1	2	2	2	1	1	1	2
9	1	1	1	1	2	1	2	2	1	2	1	1	1	1	2	2	1	2	1	2	1	1	2	2	2	1	1	2	2	1	2	1	2	2	2	2	1	2	2	2	2	1	2	2	1	1	1	1	1	2	2	1	1	2	1	1	2	2	1	2	1	1	2	1	2	2	1	1	1	2	1	2	1	2	2	1	2	1	1	1	1	2	1	2	1	2	2	1	2	1	2	1	2	2	1	2	2	2	2	1	2	1	2	2	1	1	2	1	2	1	2	2	2	2	1	2	2	2	2	2	1	2	1	1	2	2	1	2	1	1	1	2	1	2	2	1	1	2	2	1	2	2	1	2	2	1	1	1	2	1	2	1	2	1	1	2	1	2	1	2	2	2	1	1	1	2
9	1	1	1	1	2	1	2	2	1	2	1	1	1	1	2	2	1	2	1	2	1	1	2	2	2	1	1	2	2	1	2	1	2	2	2	2	1	2	2	2	2	1	2	2	1	1	1	1	2	2	2	1	1	2	1	1	2	2	1	2	1	1	2	1	2	2	1	1	1	2	1	2	1	2	2	1	2	1	1	1	1	2	1	2	1	2	2	1	2	1	2	1	2	2	1	2	2	2	2	1	2	1	2	2	1	1	2	1	2	1	2	2	2	2	1	2	2	2	2	2	1	2	1	1	2	2	1	2	1	1	1	2	1	2	2	1	1	2	2	1	2	2	1	2	2	1	1	1	2	1	2	1	2	1	1	2	1	2	1	2	2	2	1	1	1	2
10	1	1	2	1	2	1	2	2	2	2	1	1	1	1	2	2	1	2	1	2	1	1	2	2	1	1	1	2	1	2	2	1	2	2	2	2	1	2	2	2	2	1	2	2	1	1	1	1	1	1	2	2	2	2	1	1	2	2	1	1	1	2	2	1	2	2	1	1	1	2	1	2	1	2	2	1	2	2	1	1	1	2	1	2	1	2	1	1	2	1	2	1	2	2	1	2	2	1	1	1	2	1	2	2	2	1	2	1	2	1	2	2	2	1	2	2	2	2	2	2	1	2	1	1	2	2	1	2	2	1	1	2	1	2	2	1	1	2	2	1	2	2	1	2	2	1	1	1	2	1	2	1	2	2	1	2	1	2	2	2	2	1	1	1	1	2
10	1	1	2	1	2	1	2	2	2	2	1	1	1	1	2	2	1	2	1	2	1	1	2	2	1	1	1	2	1	2	2	1	2	2	2	2	2	2	2	2	2	1	2	2	1	1	1	1	1	2	2	1	2	2	1	1	2	2	1	1	1	2	2	1	2	2	1	1	1	2	1	2	1	2	2	1	2	2	1	1	1	2	1	2	1	2	1	1	2	1	2	2	2	2	1	1	2	1	1	1	2	1	2	2	2	1	2	1	2	1	2	2	2	1	2	2	2	2	2	2	1	2	1	1	2	2	1	2	2	1	1	2	1	2	2	1	1	1	2	1	2	2	1	2	2	1	1	1	2	1	2	1	2	2	1	2	1	2	2	2	2	1	1	1	1	2
10	1	1	1	1	2	1	2	2	1	2	1	1	1	1	2	2	1	2	1	2	1	1	2	2	1	1	1	2	1	2	2	2	1	2	2	2	2	2	2	2	2	1	2	2	1	1	1	1	1	2	2	1	2	2	1	1	2	2	1	1	1	2	2	1	2	2	1	1	1	2	1	2	1	2	2	1	2	2	1	1	1	2	1	2	1	2	1	1	2	1	2	1	2	2	1	1	2	1	1	1	2	1	2	2	2	1	2	1	2	1	2	2	2	1	2	2	2	2	2	2	1	2	1	1	2	2	1	2	2	1	1	2	1	2	2	1	1	1	2	1	2	2	1	2	2	1	1	1	2	1	2	1	2	2	1	2	1	2	2	2	2	1	1	1	1	2
11	1	2	1	1	2	1	2	2	2	2	1	1	1	1	2	2	1	2	1	2	1	1	2	2	1	1	1	2	2	1	2	1	2	2	2	2	2	2	2	2	2	1	2	2	1	1	1	2	1	1	2	2	1	1	1	1	2	2	1	2	1	2	1	1	2	2	1	1	1	1	1	2	1	2	2	1	2	2	1	1	1	2	1	1	1	2	1	1	2	1	2	1	2	2	1	2	2	1	2	1	2	1	2	2	1	2	2	1	1	1	2	2	1	1	1	2	2	2	2	2	1	2	1	1	2	2	1	2	1	1	1	2	2	1	2	1	1	1	2	1	2	2	1	1	2	1	1	1	2	2	2	1	2	1	2	2	1	2	1	2	2	1	1	1	1	2
11	1	1	1	1	2	1	2	2	2	2	1	1	1	1	1	2	1	2	1	2	1	1	2	1	1	1	1	2	2	1	2	1	2	1	2	2	1	2	2	2	2	1	1	2	1	1	1	2	1	1	2	2	1	1	1	1	2	2	1	1	1	2	1	1	1	2	1	1	1	1	1	2	1	2	2	1	1	2	1	1	1	2	1	2	1	2	1	1	2	1	2	1	2	2	1	2	1	1	1	1	1	1	2	2	1	2	2	1	1	1	2	2	1	1	1	2	2	2	2	2	1	2	1	1	1	2	1	2	1	1	1	1	2	1	2	1	1	1	2	1	2	2	1	1	2	1	1	1	2	2	2	1	2	1	1	2	1	2	1	2	2	2	1	1	1	2
11	1	1	1	1	2	1	2	2	2	2	1	1	2	1	2	2	1	2	1	2	1	1	2	2	1	1	1	2	2	1	2	1	2	1	2	2	2	2	2	2	2	1	2	2	1	1	1	2	1	2	2	2	1	1	1	1	2	2	1	1	1	2	1	1	2	2	1	1	1	1	1	2	1	2	2	1	2	2	1	1	1	1	1	2	1	2	1	1	2	1	2	1	2	2	1	2	2	1	1	1	2	1	2	2	1	2	2	1	1	1	2	2	1	2	1	2	2	2	2	2	1	2	1	1	2	2	1	2	1	1	1	2	2	1	2	1	1	2	2	1	2	2	1	1	2	1	1	1	2	2	2	1	2	1	2	2	1	2	1	2	2	2	1	1	1	2
12	1	2	1	1	2	1	2	2	2	2	1	1	1	1	2	2	1	2	1	2	1	1	2	2	1	1	1	2	1	2	2	1	2	1	2	2	2	2	2	1	2	1	2	2	1	1	1	1	1	1	2	2	1	1	1	1	2	2	1	1	1	2	1	1	2	2	1	1	1	1	1	2	1	2	2	1	2	2	1	2	1	1	1	2	1	2	1	1	2	1	2	1	2	2	1	2	2	1	1	1	2	1	2	2	1	2	2	1	2	2	2	2	1	2	2	2	2	2	2	2	1	2	2	1	2	2	1	2	2	1	1	2	2	1	2	1	1	2	2	1	2	2	1	1	2	1	1	1	2	2	2	1	2	1	2	2	1	2	2	2	2	1	1	1	1	2
12	1	2	1	1	2	1	2	2	2	2	1	1	2	1	2	2	1	2	1	2	1	1	2	2	1	1	1	2	2	2	2	1	2	1	2	2	2	2	2	2	2	1	2	2	1	1	1	1	1	1	2	2	1	1	1	1	2	2	1	1	1	1	1	1	2	2	1	2	1	1	1	2	1	2	2	1	2	2	1	1	1	1	1	1	1	2	1	1	2	1	2	1	2	2	2	2	2	1	1	1	2	1	2	2	1	2	2	1	2	2	2	2	1	1	2	2	2	2	2	2	1	2	2	1	2	2	1	2	2	1	1	2	2	1	2	1	1	2	2	1	2	2	1	1	2	1	1	1	2	2	2	1	2	1	2	2	1	2	2	2	2	1	1	1	1	2
12	1	1	1	1	2	1	2	2	2	2	1	1	2	1	2	2	1	2	1	2	1	1	2	2	1	1	1	2	1	2	2	1	2	1	2	2	2	2	2	2	2	1	2	2	1	1	1	1	1	2	2	2	1	2	1	1	2	2	1	1	1	2	2	1	2	2	1	2	1	1	1	2	1	2	2	1	2	2	1	1	1	1	1	1	1	2	1	1	2	1	2	1	2	2	2	2	2	1	1	1	2	1	2	2	1	2	2	1	1	2	2	2	1	1	2	2	2	2	2	2	1	2	1	1	2	2	1	2	2	1	1	2	1	2	2	1	1	2	2	1	2	2	1	2	2	1	1	1	2	1	2	1	2	1	2	2	1	2	2	2	2	1	1	1	1	2
13	1	2	1	1	2	1	2	2	2	2	1	1	2	1	2	2	1	2	1	2	1	1	2	2	1	1	2	2	2	1	2	1	2	2	2	2	2	2	2	2	2	1	2	2	1	1	1	2	1	1	2	2	2	2	1	1	2	2	1	1	1	1	2	1	2	2	1	2	1	1	1	2	1	2	2	1	2	2	1	1	2	1	1	2	1	2	1	1	2	1	2	1	2	2	2	1	2	1	1	1	2	1	2	2	1	2	2	1	2	2	2	2	1	1	2	2	2	2	2	2	1	2	1	1	2	2	1	2	2	1	1	2	2	2	2	1	1	2	2	1	2	2	1	2	2	1	1	1	2	2	2	1	2	1	2	2	1	2	2	2	2	1	1	1	2	2
13	1	2	1	1	2	1	2	2	2	2	1	1	1	1	2	2	1	2	1	2	1	1	2	2	1	1	2	2	2	1	2	1	2	2	2	2	2	2	2	2	2	1	2	2	1	1	1	2	1	2	2	1	2	2	1	1	2	2	1	1	1	1	2	1	2	2	1	2	1	1	1	2	1	2	2	1	2	2	1	1	2	1	1	2	1	2	1	1	2	1	2	1	2	2	2	1	2	1	1	1	2	1	2	2	1	2	2	1	2	1	2	2	1	1	2	2	2	2	2	2	1	2	1	1	2	2	1	2	2	1	1	2	1	2	2	1	1	2	2	1	2	2	1	2	2	1	1	1	2	1	2	1	2	1	2	2	1	2	2	2	2	1	1	1	2	2
13	1	2	1	1	2	1	2	2	2	2	1	1	1	1	2	2	1	2	1	2	1	1	2	2	1	1	2	2	2	1	2	1	2	2	2	2	2	2	2	2	2	1	2	2	1	1	1	2	1	2	2	1	2	2	1	1	2	2	1	1	1	1	2	1	2	2	1	2	1	1	1	2	1	2	2	1	2	2	1	1	2	1	1	2	1	2	1	1	2	1	2	1	2	2	1	1	2	1	1	1	2	1	2	2	1	2	2	1	2	1	2	2	1	1	2	2	2	2	2	2	1	2	1	1	2	2	1	2	2	1	1	2	1	2	2	1	1	2	2	1	2	2	1	2	2	1	1	1	2	1	2	1	2	1	2	2	1	2	2	2	2	1	1	1	2	2
14	1	1	1	1	2	1	2	2	2	2	1	1	1	1	2	2	1	2	1	2	1	1	2	2	1	1	1	2	2	1	2	1	2	2	2	2	2	2	2	2	2	1	2	2	1	1	1	1	1	2	2	2	1	1	1	1	2	2	1	1	1	1	2	1	2	2	1	1	1	2	1	2	1	2	2	1	2	2	1	1	2	1	1	2	1	2	1	1	2	1	2	1	2	2	1	1	2	1	1	1	2	1	1	2	1	2	2	1	1	2	2	2	1	1	1	2	2	2	2	2	1	2	1	1	2	2	1	2	2	1	1	2	1	2	2	1	1	2	2	1	2	2	1	2	2	1	1	1	2	1	2	1	2	1	1	2	1	2	2	2	2	2	1	1	2	2
14	1	2	1	1	2	1	2	2	2	2	1	1	1	1	2	2	1	2	1	2	1	1	2	2	1	1	1	2	1	2	2	2	1	2	2	2	2	2	2	2	2	1	2	2	1	1	1	1	1	2	2	2	1	2	1	1	2	2	1	1	1	1	2	1	2	2	1	2	1	1	1	2	1	2	2	1	2	2	1	1	2	1	1	2	1	2	1	1	2	1	2	1	2	2	1	1	2	1	1	1	2	1	1	2	1	2	2	1	1	1	2	2	1	1	1	2	2	2	2	2	1	2	2	1	2	2	1	2	2	1	1	2	1	2	2	1	1	2	2	1	2	2	1	2	2	1	1	1	2	1	2	1	1	2	1	2	1	2	2	2	2	2	1	1	1	2
14	1	2	1	1	2	1	2	2	2	2	1	1	1	1	2	2	1	2	1	2	1	1	2	2	1	1	1	2	1	2	2	2	1	2	2	2	1	2	2	2	2	1	2	2	1	1	1	1	1	2	2	2	1	2	1	1	2	2	1	1	1	1	2	1	2	2	1	2	1	1	1	2	1	2	1	1	2	2	1	1	1	2	1	2	1	2	1	1	2	1	2	1	2	2	1	1	2	1	1	1	2	1	1	2	1	2	2	1	1	1	2	2	1	1	2	2	2	2	2	2	1	2	2	1	2	2	1	2	2	1	1	2	1	1	2	1	1	2	2	1	2	2	1	2	2	1	1	1	2	1	2	1	1	2	2	2	1	2	2	2	2	1	1	1	2	2
15	1	1	1	1	2	1	2	2	2	2	1	2	1	1	2	2	1	2	1	1	1	1	2	2	2	1	1	2	1	2	2	1	2	2	2	2	2	2	2	2	2	1	2	2	1	1	1	1	1	2	2	2	1	2	1	1	2	2	1	2	1	1	2	1	2	2	1	1	1	2	1	2	1	2	2	1	2	1	1	1	1	2	1	2	1	2	2	1	2	1	2	1	2	2	1	2	2	2	2	2	2	1	2	2	2	1	2	1	2	1	2	2	2	2	1	2	2	2	2	2	1	2	2	1	2	2	1	2	2	1	1	2	1	2	2	1	1	1	2	1	2	2	1	2	2	1	1	1	2	1	2	1	2	1	1	2	1	2	1	2	2	1	1	1	1	2
15	1	1	1	1	2	2	1	2	1	2	1	2	1	1	2	2	1	2	1	2	1	1	2	2	2	1	1	2	2	1	2	1	2	2	2	2	2	2	2	2	2	1	2	2	1	1	1	1	1	2	2	2	1	2	1	1	2	2	1	2	1	1	2	1	2	2	1	2	1	1	1	2	1	2	2	1	2	1	1	1	1	2	1	2	1	2	1	1	2	1	2	1	2	2	1	1	2	2	2	2	2	1	2	2	2	1	2	1	2	1	2	2	2	2	1	2	2	2	2	2	1	2	1	1	2	2	1	2	2	1	1	2	1	2	2	1	1	1	2	1	2	2	1	2	2	1	1	1	2	1	2	1	2	1	1	2	1	2	1	2	2	2	1	1	1	2
15	1	1	1	1	2	2	1	2	1	2	1	1	1	1	2	1	1	2	1	2	1	1	2	2	1	1	1	2	2	1	2	1	2	2	2	2	2	2	2	2	2	1	2	2	1	1	1	1	1	2	2	2	1	2	1	1	2	2	1	2	1	2	2	1	2	2	1	1	1	1	1	2	1	2	2	1	2	1	2	1	1	2	1	1	1	2	1	1	2	1	2	1	2	2	1	2	2	2	1	2	2	2	2	2	1	1	2	1	2	1	2	2	2	1	1	2	2	2	2	2	1	2	1	2	1	2	1	2	2	1	1	2	1	2	2	1	1	1	2	1	2	2	1	2	2	1	1	1	2	1	2	1	1	1	1	2	1	2	1	2	1	2	1	1	1	1
16	1	1	1	1	1	1	2	2	1	2	1	1	1	1	2	2	1	2	1	2	1	1	2	2	1	1	1	2	2	1	2	1	2	2	2	2	2	2	2	2	2	1	2	2	1	1	2	1	1	2	2	2	1	2	1	1	2	2	1	2	1	2	2	1	2	2	1	1	1	1	1	2	1	2	2	1	2	1	1	1	2	1	1	1	1	2	1	1	2	1	2	1	2	2	1	2	2	2	1	2	2	1	1	2	1	1	2	1	2	1	2	2	2	1	1	2	2	2	2	2	1	2	1	1	2	2	1	2	2	1	1	2	1	2	2	1	1	1	2	1	2	2	1	2	2	1	1	1	2	1	2	1	2	1	1	2	1	2	1	1	2	1	1	1	1	2
16	1	1	1	1	2	1	2	2	1	2	1	1	1	1	2	2	1	2	1	2	1	1	2	2	2	1	1	2	2	1	2	1	2	2	2	2	2	2	2	2	2	1	2	2	1	1	2	1	1	2	2	2	1	2	1	1	2	2	1	2	1	2	2	1	2	2	1	1	1	1	1	2	1	2	2	1	2	1	1	1	1	2	1	2	1	2	1	1	2	1	2	1	2	2	1	1	2	2	1	1	2	1	2	2	1	1	2	1	2	1	2	2	2	1	1	2	2	2	2	2	1	2	2	1	2	2	1	2	2	1	1	2	1	2	2	1	1	1	2	1	2	2	1	2	2	1	1	1	2	1	2	1	1	2	1	2	1	2	1	1	2	1	1	1	1	2
16	1	2	1	1	2	1	2	2	1	2	1	1	1	1	2	2	1	2	1	2	1	1	2	2	2	1	1	2	1	2	2	1	2	1	2	2	2	2	2	2	2	1	2	2	1	1	2	1	1	2	1	2	1	2	1	1	2	2	1	2	1	2	2	1	2	2	1	1	1	1	1	2	1	2	2	1	2	1	1	1	1	2	1	2	1	2	1	1	2	1	2	1	2	2	1	2	2	2	1	1	2	1	2	2	1	1	2	1	2	1	2	2	2	1	1	2	2	2	2	2	1	2	2	1	2	2	1	2	2	1	1	2	1	2	2	1	1	1	2	1	2	2	1	2	2	1	1	1	2	1	2	1	1	2	1	2	1	2	1	2	2	1	1	1	1	2
17	1	1	1	1	2	1	2	2	2	2	1	1	1	1	2	2	1	2	1	2	1	1	2	2	1	1	1	1	1	2	2	2	1	1	2	2	2	2	2	2	2	1	2	2	1	1	1	2	1	1	2	2	1	1	1	1	2	2	1	1	1	2	1	2	2	2	2	2	1	1	1	2	1	2	2	2	2	2	1	1	1	2	1	2	1	2	1	1	2	1	2	1	2	2	1	2	2	1	2	1	2	1	2	2	1	2	2	1	1	1	2	2	2	1	1	2	2	2	2	2	1	2	2	1	2	2	1	2	2	1	1	2	2	1	2	1	1	2	2	1	2	2	1	2	2	1	1	1	2	2	2	1	2	2	1	2	1	2	1	2	2	1	1	1	1	2
17	1	1	1	1	2	1	2	2	1	2	1	1	1	1	2	2	1	2	1	2	1	1	2	2	1	1	1	2	1	2	2	2	1	1	2	2	2	2	2	2	2	1	2	2	1	1	1	2	1	2	2	2	1	1	1	1	2	2	1	1	1	2	1	1	2	2	1	1	1	1	1	2	1	2	2	1	2	2	1	1	2	1	1	2	1	2	1	1	2	1	2	1	2	2	1	2	2	1	2	1	2	1	2	2	1	2	2	1	1	1	2	2	2	1	1	2	2	2	2	2	1	2	1	1	2	2	1	2	2	1	1	2	1	1	2	1	1	2	2	1	2	2	1	2	2	1	1	1	2	1	2	1	2	2	1	2	1	2	1	2	2	1	1	1	1	2
17	1	1	1	1	2	1	2	2	2	2	1	1	1	1	2	1	1	2	1	2	1	1	2	2	1	1	1	2	1	2	2	2	1	1	2	2	2	2	2	2	2	1	2	2	1	1	1	2	1	2	2	2	1	1	1	1	2	2	1	1	1	2	1	1	2	2	1	1	1	1	1	2	1	2	2	1	2	2	1	1	1	2	1	2	1	2	2	1	2	1	2	1	2	2	1	2	2	1	2	1	2	1	2	2	1	2	2	1	1	1	2	2	2	1	1	2	2	2	2	2	1	2	2	1	2	2	1	2	2	1	1	2	1	1	2	1	1	2	2	1	2	2	1	2	2	1	1	1	2	1	2	1	2	2	1	2	1	2	1	2	2	1	1	1	1	2
18	1	1	1	1	2	1	2	2	2	2	1	1	1	1	2	2	1	2	1	2	1	1	2	2	1	1	1	2	1	2	2	1	2	1	2	2	2	2	2	2	2	1	2	2	1	1	1	2	1	2	2	2	1	1	1	1	2	2	1	1	1	2	2	1	2	2	1	1	1	1	1	2	1	2	2	1	2	2	1	2	1	1	1	2	1	2	1	1	2	1	2	1	2	2	1	2	2	1	1	1	2	1	2	2	1	2	2	1	1	1	2	2	1	1	2	2	2	2	2	2	1	2	1	1	2	2	1	2	2	1	1	2	1	2	2	1	1	2	2	1	2	2	1	1	2	1	1	1	2	1	2	1	2	2	2	2	1	2	2	2	2	1	1	1	1	2
18	1	2	1	1	2	1	2	2	2	2	1	1	1	1	2	2	1	2	1	2	1	1	2	2	1	1	1	2	2	2	2	1	2	2	2	2	2	2	2	2	2	1	2	2	1	1	1	1	1	2	2	1	2	1	1	1	2	2	1	1	1	2	2	1	2	2	1	1	1	2	1	2	1	2	2	1	2	2	1	1	2	1	1	2	1	2	1	1	2	1	2	1	2	2	2	1	2	1	1	1	2	1	2	2	1	2	2	1	1	2	2	2	2	1	2	2	2	2	2	2	1	2	1	1	2	2	1	2	2	1	1	2	1	2	2	1	1	2	2	1	2	2	1	2	2	1	1	1	2	1	2	1	2	2	2	2	1	2	2	2	2	2	1	1	1	2
18	1	1	1	1	2	1	2	2	1	2	1	1	1	1	2	2	1	2	1	2	1	1	2	2	1	1	1	2	2	1	2	1	2	1	2	2	2	2	2	2	2	1	2	2	1	1	1	2	1	2	2	2	1	1	1	1	2	2	1	1	1	2	2	1	2	2	1	1	1	1	1	2	1	2	2	1	2	2	1	1	1	1	1	2	1	2	1	1	2	1	2	1	2	2	1	2	2	1	1	1	2	1	2	2	1	2	2	1	1	1	2	2	1	1	2	2	2	2	2	2	1	2	1	1	2	2	1	2	2	1	1	2	1	2	2	1	1	2	2	1	2	2	1	1	2	1	1	1	2	1	2	1	1	2	1	2	1	2	2	2	2	2	1	1	1	2
19	1	2	1	1	2	1	1	2	1	2	1	1	1	1	2	2	1	2	1	1	1	1	2	2	1	1	1	2	2	1	2	1	2	2	2	2	1	2	2	2	2	1	2	2	1	1	1	1	1	2	2	1	2	2	1	1	2	2	1	1	1	1	2	1	2	2	1	1	1	2	1	2	1	2	2	1	2	2	1	1	2	1	1	2	1	2	1	1	2	1	2	1	2	2	1	2	2	1	1	1	2	1	1	2	1	2	2	1	2	2	2	2	1	1	2	2	2	2	2	2	1	2	2	1	2	2	1	2	2	1	1	2	1	2	2	1	1	1	2	1	2	2	1	2	2	1	1	1	2	1	2	1	2	1	2	2	1	2	2	1	2	1	1	1	1	2
19	1	2	1	1	2	1	1	2	1	2	1	1	2	1	2	2	1	2	1	2	1	1	2	2	1	1	1	2	2	1	2	1	2	2	2	2	2	2	2	2	2	1	2	2	1	1	1	1	1	2	2	2	1	2	1	1	2	2	1	1	1	1	2	1	2	2	1	1	1	2	1	2	1	2	2	1	2	2	1	1	2	1	1	2	1	2	1	1	2	1	2	1	2	2	2	2	2	1	1	1	2	1	1	2	1	2	2	1	2	2	2	2	1	1	2	2	2	2	2	2	1	2	2	1	2	2	1	2	2	1	1	2	1	2	2	1	1	1	2	1	2	2	1	2	2	1	1	1	2	1	2	1	2	1	2	2	1	2	2	1	2	1	1	1	2	2
19	1	2	1	1	2	1	2	2	1	2	1	1	1	1	2	2	1	2	1	1	1	1	2	2	1	1	1	2	2	1	2	1	2	2	1	1	1	2	2	2	2	1	2	2	1	1	1	2	1	2	2	1	2	2	1	1	2	2	1	1	1	2	2	1	2	2	1	1	1	2	1	2	1	2	2	1	2	2	1	1	2	1	1	1	1	2	1	1	2	1	2	1	2	2	1	2	2	1	1	1	2	1	1	2	2	2	2	1	2	2	2	2	1	1	1	2	2	2	2	2	1	2	2	1	2	2	1	2	1	1	1	2	1	2	2	1	1	1	2	1	2	2	1	2	2	1	1	1	2	1	2	1	1	1	1	2	1	2	1	2	2	1	1	1	2	2
20	1	2	1	1	2	1	2	2	2	2	1	1	1	1	2	2	1	2	1	2	1	1	2	2	1	1	1	2	2	1	2	1	2	2	2	2	1	2	2	2	2	1	2	2	1	1	1	1	1	2	2	1	2	2	1	1	2	2	1	1	1	1	2	1	2	2	1	2	1	1	1	2	1	2	2	1	2	2	1	1	2	1	1	2	1	2	1	1	2	1	2	1	2	2	1	2	2	1	1	1	2	1	2	2	1	2	2	1	2	1	2	2	1	1	1	2	2	2	2	2	1	2	2	1	2	2	1	2	1	1	1	2	1	2	2	1	1	2	2	1	2	2	1	2	2	1	1	1	2	1	2	1	1	2	2	2	1	2	1	2	2	1	1	1	1	2
20	1	2	1	1	2	1	2	2	2	2	1	1	1	1	2	2	1	2	1	2	1	1	2	2	1	1	1	2	2	1	2	1	2	2	2	2	1	2	2	2	2	1	2	2	1	1	1	1	1	2	2	1	2	2	1	1	2	2	1	1	1	1	2	1	2	2	1	2	1	1	1	2	1	2	2	1	2	2	1	1	2	1	1	2	1	2	1	1	2	1	2	1	2	2	1	2	2	1	1	1	2	1	2	2	1	2	2	1	2	1	2	2	1	1	1	2	2	2	2	2	1	2	2	1	2	2	1	2	1	1	1	2	1	2	2	1	1	2	2	1	2	2	1	2	2	1	1	1	2	1	2	1	1	2	2	2	1	2	1	2	2	1	1	1	1	2
20	1	2	1	1	2	1	2	2	2	2	1	1	2	1	2	2	1	2	1	2	1	1	2	2	1	1	1	2	1	2	2	1	2	2	2	2	2	2	2	2	2	1	2	2	1	1	1	2	1	2	2	2	1	1	1	1	2	2	1	1	1	1	2	1	2	2	1	2	1	1	1	2	1	2	2	1	2	2	1	1	2	1	1	2	1	2	1	1	2	1	2	1	2	2	1	2	2	1	1	1	2	1	1	2	1	2	2	1	1	1	2	2	1	2	2	2	2	2	2	2	1	2	1	1	2	2	1	2	2	1	1	2	1	2	2	1	1	2	2	1	2	2	1	2	2	1	1	1	2	1	2	1	1	2	2	2	1	2	2	2	2	2	1	1	1	2
21	1	1	1	1	2	1	2	2	2	2	1	1	1	1	2	2	1	2	1	2	1	1	2	2	1	1	1	2	1	2	2	2	1	2	2	2	1	2	2	2	2	1	2	2	1	1	1	2	1	2	2	2	1	1	1	1	2	2	1	1	1	1	2	1	2	2	1	1	2	1	1	2	1	2	2	1	2	2	1	2	1	1	1	2	1	2	1	1	2	1	2	1	2	2	1	1	2	1	1	1	2	1	1	2	2	1	2	1	1	1	2	2	1	2	2	2	2	2	2	2	1	2	1	1	2	2	1	2	2	1	1	2	1	2	2	1	1	2	2	1	2	2	1	2	2	1	1	1	2	1	2	1	2	2	1	2	1	2	2	2	2	1	1	1	1	2
21	2	1	1	1	2	2	1	2	2	2	1	1	1	1	2	2	1	2	1	2	1	1	2	2	1	1	1	2	1	2	2	1	2	2	2	2	1	2	2	2	2	1	2	2	1	1	1	1	1	2	2	2	1	1	1	1	2	2	1	1	1	1	2	1	2	2	1	1	2	1	1	2	1	2	2	1	2	2	1	2	1	1	1	2	1	2	1	1	2	1	2	1	2	2	1	1	2	1	1	1	2	1	1	2	2	1	2	1	1	1	2	2	1	2	2	2	2	2	2	2	1	2	1	1	2	2	1	2	2	1	1	2	1	2	2	1	1	2	2	1	2	2	1	2	2	1	1	1	2	1	2	1	2	1	1	2	1	2	2	2	2	1	1	1	1	2
21	2	1	1	1	2	2	1	2	2	2	1	1	1	1	2	2	1	2	1	2	1	1	2	2	1	1	1	2	1	2	2	2	1	1	2	2	1	2	2	2	2	1	2	2	1	1	1	1	1	2	2	2	1	1	1	1	2	2	1	1	1	1	2	1	2	2	1	2	1	1	1	2	1	2	1	1	2	2	1	2	1	1	1	2	1	2	1	1	2	1	2	1	2	2	1	1	2	1	1	1	2	1	1	2	2	1	2	1	1	1	2	2	1	2	2	2	2	2	2	2	1	2	1	1	2	2	1	2	2	1	1	2	1	2	2	1	1	2	2	1	2	2	1	2	2	1	1	1	2	1	2	1	2	1	1	2	1	2	2	2	2	1	1	1	1	2
22	1	2	1	2	2	1	2	2	2	2	1	2	2	1	2	1	1	2	1	2	1	1	2	2	1	1	1	2	1	2	1	1	2	2	1	1	1	2	2	2	2	2	2	2	1	1	1	2	1	1	2	2	1	1	1	1	2	2	1	1	1	1	1	1	2	2	1	2	1	1	1	2	1	2	2	1	2	2	1	1	2	1	1	2	1	2	1	1	2	1	2	1	2	2	1	1	2	1	1	1	1	1	2	2	1	2	2	1	2	1	2	2	1	2	2	2	2	2	2	2	1	2	2	2	2	2	1	2	2	1	1	2	2	1	2	1	1	2	2	1	2	1	1	1	2	1	1	1	2	2	1	1	2	1	2	2	1	2	2	2	1	1	1	1	1	2
22	1	2	1	1	2	1	2	2	2	1	1	1	1	1	1	1	1	1	1	1	1	1	1	1	1	1	1	2	1	1	2	1	1	2	2	1	1	2	2	2	1	2	2	2	1	1	1	1	1	1	2	2	1	1	1	1	1	1	1	1	1	1	1	1	1	2	1	1	1	1	1	1	1	1	2	2	1	1	1	1	2	1	1	1	1	2	1	1	1	1	2	1	1	2	1	1	1	1	1	1	1	1	1	2	1	1	2	1	1	1	2	2	1	1	1	2	2	2	1	2	1	1	1	1	1	1	1	2	2	1	1	1	2	1	2	1	1	1	2	1	1	1	1	1	1	1	1	1	2	2	1	1	2	1	1	1	1	1	2	1	1	1	1	1	1	1
23	1	1	2	1	2	1	2	2	1	2	1	2	1	1	1	1	2	2	1	2	1	1	2	2	1	1	1	2	2	1	2	1	2	2	2	2	1	2	2	2	2	1	2	2	1	1	1	1	1	1	2	1	2	1	1	1	2	2	1	2	1	1	1	1	2	2	1	1	1	2	1	2	1	2	2	1	2	1	1	1	1	2	1	2	1	2	2	1	2	1	2	1	2	2	1	2	2	1	1	1	1	1	2	2	2	2	2	1	2	1	2	2	2	2	1	2	2	2	2	2	2	1	1	1	2	2	1	2	2	1	1	2	2	1	2	1	1	2	2	1	2	2	1	1	2	1	1	1	2	2	2	1	2	2	1	1	2	2	1	2	2	2	1	1	1	2
23	1	1	2	1	2	2	1	2	1	2	1	2	1	1	1	2	1	2	1	2	1	1	2	2	2	1	1	2	2	1	2	1	2	2	2	2	1	2	2	2	2	1	2	2	1	1	1	1	1	1	2	2	1	1	1	1	2	2	1	2	1	1	1	1	2	2	1	2	1	1	1	2	1	2	2	1	2	1	1	1	1	2	1	2	1	2	2	1	2	1	2	1	2	2	1	1	2	1	1	1	2	1	2	2	2	2	2	1	2	1	2	2	1	2	1	2	2	2	2	2	2	1	1	1	2	2	1	2	2	1	1	2	1	2	2	1	1	2	2	1	2	2	1	2	2	1	1	1	2	1	2	1	2	2	1	1	2	2	1	2	2	2	1	1	1	2
23	1	2	2	1	2	2	1	2	1	2	1	2	1	1	2	2	1	2	1	2	1	1	2	2	1	1	1	2	1	2	2	1	2	2	2	2	1	2	2	2	2	1	2	2	1	1	2	1	1	1	2	1	2	1	1	1	2	2	1	2	1	1	1	1	2	2	1	1	1	2	1	2	1	2	2	1	2	1	1	1	1	2	1	2	1	2	1	1	2	1	2	1	2	2	1	2	2	2	2	1	2	1	2	2	1	1	2	1	2	1	2	2	2	1	1	2	2	2	2	2	2	2	1	1	2	2	1	2	2	1	1	2	1	2	2	1	1	2	2	1	2	2	1	2	2	1	1	1	2	1	2	1	2	1	1	2	1	2	1	2	2	2	1	1	1	2
24	1	1	1	1	2	2	1	2	1	2	1	2	1	1	2	1	2	2	1	2	1	1	2	2	2	1	1	1	2	1	2	1	2	1	2	2	2	2	2	2	2	1	2	2	1	1	1	1	1	2	2	2	1	2	1	1	2	2	1	2	1	2	2	1	2	2	1	1	1	1	1	2	1	2	2	1	2	1	1	1	1	2	1	1	1	2	1	1	2	1	2	1	2	2	1	2	2	2	2	1	2	1	2	2	1	1	2	1	2	1	2	2	2	1	2	2	2	2	2	2	1	2	1	2	1	2	1	2	2	1	1	2	1	2	2	1	1	1	2	1	2	2	1	2	2	1	1	1	2	1	2	1	2	1	1	2	1	2	1	2	2	2	1	1	1	1
24	1	2	1	1	2	1	2	2	2	2	1	1	1	1	1	2	1	2	1	2	1	1	2	2	1	1	2	2	1	2	2	1	2	2	2	2	1	2	2	2	2	1	2	2	1	1	2	1	1	2	2	2	1	2	1	1	2	2	1	2	1	1	2	1	2	2	1	2	1	1	1	2	1	2	2	1	2	1	1	1	1	2	1	1	1	2	1	1	2	1	2	1	2	2	1	2	2	2	1	1	2	1	2	2	1	2	2	1	2	1	2	2	2	1	1	2	2	2	2	2	1	2	1	2	1	2	1	2	2	1	1	2	2	2	2	1	1	1	2	1	2	2	1	2	2	1	1	1	2	1	2	1	2	1	1	2	1	2	1	1	2	2	1	1	1	2
25	1	1	1	1	1	1	2	2	1	2	1	1	1	1	1	1	1	1	1	2	1	1	2	2	1	1	1	2	2	1	2	1	1	2	2	2	1	2	2	2	2	1	2	2	1	1	1	2	1	2	2	1	1	2	1	1	2	2	1	1	1	2	2	1	2	2	1	1	1	1	1	2	1	2	2	1	2	1	1	1	1	2	1	2	1	2	1	1	2	1	2	1	2	2	1	2	2	2	1	1	2	1	2	2	1	1	2	1	2	1	2	2	2	2	1	2	2	2	2	2	1	2	2	1	2	2	1	2	2	1	1	2	1	2	2	1	1	2	2	1	2	2	1	2	2	1	1	1	2	1	2	1	2	1	1	2	1	2	1	2	2	1	1	1	1	2
25	1	1	1	1	2	1	2	2	1	2	1	2	1	1	2	2	1	2	1	2	1	1	2	2	1	1	1	2	1	2	2	1	2	2	2	2	1	2	2	2	2	1	2	2	1	1	1	2	1	2	2	1	1	2	1	1	2	2	1	1	1	2	2	1	2	2	1	1	1	1	1	2	1	2	2	1	2	1	1	1	1	2	1	2	1	2	1	1	2	1	2	1	2	2	1	1	2	2	1	1	2	1	2	2	1	1	2	1	2	1	2	2	1	2	1	2	2	2	2	2	1	2	2	1	2	2	1	2	2	1	1	2	1	2	2	1	1	2	2	1	2	2	1	2	2	1	1	1	2	1	2	1	2	1	1	2	1	2	1	1	2	1	1	1	1	2
25	1	1	1	1	2	1	2	2	1	2	1	2	1	1	2	1	2	2	1	2	1	1	2	2	2	1	1	2	1	2	2	1	2	2	2	2	2	2	2	2	2	1	2	2	1	1	2	2	1	2	2	1	1	2	1	1	2	2	1	2	1	2	2	1	2	2	1	1	1	1	1	2	1	2	2	1	2	1	1	1	1	2	1	2	1	2	1	1	2	1	2	1	2	2	1	1	2	2	1	1	2	1	2	2	1	1	2	1	2	1	2	2	2	2	1	2	2	2	2	2	1	2	2	1	2	2	1	2	2	1	1	2	1	2	2	1	1	2	2	1	2	2	1	2	2	1	1	1	2	1	2	1	2	1	1	2	1	2	1	2	2	1	1	1	1	2
26	1	2	1	1	2	2	1	2	1	2	1	2	1	1	1	2	1	2	1	2	1	1	2	2	1	1	2	2	1	2	2	1	2	2	2	2	1	2	2	2	2	1	2	2	1	1	1	2	1	1	2	1	2	1	1	1	2	2	1	1	1	1	1	1	2	2	1	2	1	1	1	2	1	2	2	1	2	2	1	1	2	1	1	2	1	2	2	1	2	1	2	1	2	2	1	2	2	1	1	1	2	1	1	2	1	2	2	1	2	1	2	2	1	1	1	2	2	2	2	2	1	2	2	1	2	2	1	2	2	1	1	2	2	1	2	1	1	2	2	1	2	2	1	1	2	1	1	1	2	2	2	1	2	2	1	2	1	2	2	2	2	1	1	1	1	2
26	1	2	1	1	1	1	2	2	2	2	1	1	1	1	2	2	1	2	1	2	1	1	2	2	1	1	1	2	2	1	2	1	2	2	2	2	1	2	2	2	2	1	2	2	1	1	1	2	1	2	2	1	2	1	1	1	2	2	1	1	1	1	2	1	2	2	1	2	1	1	1	2	1	2	2	1	2	2	1	1	2	1	1	1	1	2	1	1	2	1	2	1	2	2	1	1	2	1	2	1	2	1	1	2	1	2	2	1	2	1	2	2	1	1	1	2	2	2	2	2	1	2	1	2	1	2	1	2	2	1	1	2	1	2	2	1	1	1	2	1	2	2	1	2	2	1	1	1	2	1	1	1	2	2	1	2	1	2	2	2	2	2	1	1	1	2
26	1	1	1	1	2	1	2	2	1	2	2	1	1	1	2	2	1	2	1	2	1	1	2	2	1	1	1	2	1	2	2	1	2	2	2	2	2	1	2	2	2	1	2	2	1	1	1	2	1	2	2	2	1	1	1	1	2	2	1	1	1	1	2	1	2	2	1	2	1	1	1	2	1	2	2	1	2	2	1	1	1	2	1	2	1	2	1	1	2	1	2	1	2	2	1	2	2	1	2	1	2	1	1	2	2	1	2	1	2	2	2	1	1	2	1	2	2	2	2	2	1	2	1	1	2	2	1	2	2	1	1	2	1	2	2	1	1	2	2	1	2	2	1	2	2	1	1	1	2	1	1	1	2	2	1	2	1	2	2	2	2	2	1	1	1	2
27	1	1	1	1	2	1	2	2	1	2	1	2	1	1	2	2	1	2	1	2	1	1	2	2	2	1	1	2	2	1	2	1	2	2	2	2	1	2	2	2	2	1	2	2	1	1	1	1	1	2	2	2	1	1	1	1	2	2	1	1	1	1	2	1	2	2	1	2	1	1	1	2	1	2	2	1	2	2	1	1	2	1	1	2	1	2	1	1	2	1	2	1	2	2	1	2	2	1	1	1	1	1	2	2	1	2	2	1	1	1	2	2	1	1	1	2	2	2	2	2	1	2	1	1	2	2	1	2	2	1	1	2	1	2	2	1	1	2	2	1	2	2	1	2	2	1	1	1	2	1	2	1	2	1	1	2	1	2	2	2	2	1	1	1	1	2
27	1	2	1	1	2	2	1	2	1	2	1	1	1	1	2	2	1	2	1	2	1	1	2	2	1	1	1	2	1	2	2	2	1	2	2	2	1	2	2	2	2	1	2	2	1	1	1	1	1	2	2	2	1	1	1	1	2	2	1	1	1	1	2	1	2	2	1	2	1	1	1	2	1	2	2	1	2	2	1	1	2	1	1	2	1	2	1	1	2	1	2	1	2	2	1	2	2	1	1	1	1	1	2	2	1	2	2	1	1	1	2	2	1	1	1	2	2	2	2	2	1	2	1	1	2	2	1	2	2	1	1	2	1	2	2	1	1	2	2	1	2	2	1	2	2	1	1	1	2	1	2	1	2	1	1	2	1	2	2	2	2	1	1	1	1	2
27	2	2	1	1	2	1	2	2	2	2	1	1	1	1	2	2	1	2	1	2	1	1	2	2	1	1	1	1	1	1	2	1	1	2	1	1	1	2	2	2	2	1	2	2	1	1	1	1	1	2	2	2	1	1	1	1	2	2	1	1	1	1	2	1	2	2	1	2	1	1	1	2	1	2	2	1	2	2	1	1	2	1	1	2	1	2	1	1	2	1	2	1	2	2	1	2	2	1	1	1	1	1	2	2	1	2	2	1	1	1	2	2	1	1	1	2	2	2	2	2	1	2	1	1	2	2	1	2	2	1	1	2	1	2	2	1	1	2	2	1	2	2	1	2	2	1	1	1	2	1	2	1	2	1	1	2	1	2	2	2	2	1	1	1	1	2
28	1	1	1	1	2	2	1	2	1	1	1	1	1	1	2	1	1	2	1	2	1	1	2	2	1	1	1	2	2	1	2	1	2	2	2	2	2	2	2	2	2	1	2	2	1	1	1	2	1	1	2	2	1	1	1	1	2	2	1	1	1	1	1	1	2	2	1	2	1	1	1	2	1	2	2	1	2	2	1	2	1	1	1	2	1	2	1	1	2	1	2	1	2	2	1	1	2	1	1	1	2	1	1	2	1	2	2	1	1	2	2	2	1	2	2	2	2	2	2	2	1	2	2	1	2	2	1	2	2	1	1	2	2	1	2	1	1	2	2	1	2	2	1	1	2	1	1	1	2	2	2	1	1	1	2	2	1	2	2	2	2	1	1	1	2	2
28	1	1	1	1	2	2	1	2	1	1	1	1	1	1	2	1	1	2	1	2	1	1	2	2	1	1	1	2	2	1	2	1	2	2	2	2	2	2	2	2	2	1	2	2	1	1	1	2	1	1	2	2	1	1	1	1	2	2	1	1	1	1	1	1	2	2	1	2	1	1	1	2	1	2	2	1	2	2	1	2	1	1	1	2	1	2	1	1	2	1	2	1	2	2	1	1	2	1	1	1	2	1	1	2	2	1	2	1	2	1	2	2	1	2	2	2	2	2	2	2	1	2	2	1	2	2	1	2	2	1	1	2	2	1	2	1	1	2	2	1	2	2	1	1	2	1	1	1	2	2	2	1	2	1	2	2	1	2	2	1	2	1	1	1	1	2
29	1	1	1	1	2	2	1	2	1	2	1	2	1	1	2	1	2	2	1	2	1	1	2	2	2	1	1	1	2	1	2	1	2	2	2	2	1	2	2	2	2	1	2	2	1	1	1	2	1	1	2	2	1	1	1	1	2	2	1	1	1	2	1	1	2	2	1	1	1	1	1	2	1	2	2	1	2	1	1	2	1	1	1	2	1	2	1	1	2	1	2	1	2	2	1	1	2	2	2	1	1	1	2	2	1	1	2	1	1	1	2	2	2	1	1	2	2	2	2	2	2	2	2	1	2	2	1	2	2	1	1	2	1	2	2	1	1	2	2	1	2	2	1	2	2	1	1	1	2	1	2	1	2	1	2	2	1	2	1	2	2	1	1	1	1	1
29	1	2	1	1	2	2	1	2	1	2	1	2	1	1	2	1	2	2	1	2	1	1	2	2	2	1	1	1	2	1	2	1	2	2	2	2	1	2	2	2	2	1	2	2	1	1	1	2	1	1	2	2	1	1	1	1	2	2	1	1	1	2	1	1	2	2	1	1	1	1	1	2	1	2	2	1	2	1	1	2	1	1	1	2	1	2	1	1	2	1	2	1	2	2	1	1	2	2	2	1	1	1	2	2	1	1	2	1	1	1	2	2	1	1	1	2	2	2	2	2	1	2	2	1	2	2	1	2	2	1	1	2	1	2	2	1	1	2	2	1	2	2	1	2	2	1	1	1	2	1	2	1	1	1	1	2	1	2	1	2	2	1	1	1	1	1
29	1	2	1	1	2	2	1	2	1	2	1	2	1	1	2	1	2	2	1	2	1	1	2	2	2	1	1	1	2	1	2	1	2	2	2	2	1	2	2	2	2	1	2	2	1	1	1	2	1	1	2	2	1	1	1	1	2	2	1	1	1	2	1	1	2	2	1	1	1	1	1	2	1	2	2	1	2	1	1	2	1	1	1	2	1	2	1	1	2	1	2	1	2	2	1	1	2	2	1	1	1	1	1	1	1	1	1	1	1	1	1	1	1	1	1	1	1	1	1	1	1	1	1	1	1	1	1	1	1	1	1	1	1	1	1	1	1	1	1	1	1	1	1	1	1	1	1	1	1	1	1	1	1	1	1	1	1	1	1	1	1	1	1	1	1	1
30	1	2	1	1	1	1	2	2	1	2	1	2	1	1	1	2	1	2	1	2	1	1	2	1	1	1	2	2	1	2	2	1	2	1	2	2	2	2	2	2	2	1	2	2	1	1	1	2	2	1	2	2	1	1	1	1	2	2	1	2	1	2	1	1	2	2	1	1	1	1	1	2	1	2	2	1	2	1	1	1	1	2	1	2	1	2	1	1	2	1	2	1	2	2	1	2	2	1	1	1	1	1	1	1	1	1	1	1	1	1	1	1	1	1	1	1	1	1	1	1	1	1	1	1	1	1	1	1	1	1	1	1	1	1	1	1	1	1	1	1	1	1	1	1	1	1	1	1	1	1	1	1	1	1	1	1	1	1	1	1	1	1	1	1	1	1
30	1	2	2	1	2	2	1	2	1	2	1	1	1	1	1	2	1	2	1	2	1	1	2	2	1	1	1	2	1	2	2	2	1	1	2	2	2	2	2	2	2	1	2	2	1	1	1	2	1	1	2	2	1	1	1	1	2	2	1	2	1	1	1	1	2	2	1	1	1	2	1	2	1	2	2	1	2	1	1	1	1	2	1	2	1	2	1	1	2	1	2	1	2	2	1	2	2	1	1	1	1	1	1	1	1	1	1	1	1	1	1	1	1	1	1	1	1	1	1	1	1	1	1	1	1	1	1	1	1	1	1	1	1	1	1	1	1	1	1	1	1	1	1	1	1	1	1	1	1	1	1	1	1	1	1	1	1	1	1	1	1	1	1	1	1	1
30	1	2	1	1	2	1	2	2	1	2	1	1	1	1	2	2	1	2	1	1	1	1	2	2	1	1	1	2	1	2	2	1	2	1	2	2	2	2	2	2	2	1	2	2	1	1	1	2	1	1	2	2	1	2	1	1	2	2	1	2	1	1	1	1	2	2	1	1	1	2	1	2	1	2	2	1	2	1	1	1	1	2	1	2	1	2	1	1	2	1	2	1	2	2	1	2	2	2	1	1	1	1	1	1	1	1	1	1	1	1	1	1	1	1	1	1	1	1	1	1	1	1	1	1	1	1	1	1	1	1	1	1	1	1	1	1	1	1	1	1	1	1	1	1	1	1	1	1	1	1	1	1	1	1	1	1	1	1	1	1	1	1	1	1	1	1
31	1	2	1	1	2	1	2	2	2	2	1	1	1	1	1	2	1	2	1	1	1	1	2	2	1	1	2	2	1	2	2	1	2	2	2	2	1	2	2	2	2	1	2	2	1	1	1	2	1	2	2	2	1	2	1	1	2	2	1	1	1	1	2	1	2	2	1	2	1	1	1	2	1	2	2	1	2	1	1	1	1	2	1	1	1	2	1	1	2	1	2	1	2	2	1	1	2	2	1	2	2	1	2	2	1	1	2	1	2	1	2	2	2	2	1	2	2	2	2	2	1	1	1	1	2	2	1	2	2	1	1	2	1	2	2	1	1	1	2	1	2	2	1	2	2	1	1	1	2	1	2	1	2	1	1	1	2	2	1	2	2	1	1	1	1	2
31	1	2	1	1	2	2	1	2	2	2	1	2	1	1	1	2	1	2	1	2	1	1	2	1	2	1	2	2	1	2	2	1	2	2	2	2	1	2	2	2	2	1	2	2	1	1	2	1	1	2	2	1	1	1	1	1	2	2	1	2	1	2	1	1	2	2	1	1	1	1	1	2	1	2	2	1	2	1	1	1	1	2	1	2	1	2	2	1	2	1	2	1	2	2	1	1	2	1	2	1	2	1	2	2	2	2	2	1	1	1	2	2	2	2	2	2	2	2	2	2	1	2	1	1	2	2	1	2	2	1	1	2	2	1	2	1	1	2	2	1	2	2	1	1	2	1	1	1	2	2	2	1	2	1	1	2	1	2	1	2	2	2	1	1	1	2
31	1	2	2	1	2	1	2	2	2	2	2	1	1	1	2	2	1	2	1	2	1	1	2	2	1	1	1	2	1	2	2	1	2	2	2	2	1	2	2	2	2	1	2	2	1	1	1	1	1	2	2	1	1	2	1	1	2	2	1	2	1	2	2	1	2	2	1	1	1	1	1	2	1	2	2	1	2	1	1	1	1	2	1	2	1	2	1	1	2	1	2	1	2	2	1	1	2	2	1	1	2	1	2	2	1	1	2	1	2	1	2	2	2	2	1	2	2	2	2	2	1	1	1	1	2	2	1	2	2	1	1	2	1	2	2	1	1	2	2	1	2	2	1	2	2	1	1	1	2	1	2	1	2	1	1	1	2	2	1	2	2	1	1	1	1	2
32	2	2	1	1	2	2	1	2	1	2	1	1	1	1	2	1	2	2	1	2	1	1	2	2	1	1	1	2	2	1	2	1	2	2	2	2	2	2	2	2	2	1	2	2	1	1	1	1	1	1	2	1	1	1	2	1	2	2	1	2	1	2	1	1	2	2	1	1	1	1	1	2	1	2	2	1	2	1	2	1	1	2	1	2	1	2	1	1	2	1	2	1	2	2	1	2	2	2	1	1	2	1	2	2	2	1	2	1	2	2	1	2	2	1	1	2	2	2	2	2	1	2	1	1	2	2	1	2	2	1	1	2	1	2	2	1	1	1	2	1	2	2	1	2	2	1	1	1	2	1	2	1	2	1	1	2	1	2	1	2	2	1	1	1	1	2
32	1	2	1	1	2	2	1	1	1	2	1	1	1	1	2	1	2	2	1	2	1	1	2	2	1	1	1	2	2	1	2	1	2	2	2	2	2	2	2	2	2	1	2	2	1	1	2	1	1	2	2	2	1	2	1	1	2	2	1	2	1	1	2	1	2	2	1	2	1	1	1	2	1	2	2	1	2	2	1	1	1	2	1	2	1	2	2	1	2	1	2	1	2	2	1	2	2	1	1	2	2	1	2	2	1	2	2	1	2	1	2	2	1	1	1	2	2	2	2	2	1	2	1	1	2	2	1	2	2	1	1	2	1	2	2	1	1	1	2	1	2	2	1	2	2	1	1	1	2	1	2	1	2	1	1	2	1	2	1	2	2	1	1	1	1	2
32	1	2	1	1	2	1	2	2	1	2	1	1	1	1	2	2	1	2	1	1	1	1	2	2	1	1	1	2	1	2	2	2	2	2	2	2	2	2	2	2	2	1	2	2	1	1	1	1	1	1	2	2	1	1	1	1	2	2	1	2	1	2	1	1	2	2	1	1	1	1	1	2	1	2	2	1	2	2	1	1	1	2	1	2	1	2	1	1	2	1	2	1	2	2	1	2	2	1	1	2	1	1	2	2	1	2	2	1	2	1	2	2	2	1	1	2	2	2	2	2	1	2	1	1	2	2	1	2	2	1	1	2	1	2	2	1	1	2	2	1	2	2	1	2	2	1	1	1	2	1	2	1	2	1	1	2	1	2	1	2	2	2	1	1	1	2
33	1	1	1	1	2	1	2	2	1	2	1	1	1	1	2	1	2	1	1	2	1	1	2	2	1	1	1	2	2	1	2	1	2	2	2	2	2	2	2	2	2	1	2	2	1	1	1	2	1	2	2	1	2	2	1	1	2	2	1	1	1	2	2	1	2	2	1	1	1	1	2	2	1	2	2	1	2	1	1	1	1	2	1	2	1	2	1	1	1	1	2	1	2	2	1	1	2	2	1	1	2	1	2	2	2	1	2	1	2	2	2	2	1	1	1	2	2	2	2	2	1	2	1	1	2	2	1	2	2	1	1	2	1	2	2	1	1	1	2	1	2	2	1	2	2	1	1	1	2	1	2	1	2	2	1	2	1	2	1	2	2	2	1	1	1	2
33	1	1	1	1	2	1	2	2	1	2	1	1	1	1	2	1	2	1	1	2	1	1	2	2	1	1	1	2	2	1	2	1	2	2	2	2	2	2	2	2	2	1	2	2	1	1	1	2	1	2	2	1	2	2	1	1	2	2	1	1	1	2	2	1	2	2	1	1	1	1	1	2	1	2	2	1	2	2	1	1	1	2	1	2	1	2	1	1	1	1	2	1	2	2	1	1	2	1	1	1	2	1	2	2	2	1	2	1	2	2	2	2	1	1	1	2	2	2	2	2	1	2	2	1	2	2	1	2	2	1	1	2	1	2	2	1	1	1	2	1	2	2	1	2	2	1	1	1	2	1	2	1	2	2	1	2	1	2	1	2	2	1	1	1	1	2
33	1	1	1	1	2	1	2	2	1	2	1	1	1	1	2	1	2	1	1	2	1	1	2	2	1	1	1	2	2	1	2	1	2	2	2	2	2	2	2	2	2	1	2	2	1	1	1	2	1	2	2	1	2	2	1	1	2	2	1	1	1	1	2	1	2	2	2	2	1	1	1	2	1	2	1	1	2	2	1	1	1	2	1	2	1	2	1	1	1	1	2	1	2	2	1	1	2	1	1	1	2	1	2	2	2	1	2	1	2	2	2	2	1	1	1	2	2	2	2	2	1	2	2	1	2	2	1	2	2	1	1	2	1	2	2	1	1	1	2	1	2	2	1	2	2	1	1	1	2	1	2	1	2	2	1	2	1	2	2	2	2	1	1	1	1	2
34	1	2	1	1	2	1	2	2	1	2	1	2	1	1	2	1	2	2	1	2	1	1	2	2	1	1	1	2	1	2	2	1	2	1	2	2	2	2	2	2	2	1	2	2	1	1	1	1	1	2	2	2	1	1	1	1	2	2	1	1	1	2	2	1	2	2	1	1	1	1	1	2	1	2	2	1	2	1	1	1	1	2	1	2	1	2	1	2	2	1	2	1	2	2	1	2	2	1	1	1	2	1	1	2	2	1	2	1	2	2	2	2	1	2	1	2	2	2	2	2	1	2	1	1	2	2	1	2	2	1	1	2	1	2	2	1	1	2	2	1	2	2	1	2	2	1	2	1	2	1	2	1	2	1	1	2	1	2	2	2	2	1	1	1	1	2
34	1	2	1	1	2	1	2	2	1	2	1	1	1	1	2	1	2	2	1	2	1	1	2	2	1	1	1	2	1	2	2	1	2	1	2	2	2	2	2	2	2	1	2	2	1	1	2	1	1	2	2	2	1	1	1	1	2	2	1	1	1	2	1	1	2	2	1	1	1	1	1	2	1	2	2	1	2	1	1	1	1	2	1	2	1	2	2	2	2	1	2	1	2	2	1	2	2	1	1	1	2	1	2	2	2	1	2	1	2	2	2	2	2	1	1	2	2	2	2	2	1	2	1	1	2	2	1	2	2	1	1	2	1	2	2	1	1	2	2	2	1	2	1	2	2	1	2	1	2	1	2	1	2	2	1	2	1	2	2	2	2	1	1	1	1	2
34	1	2	1	1	2	1	2	2	1	2	1	1	1	1	2	2	1	2	1	2	1	1	2	2	1	1	1	2	2	1	2	1	2	1	2	2	1	2	2	2	2	1	2	2	1	1	2	1	1	2	2	2	1	1	1	1	2	2	1	1	1	1	1	1	2	2	1	2	1	1	2	2	1	2	2	1	2	1	1	1	1	2	1	2	1	2	2	2	2	1	2	1	2	2	1	2	2	1	1	1	2	1	2	2	2	1	2	1	2	2	2	2	1	2	1	2	2	2	2	2	1	2	2	1	2	2	1	2	2	1	1	2	1	2	2	1	1	2	2	1	2	2	1	2	2	1	1	1	2	1	2	1	2	2	1	2	1	2	2	1	2	1	1	1	1	2
35	1	1	1	1	2	1	2	2	1	2	2	2	1	1	2	2	1	2	1	2	1	1	2	2	2	1	1	2	2	1	2	1	2	2	2	2	2	2	2	2	2	1	2	2	1	1	1	1	1	2	2	2	1	1	1	1	2	2	1	1	1	1	2	1	2	2	1	2	1	1	1	2	1	2	2	1	2	1	1	1	1	2	1	2	1	2	2	2	2	1	2	1	2	2	1	1	2	1	1	1	2	1	2	2	1	1	2	1	2	2	2	2	1	1	1	2	2	2	2	2	1	2	2	1	2	2	1	2	2	1	1	2	1	2	2	1	1	2	2	1	2	2	1	2	2	1	1	1	2	1	2	1	2	2	1	2	1	2	2	1	2	1	1	1	2	2
35	1	1	1	1	2	1	2	2	1	2	1	1	1	1	2	2	1	2	1	2	1	1	2	2	2	1	1	2	1	2	2	1	2	1	2	2	2	2	2	2	2	1	2	2	1	1	1	1	1	2	2	2	1	1	1	1	2	2	1	1	1	1	2	1	2	2	1	2	1	1	1	2	1	2	2	1	2	1	1	1	1	2	1	2	1	2	2	2	2	1	2	1	2	2	1	2	2	1	1	1	2	1	2	2	1	1	2	1	2	2	2	2	1	1	1	2	2	2	2	2	1	2	2	1	2	2	1	2	2	1	1	2	1	2	2	1	1	2	2	1	2	2	1	2	2	1	1	1	2	1	2	1	2	2	1	2	1	2	2	2	2	1	1	1	2	2
35	1	1	1	1	2	1	2	2	1	2	1	1	1	1	2	2	1	2	1	2	1	1	2	2	2	1	1	2	1	2	2	1	2	1	2	2	2	2	2	2	2	1	2	2	1	1	1	1	1	2	2	2	1	2	1	1	2	2	1	1	1	1	2	1	2	2	1	2	1	1	1	2	1	2	2	1	2	2	1	1	2	2	1	2	1	2	2	1	2	1	2	1	2	2	1	2	2	1	1	1	2	1	2	2	1	2	2	1	2	2	2	2	1	1	2	2	2	2	2	2	1	2	2	1	2	2	1	2	2	1	1	2	1	2	2	1	1	2	2	1	2	2	1	2	2	1	1	1	2	1	1	1	2	2	2	2	1	2	2	2	2	1	1	1	2	2
36	1	1	1	1	2	1	2	2	1	2	1	2	1	1	2	2	1	2	1	2	1	1	2	2	1	1	1	2	1	2	2	1	2	2	2	2	2	2	2	2	2	1	2	2	1	1	1	1	1	2	2	2	1	2	1	1	2	2	1	1	1	2	2	1	2	2	1	1	1	1	1	2	1	2	2	1	2	2	1	1	2	2	1	2	1	2	1	1	2	1	2	1	2	2	1	2	2	1	1	1	2	1	2	2	2	2	2	1	2	1	2	2	2	1	1	2	2	2	2	2	1	2	1	1	2	2	1	2	2	1	1	2	1	2	2	1	1	2	2	1	2	2	1	2	2	1	1	1	2	1	2	1	2	1	1	2	1	2	1	2	2	2	1	1	2	2
36	1	1	1	1	2	1	2	2	1	2	1	1	1	1	2	2	2	2	1	2	1	1	2	2	1	1	1	2	2	2	2	1	2	2	2	2	1	2	2	2	2	1	2	2	1	1	1	1	1	2	2	2	1	2	1	1	2	2	1	1	1	2	2	1	2	2	1	1	1	1	1	2	1	2	2	1	2	2	1	1	2	1	1	2	1	2	1	1	2	1	2	1	2	2	1	2	2	1	1	1	2	1	2	2	2	2	2	1	1	1	2	2	2	2	1	2	2	2	2	2	1	2	1	1	2	2	1	2	2	1	2	2	1	2	2	1	1	2	2	1	2	2	1	2	2	1	1	1	2	1	2	1	2	1	2	2	1	2	2	2	2	1	1	1	2	2
36	1	2	1	1	2	1	2	2	1	2	1	1	2	1	2	2	1	2	1	2	1	1	2	2	1	1	1	2	2	1	2	2	1	2	2	2	1	2	2	2	2	1	2	2	1	1	1	1	1	2	2	2	1	2	1	1	2	2	1	1	1	2	2	1	2	2	1	1	1	1	1	2	1	2	2	1	2	2	1	2	2	1	1	2	1	2	1	1	2	1	2	1	2	2	1	2	2	1	1	1	2	1	2	2	2	1	2	1	1	1	2	2	1	2	1	2	2	2	2	2	1	2	2	1	2	2	1	2	2	1	2	2	1	2	2	1	1	2	2	1	2	2	1	2	2	1	1	1	2	1	2	1	2	1	2	2	1	2	2	2	2	2	1	1	2	2
37	1	1	1	1	2	2	1	2	1	2	1	1	2	1	1	2	1	2	1	2	1	1	2	1	2	1	1	1	1	2	2	1	2	2	1	1	2	2	2	2	2	1	2	2	1	1	1	1	1	2	2	2	1	2	1	1	2	2	1	1	1	1	2	1	2	2	1	2	1	1	1	2	1	2	2	1	2	2	1	1	2	1	1	2	1	2	1	1	2	1	2	1	2	2	1	1	2	1	1	1	2	1	2	2	2	1	2	1	2	1	2	2	1	1	2	2	2	2	2	2	1	2	2	1	2	2	1	2	2	1	1	2	1	2	2	1	1	2	2	1	2	2	1	2	2	1	1	1	2	1	1	1	1	2	1	1	1	2	2	2	2	2	1	1	1	2
37	1	2	1	1	2	2	1	2	1	2	1	1	1	1	1	1	2	2	1	2	1	1	2	1	2	1	1	1	1	2	2	1	2	2	2	2	2	2	2	2	2	1	2	2	1	1	1	1	1	2	2	2	1	2	1	1	2	2	1	1	1	1	2	1	2	2	1	2	1	1	1	2	1	2	2	1	2	2	1	1	2	1	1	2	1	2	1	1	2	1	2	1	2	2	1	1	2	1	1	1	2	1	2	2	2	1	2	1	2	1	2	2	1	1	2	2	2	2	2	2	1	2	2	1	2	2	1	2	2	1	1	2	1	2	2	1	1	2	2	1	2	2	1	2	2	1	1	1	2	1	1	1	1	2	1	1	1	2	2	2	2	2	1	1	1	2
37	1	2	1	1	2	2	1	2	1	2	1	1	1	1	1	1	2	2	1	2	1	1	2	1	2	1	1	1	1	2	2	1	2	2	2	2	2	2	2	2	2	1	2	2	1	1	1	1	1	2	2	2	1	2	1	1	2	2	1	1	1	1	2	1	2	2	1	2	1	1	1	2	1	2	2	1	2	2	1	1	2	1	1	2	1	2	1	1	2	1	2	1	2	2	1	1	2	1	1	1	2	1	2	2	2	2	2	1	2	1	2	2	1	1	2	2	2	2	2	2	1	2	2	1	2	2	1	2	2	1	1	2	1	2	2	1	1	2	2	1	2	2	1	2	2	1	1	1	2	1	1	1	1	2	1	1	1	2	2	2	2	2	1	1	1	2
38	1	2	2	1	2	1	2	2	2	2	1	1	1	1	1	2	1	2	1	2	1	1	2	2	2	1	2	2	1	2	2	2	1	2	2	2	1	2	2	2	2	1	2	2	1	1	1	2	1	1	2	2	1	1	1	1	2	2	1	2	1	2	1	1	2	2	1	1	1	1	1	2	1	2	2	1	2	1	1	2	1	1	2	1	1	2	1	1	2	1	2	1	2	2	1	1	2	1	1	1	2	1	2	2	1	2	2	1	2	1	2	2	1	1	1	2	2	2	2	2	1	2	2	1	2	2	1	2	2	1	1	2	1	2	2	1	1	2	2	1	2	2	1	2	2	1	1	1	2	1	2	1	2	2	2	2	1	2	2	2	2	2	1	1	1	2
38	1	2	1	1	2	1	2	2	2	2	1	1	1	1	1	2	1	2	1	2	1	2	2	2	2	1	2	2	1	2	2	2	1	2	2	2	1	2	2	2	2	1	2	2	1	1	1	2	1	1	2	1	2	2	1	1	2	2	1	1	1	1	1	1	2	2	1	2	1	1	1	2	1	2	2	1	2	1	1	2	1	1	1	2	1	2	1	1	2	1	2	1	2	2	1	1	2	1	2	1	2	1	2	2	1	2	2	1	1	1	2	2	1	1	1	2	2	2	2	2	1	2	2	1	2	2	1	2	2	1	1	2	1	2	2	1	1	2	2	1	2	2	1	2	2	1	1	1	2	1	2	1	2	2	2	2	1	2	2	2	2	2	1	1	1	2
38	1	1	1	1	2	1	2	2	1	2	1	1	1	1	2	1	2	2	1	2	1	1	2	2	1	1	1	2	2	1	2	1	2	2	2	2	1	2	2	2	2	1	2	2	1	1	1	2	1	1	2	2	1	2	1	1	2	2	1	1	1	2	1	1	2	2	1	1	1	1	1	2	1	2	2	1	2	1	1	1	1	2	1	1	1	2	1	1	2	1	2	1	2	2	1	2	2	1	1	1	2	1	2	2	1	2	2	1	1	1	2	2	1	1	1	2	2	2	2	2	1	2	2	1	2	2	1	2	1	1	1	2	1	2	2	1	1	2	2	1	2	2	1	2	2	1	1	1	2	1	2	1	2	1	2	2	1	2	1	2	2	2	1	1	1	2
39	1	2	1	1	2	1	2	2	1	2	1	2	1	1	1	2	1	2	1	2	1	1	2	2	2	1	2	2	1	2	2	2	1	2	2	2	1	2	1	2	2	1	2	2	1	1	1	2	1	1	2	2	1	1	1	1	2	2	1	1	1	2	2	1	2	2	1	1	1	1	1	2	1	2	2	1	2	1	1	2	1	1	1	2	1	2	1	1	2	1	2	1	2	2	1	1	2	1	2	1	2	1	2	2	1	2	2	1	2	1	2	2	1	2	1	2	2	2	2	2	1	2	2	1	2	2	1	2	2	1	1	2	1	2	2	1	1	2	2	1	2	2	1	2	2	1	1	1	2	1	2	1	2	1	2	2	1	2	2	2	2	2	1	1	1	2
39	1	2	1	1	2	1	2	2	1	2	1	2	1	1	1	2	1	2	1	2	1	1	2	2	1	1	2	2	1	2	2	2	1	1	2	2	1	2	1	2	2	1	2	2	1	1	1	2	1	1	2	2	1	1	1	1	2	2	1	1	1	2	2	1	2	2	1	1	1	1	1	2	1	2	2	1	2	1	1	2	1	1	1	2	1	2	1	1	2	1	2	1	2	2	1	1	2	1	1	1	2	1	2	2	1	2	2	1	2	1	2	2	1	2	1	2	2	2	2	2	1	2	2	1	2	2	1	2	2	1	1	2	1	2	2	1	1	2	2	1	2	2	1	2	2	1	1	1	2	1	2	1	2	1	2	2	1	2	2	2	2	2	1	1	1	2
39	1	2	1	1	2	1	2	2	1	2	1	2	1	1	1	2	1	2	1	2	1	1	2	2	1	1	2	2	1	2	2	2	1	1	2	2	1	2	2	2	2	1	2	2	1	1	1	2	1	1	2	2	1	1	1	1	2	2	1	1	1	2	2	1	2	2	1	1	1	1	1	2	1	2	2	1	2	1	1	2	1	1	1	2	1	2	1	1	2	1	2	1	2	2	1	1	2	1	1	1	2	1	2	2	1	2	2	1	2	1	2	2	1	2	1	2	2	2	2	2	1	2	2	1	2	2	1	2	1	1	1	2	1	2	2	1	1	2	2	1	2	2	1	2	2	1	1	1	2	1	2	1	2	1	2	2	1	2	2	2	2	2	1	1	1	2
40	1	2	1	1	2	1	2	2	2	2	1	1	1	1	2	2	1	2	1	2	1	1	2	2	1	1	1	2	1	2	2	2	1	2	2	2	2	2	2	2	2	1	2	2	1	1	2	1	1	1	2	1	2	1	1	1	2	2	1	2	1	1	1	1	2	2	1	2	1	1	1	2	1	2	2	1	2	1	1	1	1	2	1	2	1	2	1	1	2	1	2	1	2	2	2	1	2	1	1	1	2	1	2	2	2	1	2	1	2	1	2	2	2	2	1	2	2	2	2	2	1	2	1	1	2	2	1	2	2	1	1	2	1	2	2	1	1	2	2	1	2	2	1	2	2	1	1	1	2	1	2	1	2	1	1	2	1	2	1	2	2	2	1	1	1	2
40	1	2	1	1	2	1	2	2	2	2	1	1	1	1	2	2	1	2	1	2	1	1	2	2	1	1	1	2	1	2	2	2	1	2	2	2	1	2	2	2	2	1	2	2	1	1	2	1	1	1	2	1	2	1	1	1	2	2	1	2	1	1	1	1	2	2	1	2	1	1	1	2	1	2	2	1	2	1	1	1	1	2	1	2	1	2	1	1	2	1	2	1	2	2	1	1	2	2	1	1	2	1	2	2	2	1	2	1	2	1	2	2	2	2	1	2	2	2	2	2	1	2	1	1	2	2	1	2	2	1	1	2	1	2	2	1	1	2	2	1	2	2	1	2	2	1	1	1	2	1	2	1	2	2	1	2	1	2	1	2	2	2	1	1	1	2
40	1	1	1	1	2	1	2	2	1	2	1	2	1	1	2	2	1	2	1	2	1	1	2	2	2	1	1	2	1	2	2	1	2	2	2	2	2	2	2	2	2	1	2	2	1	1	2	1	1	1	2	1	2	1	1	1	2	2	1	2	1	2	1	1	2	2	1	1	1	1	1	2	1	2	2	2	2	1	1	2	1	2	1	2	1	2	1	1	2	1	1	1	2	2	1	1	2	2	1	1	2	1	2	2	2	1	2	1	2	1	2	2	2	2	1	2	2	2	2	2	1	2	1	1	2	2	1	2	2	1	1	2	1	2	2	1	1	2	2	1	2	2	1	2	2	1	1	1	2	1	2	1	2	1	1	2	1	2	1	2	2	2	1	1	1	2
41	1	2	1	1	2	2	2	2	2	1	1	1	1	1	2	1	2	2	1	2	1	1	2	2	1	1	1	2	1	2	2	1	2	2	2	2	2	2	2	2	2	1	2	2	1	1	2	1	1	1	2	2	1	1	1	1	2	2	1	1	1	2	1	1	2	2	1	2	1	1	1	2	1	2	2	1	2	1	1	2	1	2	1	1	1	2	2	1	2	1	2	1	2	2	1	2	2	2	1	2	2	1	2	2	2	1	2	1	2	1	2	2	2	2	1	2	2	2	2	2	1	2	1	1	2	2	1	2	2	1	1	2	2	2	2	1	1	2	2	1	2	2	1	2	2	1	1	1	2	1	2	1	2	1	2	2	1	2	1	1	2	1	1	1	1	2
41	1	2	1	1	2	1	1	2	2	1	1	1	1	1	2	2	1	2	1	2	1	1	2	2	1	1	1	2	1	2	2	1	2	1	2	2	2	2	2	2	2	1	2	2	1	1	2	1	1	2	2	2	1	2	1	1	2	2	1	2	1	2	2	1	2	2	1	2	1	1	1	2	1	2	2	1	2	1	1	1	1	2	1	2	1	2	1	1	2	1	2	1	2	2	1	2	2	2	1	2	2	1	2	2	1	1	2	1	2	1	2	2	1	2	1	2	2	2	2	2	1	2	1	1	2	2	1	2	2	1	2	2	1	2	2	1	1	2	2	1	2	2	1	2	2	1	1	1	2	1	2	1	2	1	1	2	1	2	1	2	2	1	1	1	1	2
41	1	2	1	1	2	1	1	2	2	1	1	1	1	1	2	2	1	2	1	2	1	1	2	2	1	1	1	2	1	2	2	1	2	1	2	2	2	2	2	2	2	1	2	2	1	1	2	1	1	2	2	2	1	2	1	1	2	2	1	2	1	1	2	1	2	2	1	2	1	1	1	2	1	2	2	1	2	1	1	1	1	2	1	1	1	2	1	1	2	1	2	1	2	2	1	2	2	2	1	2	2	1	2	2	1	1	2	1	2	1	2	2	1	2	1	2	2	2	2	2	1	2	1	1	2	2	1	2	2	1	1	2	1	2	2	1	1	2	2	1	2	2	1	2	2	1	1	1	2	1	2	1	2	1	2	2	1	2	1	1	2	2	1	1	1	2
42	1	2	1	1	2	1	1	1	1	1	1	1	1	1	2	1	2	2	1	2	1	1	2	2	1	1	1	2	2	1	2	1	2	2	2	2	2	2	2	2	2	1	2	2	1	1	1	2	1	2	2	1	1	2	1	1	2	2	1	1	1	1	2	1	2	2	1	1	1	2	1	2	1	2	2	1	2	2	1	1	1	2	1	2	1	2	1	1	2	1	2	1	2	2	1	2	2	1	1	1	2	1	2	2	2	1	2	1	2	1	2	2	2	2	1	2	2	2	2	2	1	2	1	1	2	2	1	2	2	1	1	2	1	2	2	1	1	2	2	1	2	2	1	2	2	1	1	1	2	1	2	1	2	1	1	2	1	2	1	2	2	1	1	1	1	2
42	1	2	1	1	2	1	1	1	1	2	1	1	1	1	2	1	2	2	1	2	1	1	2	2	1	1	1	2	2	1	2	1	2	2	2	2	2	2	2	2	2	1	2	2	1	1	1	2	1	2	2	1	1	1	1	1	2	2	1	2	1	1	1	1	2	2	1	2	1	1	1	2	1	2	2	1	2	2	1	1	1	2	1	2	1	2	1	1	2	1	2	1	2	2	1	2	2	1	1	1	2	1	2	2	1	2	2	1	2	1	2	2	1	1	1	2	2	2	2	2	1	2	1	1	2	2	1	2	2	1	2	2	1	2	2	1	1	2	2	1	2	2	1	2	2	1	1	1	2	1	2	1	2	1	1	2	1	2	1	1	2	1	1	1	1	2
42	1	1	1	1	2	2	1	2	1	2	1	1	1	1	2	2	1	2	1	2	1	1	2	2	2	1	1	2	1	2	2	1	2	2	2	2	1	1	2	2	2	1	2	2	1	1	1	2	1	2	2	1	2	2	1	1	2	2	1	1	1	2	2	1	2	2	1	1	1	1	1	2	1	2	2	1	2	1	1	1	1	2	1	1	1	2	2	1	2	1	2	1	2	2	1	2	2	2	2	1	2	1	1	2	2	1	2	1	2	1	2	2	2	2	1	2	2	2	2	2	1	2	1	1	2	2	1	2	2	1	1	2	1	2	2	1	1	2	2	1	2	2	1	2	2	1	1	1	2	1	2	1	2	1	1	2	1	2	1	2	2	1	1	1	1	2
43	1	2	1	1	2	1	2	2	1	2	2	1	1	1	2	2	1	2	1	2	1	1	2	2	1	1	1	2	1	2	2	1	2	2	2	2	2	2	2	2	2	1	2	2	1	1	1	1	1	2	2	1	2	1	1	1	2	2	1	1	1	1	1	1	2	2	1	2	1	1	2	2	1	2	2	1	2	1	1	1	1	2	1	2	1	2	1	1	2	1	2	1	2	2	1	2	2	1	1	1	1	1	1	1	1	1	1	1	1	1	1	1	1	1	1	1	1	1	1	1	1	1	1	1	1	1	1	1	1	1	1	1	1	1	1	1	1	1	1	1	1	1	1	1	1	1	1	1	1	1	1	1	1	1	1	1	1	1	1	1	1	1	1	1	1	1
43	1	2	1	1	2	1	2	2	1	2	2	1	1	1	2	2	1	2	1	2	1	1	2	2	1	1	1	2	1	2	2	1	2	1	2	2	2	2	2	2	2	1	2	2	1	1	1	2	1	2	2	1	2	2	1	1	2	2	1	1	1	2	2	1	2	2	1	2	1	1	2	2	1	2	2	1	2	2	1	1	1	2	1	2	1	2	1	1	2	1	2	1	2	2	1	2	2	1	1	1	2	1	2	2	1	2	2	1	2	1	2	2	1	2	1	2	2	2	2	2	1	2	1	1	2	2	1	2	2	1	1	2	1	2	2	1	1	2	2	2	1	2	1	2	2	1	1	1	2	1	2	1	2	2	1	2	1	2	1	2	2	1	1	1	1	2
43	1	2	1	1	2	1	2	2	1	2	2	1	1	1	2	2	1	2	1	2	1	1	2	2	1	1	1	2	1	2	2	1	2	1	2	2	2	2	2	2	2	1	2	2	1	1	1	2	1	2	2	2	1	2	1	1	2	2	1	1	1	1	2	1	2	2	1	2	1	1	2	2	1	2	2	1	2	1	1	1	1	2	1	1	1	2	1	1	2	1	2	1	2	2	1	2	2	1	1	1	2	1	2	2	2	1	2	1	2	1	2	2	2	2	1	2	2	2	2	2	1	2	1	2	1	2	1	2	2	1	1	2	1	2	2	1	1	2	2	2	1	2	1	2	2	1	1	1	2	1	2	1	2	2	1	2	1	2	2	2	2	1	1	1	1	2
44	1	1	1	1	2	1	2	2	1	2	1	2	1	1	2	2	1	2	1	2	1	1	2	2	2	1	1	2	1	2	2	1	2	2	2	2	2	2	2	2	2	1	2	2	1	1	1	2	1	2	2	2	1	1	1	1	2	2	1	1	1	2	1	1	2	2	1	1	1	1	2	2	1	2	2	1	2	1	1	1	2	1	1	1	1	2	1	2	2	1	2	1	2	2	1	1	2	1	1	1	2	1	2	2	2	1	2	1	2	2	1	2	1	2	1	2	2	2	2	2	1	2	1	2	1	2	1	2	2	1	1	2	1	2	2	1	1	2	2	2	1	2	1	2	2	1	1	1	2	1	2	1	2	2	2	2	1	2	2	1	2	1	1	1	1	2
44	1	2	1	1	2	1	2	2	1	2	1	2	2	1	2	2	1	2	1	2	1	1	2	2	2	1	1	2	1	2	2	1	2	2	2	2	2	2	2	2	2	1	2	2	1	1	1	2	1	2	2	2	1	1	1	1	2	2	1	1	1	2	1	1	2	2	1	1	1	1	2	2	1	2	2	1	2	1	1	1	2	1	1	1	1	2	1	2	2	1	2	1	2	2	1	1	2	1	1	1	2	1	2	2	2	1	2	1	2	2	1	2	1	2	1	2	2	2	2	2	1	2	1	2	1	2	1	2	2	1	1	2	1	2	2	1	1	2	2	2	1	2	1	2	2	1	1	1	2	1	2	1	2	2	2	2	1	2	2	1	2	1	1	1	1	2
44	1	1	1	1	2	1	2	2	1	2	1	1	1	1	2	2	1	2	1	2	1	1	2	2	2	1	1	2	1	2	2	1	2	2	2	1	2	1	1	1	1	1	2	2	1	1	1	1	1	2	2	1	1	1	1	1	1	1	1	1	1	1	1	1	1	2	1	1	1	1	1	2	1	1	1	1	2	1	1	1	2	1	1	1	1	1	1	2	2	1	2	1	2	1	1	1	2	1	1	1	2	1	2	2	1	1	2	1	2	2	1	2	1	2	1	2	2	2	1	1	1	1	1	1	1	1	1	2	2	1	1	2	1	1	2	1	1	1	1	2	1	1	1	1	2	1	1	1	1	1	1	1	2	1	1	1	1	1	2	1	1	1	1	1	1	2
45	1	1	1	1	2	1	2	2	2	2	1	2	1	1	2	2	1	2	1	2	1	1	2	2	2	1	1	2	1	2	2	1	2	2	2	2	2	2	2	2	2	1	2	2	1	1	1	1	1	2	2	2	1	2	1	1	2	2	1	1	1	2	2	1	2	2	1	1	1	1	1	2	1	2	2	1	2	1	1	1	1	2	1	1	1	2	2	2	1	1	2	1	2	2	1	2	2	1	1	1	2	1	2	2	1	1	2	1	1	2	2	2	2	1	1	2	2	2	2	2	1	2	1	2	1	2	1	2	2	1	1	2	1	2	2	1	1	2	2	1	2	2	2	2	1	1	1	1	2	1	2	1	2	2	1	2	1	2	2	2	2	1	1	1	2	2
45	2	2	1	2	2	1	2	2	2	2	1	1	1	1	2	2	1	2	1	2	1	1	2	2	1	1	1	1	1	2	2	1	2	2	2	2	2	2	2	2	2	1	2	2	1	1	1	1	1	1	2	2	1	1	1	1	2	2	1	1	1	1	1	1	2	2	1	1	1	2	1	2	1	2	2	1	2	2	1	2	1	1	1	1	1	2	1	2	2	1	2	1	2	2	1	2	2	1	1	1	2	1	2	2	1	2	2	1	1	2	2	2	2	1	1	2	2	2	2	2	1	2	1	2	1	2	1	2	2	1	1	2	1	2	2	1	1	2	2	1	2	2	1	2	2	1	1	1	2	1	2	1	2	2	1	2	1	2	2	2	2	1	1	1	2	2
45	1	2	1	1	2	1	2	2	2	2	1	1	1	1	2	2	1	2	1	2	1	1	2	2	1	1	1	1	1	2	2	1	2	2	2	2	2	2	2	2	2	1	2	2	1	1	1	1	1	2	2	2	1	2	1	1	2	2	1	1	1	2	2	1	2	2	1	1	1	1	1	2	1	2	2	1	2	1	1	2	1	1	1	1	1	2	2	2	2	1	2	1	2	2	1	2	2	1	1	1	2	1	2	2	1	1	2	1	2	2	2	2	2	1	1	2	2	2	2	2	1	2	1	2	1	2	1	2	2	1	1	2	1	2	2	1	1	2	2	1	2	2	1	2	2	1	1	1	2	1	2	1	2	2	1	2	1	2	2	2	2	1	1	1	2	2
46	1	1	1	1	2	2	1	2	1	2	1	2	1	1	1	2	1	2	1	2	1	1	2	2	2	1	1	1	1	2	2	1	2	2	1	1	1	2	2	2	2	1	2	2	1	1	1	2	1	1	2	2	1	1	1	1	2	2	1	2	1	1	1	2	2	2	1	1	1	2	1	2	1	2	2	1	2	1	1	2	1	1	1	2	1	2	1	1	2	1	2	1	2	2	1	2	2	1	1	1	2	1	2	2	1	2	2	1	2	1	2	2	1	1	1	2	2	2	2	2	1	2	1	1	2	2	1	2	1	1	1	2	1	2	2	1	1	2	2	1	2	2	1	2	2	1	1	1	2	1	2	1	2	2	2	2	1	2	1	2	2	2	1	1	1	2
46	1	1	1	1	2	1	2	2	1	2	1	2	1	1	2	2	1	2	1	2	1	1	2	2	2	1	1	2	2	1	2	1	2	1	2	2	1	2	2	2	2	1	2	2	1	1	1	2	1	2	2	2	1	1	1	1	2	2	1	1	1	1	2	2	2	2	1	1	1	2	1	2	1	2	2	1	2	1	1	2	1	1	1	2	1	2	1	1	2	1	2	1	2	2	1	2	2	1	1	1	2	1	2	2	1	2	2	1	2	1	2	2	1	1	1	2	2	2	2	2	1	2	2	1	2	2	1	2	1	1	2	2	1	2	2	1	1	2	2	1	2	2	1	2	2	1	1	1	2	1	1	1	2	2	2	2	1	2	1	2	2	2	1	1	1	2
46	2	2	1	2	1	1	2	2	2	2	1	1	1	1	2	2	1	2	1	2	1	1	2	2	1	1	1	2	1	2	2	1	2	1	2	2	1	2	2	2	2	1	2	2	1	1	1	2	1	2	2	1	2	1	1	1	2	2	1	1	1	1	2	2	2	2	1	1	1	2	1	2	1	2	2	1	2	1	1	2	1	1	1	1	1	2	1	1	2	1	2	1	2	2	1	2	2	1	1	1	2	1	2	2	1	2	2	1	2	1	2	2	2	2	1	2	2	2	2	2	1	2	1	1	2	2	1	2	1	1	1	2	1	2	2	1	1	2	2	1	2	2	1	2	2	1	1	1	2	1	2	1	2	2	2	2	1	2	1	2	2	2	1	1	1	2
47	1	2	2	1	2	2	1	2	2	2	1	1	1	1	1	2	1	2	1	2	1	1	2	2	2	1	1	2	1	2	2	1	2	1	2	2	1	2	2	2	2	1	2	2	1	1	1	2	1	1	2	2	1	1	1	1	2	2	1	1	2	2	1	1	2	2	1	1	1	1	1	2	1	2	2	1	2	1	1	1	1	2	1	2	1	2	2	1	2	1	2	1	2	2	1	1	2	1	1	1	2	1	2	2	2	1	2	1	2	1	2	2	2	2	1	2	2	2	2	2	1	2	1	1	2	2	1	2	2	1	1	2	1	2	2	1	1	2	2	1	2	2	1	2	2	1	1	1	2	1	2	1	2	2	2	2	1	2	1	2	2	2	1	1	1	2
47	1	2	2	1	2	2	1	2	1	2	1	1	1	1	1	2	1	2	1	2	1	1	2	2	2	1	1	2	1	2	2	2	2	1	2	2	1	2	2	2	2	1	2	2	1	1	1	2	1	1	2	2	1	1	1	1	2	2	1	1	2	2	1	1	2	2	1	1	1	1	1	2	1	2	2	1	2	1	1	2	1	1	1	2	1	2	2	1	2	1	2	1	2	2	1	1	2	1	1	1	1	1	2	2	2	1	2	1	2	1	2	2	2	2	1	2	2	2	2	2	1	2	1	1	2	2	1	2	2	1	1	2	1	2	2	1	1	2	2	1	2	2	1	2	2	1	1	1	2	1	2	1	1	2	2	2	1	2	1	2	2	2	1	1	1	2
47	1	2	2	1	2	2	1	2	1	2	1	1	1	1	1	2	1	2	1	2	1	1	2	2	2	1	1	2	1	2	2	2	2	1	2	2	1	2	2	2	2	1	2	2	1	1	1	2	1	2	2	1	2	1	1	1	2	2	1	1	2	2	2	1	2	2	1	1	1	1	1	2	1	2	2	1	2	1	1	1	1	2	1	2	1	2	2	1	2	1	2	1	2	2	1	1	2	1	1	1	1	1	2	2	2	1	2	1	2	1	2	2	2	1	1	2	2	2	2	2	1	2	1	1	2	2	1	2	2	1	1	2	1	2	2	1	1	2	2	1	2	2	1	2	2	1	1	1	2	1	2	1	2	2	2	2	1	2	1	2	2	2	1	1	1	2
48	1	2	2	1	2	2	1	2	1	2	1	2	1	1	2	2	1	2	1	2	1	1	2	1	2	1	1	2	1	2	2	1	2	1	2	2	2	2	2	2	2	1	2	2	1	1	1	1	1	1	2	2	1	1	1	1	2	2	1	2	1	2	1	1	2	2	1	1	1	1	1	2	1	2	2	1	2	1	1	1	1	2	1	2	1	2	1	1	1	1	2	1	2	2	1	2	2	2	1	2	2	1	2	2	1	1	2	1	2	2	2	2	2	1	1	2	2	2	2	2	1	2	1	1	2	2	1	2	2	1	2	2	1	2	2	1	1	2	2	1	2	2	1	2	2	1	1	1	2	1	2	1	1	1	1	2	1	2	1	2	2	1	1	1	2	2
48	1	2	2	1	2	2	1	2	2	2	1	2	1	1	2	2	1	2	1	2	1	1	2	2	2	1	1	2	1	2	2	1	2	1	2	2	2	2	2	2	2	1	2	2	1	1	1	1	1	1	2	1	2	1	1	1	2	2	1	2	1	2	1	1	2	2	1	1	1	1	1	2	1	2	2	1	2	1	1	1	1	2	1	2	1	2	2	1	1	1	2	1	2	2	1	2	2	2	1	2	2	1	2	2	2	1	2	1	2	2	2	2	2	2	1	2	2	2	2	2	1	2	1	1	2	2	1	2	2	1	1	2	1	2	2	1	1	2	2	1	2	2	1	2	2	1	1	1	2	1	2	1	2	1	1	2	1	2	1	2	2	1	1	1	1	2
48	1	1	1	1	1	1	2	2	1	2	1	1	1	1	2	2	1	2	1	2	1	1	2	2	1	1	1	2	1	2	2	1	2	2	2	2	2	2	2	2	2	1	2	2	1	1	1	1	1	1	2	2	1	1	1	1	2	2	1	2	1	1	1	1	2	2	1	2	1	1	1	2	1	2	2	1	2	1	1	1	1	2	1	2	1	2	2	1	2	1	2	1	2	2	1	2	2	2	1	2	2	1	2	2	2	1	2	1	2	2	2	2	2	1	1	2	2	2	2	2	1	2	1	1	2	2	1	2	2	1	1	2	1	2	2	1	1	2	2	1	2	2	1	2	2	1	1	1	2	1	2	1	2	1	1	2	1	2	1	2	2	1	1	1	1	2
49	1	1	1	1	2	1	2	2	2	2	1	1	1	1	2	2	1	2	1	2	1	1	2	2	1	1	1	2	1	2	2	1	2	2	2	2	2	2	2	2	2	1	1	2	1	1	1	1	1	2	2	2	1	1	1	2	2	2	1	2	1	2	1	1	2	2	1	1	2	1	2	2	1	2	2	1	2	1	1	1	1	2	1	1	1	2	1	1	2	1	2	1	2	1	1	2	2	1	1	1	2	1	2	2	2	1	2	1	2	2	2	2	2	2	1	2	2	2	2	2	1	2	1	1	2	2	2	2	1	1	2	2	1	2	2	2	1	1	2	2	1	2	1	2	2	1	1	1	2	1	2	1	2	2	1	2	1	2	1	1	2	1	1	1	1	2
49	1	2	1	1	2	1	2	2	2	2	1	1	1	1	2	2	1	2	1	2	1	1	2	2	1	1	1	2	1	2	2	1	2	2	2	2	2	2	2	2	2	1	1	2	1	1	1	1	1	2	2	2	1	1	1	2	2	2	1	1	1	2	1	1	2	2	1	1	1	1	2	2	1	2	2	1	2	1	1	1	1	2	1	1	1	2	1	1	2	1	2	1	2	2	1	2	2	1	1	1	2	1	2	2	2	1	2	1	2	2	2	2	2	2	1	2	2	2	2	2	1	2	1	1	2	2	2	2	1	1	2	2	1	2	2	1	1	1	2	2	1	2	1	2	2	1	1	1	2	1	2	1	2	2	1	2	1	2	1	1	2	1	1	1	1	2
49	1	2	1	1	2	1	2	2	2	2	1	1	1	1	2	2	1	2	1	2	1	1	2	2	1	1	1	2	1	2	2	1	2	2	2	2	2	2	2	2	2	1	1	2	1	1	1	1	1	2	2	2	1	1	1	2	2	2	1	1	1	2	1	1	2	2	1	1	1	1	2	2	1	2	2	1	2	1	1	1	1	2	1	1	1	2	1	1	2	1	2	1	2	2	1	2	2	1	1	1	2	1	2	2	2	1	2	1	2	2	2	2	2	2	1	2	2	2	2	2	1	2	1	1	2	2	2	2	1	1	2	2	1	2	2	1	1	1	2	2	1	2	1	2	2	1	1	1	2	1	2	1	2	2	1	2	1	2	1	1	2	1	1	1	1	2
50	2	2	1	1	2	1	2	2	2	2	1	1	1	1	2	2	1	2	1	2	1	1	2	2	1	1	1	1	1	2	2	2	1	2	2	2	2	2	2	2	2	1	2	2	1	1	1	1	1	2	2	2	1	1	1	1	2	2	1	1	1	2	2	1	2	2	1	1	1	1	1	2	1	2	2	1	2	1	1	1	1	2	1	2	1	2	2	1	2	1	2	1	2	2	1	2	2	1	1	1	2	1	2	2	2	1	2	1	2	2	2	2	2	2	1	2	2	2	2	2	1	2	1	1	2	2	1	2	2	1	2	2	1	2	2	1	1	2	2	1	2	2	2	2	1	1	1	1	2	1	2	1	2	1	1	2	1	2	1	2	2	1	1	1	2	2
50	2	2	1	1	2	1	2	2	2	2	1	1	2	1	2	2	1	2	1	2	1	1	2	2	1	1	1	1	1	2	2	2	1	2	1	1	2	2	2	2	2	1	2	2	1	1	1	1	1	2	2	2	1	1	1	1	2	2	1	1	1	2	2	1	2	2	1	1	1	1	1	2	1	2	2	1	2	2	1	1	1	2	1	2	1	2	2	1	2	1	2	1	2	2	1	2	2	1	1	1	2	1	2	2	2	1	2	1	2	2	2	2	2	2	1	2	2	2	2	2	1	2	1	1	2	2	1	2	2	1	2	2	1	2	2	1	1	2	2	1	2	2	1	2	1	1	1	1	2	1	2	1	2	1	1	2	1	2	1	2	2	1	1	1	2	2
50	2	2	1	1	2	1	2	2	2	2	1	1	1	1	2	2	1	2	1	2	1	1	2	2	1	1	1	1	1	2	2	2	1	2	2	2	2	2	2	2	2	1	2	2	1	1	1	1	1	2	2	2	1	1	1	1	2	2	1	1	1	2	2	1	2	2	1	1	1	1	1	2	1	2	2	1	2	1	1	1	1	2	1	2	1	2	2	1	2	1	2	1	2	2	1	2	2	1	1	1	2	1	2	2	2	1	2	1	2	2	2	2	2	2	1	2	2	2	2	2	1	2	1	1	2	2	1	2	2	1	2	2	1	2	2	1	1	2	2	1	2	2	2	2	1	1	1	1	2	1	2	1	2	2	1	2	1	2	1	2	2	1	1	1	2	2
51	1	2	2	1	2	1	2	2	2	2	1	1	2	1	2	2	1	2	1	2	1	1	2	2	1	1	2	2	1	2	2	2	1	1	2	2	1	2	2	2	2	1	2	2	1	1	1	1	1	2	2	2	1	1	1	1	2	2	1	1	1	1	2	1	2	2	1	1	2	1	1	2	1	2	2	1	2	1	1	1	1	2	1	2	1	2	1	1	2	1	2	1	2	2	1	2	2	1	1	1	2	1	2	2	1	2	2	1	1	1	2	2	1	2	2	2	2	2	2	2	1	2	1	1	2	2	1	2	2	1	1	2	1	2	2	1	1	2	2	1	2	2	1	1	2	1	1	1	2	1	2	1	2	2	2	2	1	2	2	2	2	1	1	1	1	2
51	1	2	1	1	2	1	2	2	2	2	1	1	1	1	2	2	1	2	1	2	1	1	2	2	1	1	1	2	1	2	2	1	2	1	2	2	1	2	2	2	2	1	2	2	2	1	1	1	1	1	2	2	1	1	1	1	2	2	1	1	1	1	1	1	2	2	1	1	2	1	1	2	1	2	2	1	2	1	1	2	1	1	1	2	1	2	1	1	2	1	2	1	2	2	1	2	2	1	1	1	2	1	1	2	1	2	2	1	2	1	2	2	1	2	2	2	2	2	2	2	1	2	1	1	2	2	1	2	2	1	1	2	2	1	2	1	1	2	2	1	2	2	1	1	2	1	1	1	2	2	2	1	2	1	2	2	1	2	2	1	2	1	1	1	1	2
51	1	2	1	1	2	1	2	2	2	2	1	1	1	1	2	2	1	2	1	2	1	1	2	2	1	1	1	2	1	2	2	1	2	1	2	2	1	2	2	2	2	1	2	2	1	1	1	1	1	1	2	2	1	1	1	1	2	2	1	1	1	1	1	1	2	2	1	1	2	1	1	2	1	2	2	1	2	1	1	2	1	1	1	2	1	2	1	1	2	1	2	1	2	2	1	2	2	1	1	1	2	1	1	2	1	2	2	1	2	1	2	2	1	2	2	2	2	2	2	2	1	2	1	1	2	2	1	2	2	1	1	2	2	1	2	1	1	2	2	1	2	2	1	1	2	1	1	1	2	2	2	1	2	1	2	2	1	2	2	2	2	1	1	1	1	2
52	1	2	1	1	2	2	1	2	1	2	1	1	1	1	1	2	1	2	1	2	1	1	2	2	1	1	1	2	2	1	2	1	2	1	2	2	2	2	2	2	2	1	2	2	1	1	1	2	1	2	2	2	1	1	1	1	2	2	1	1	1	1	2	2	2	2	1	1	1	2	1	2	1	2	2	1	2	1	1	1	1	2	1	2	1	2	1	1	2	1	2	1	2	2	1	2	2	1	1	1	2	1	2	2	1	2	2	1	2	1	2	2	2	2	1	2	2	2	2	2	2	2	1	1	2	2	1	2	2	1	2	2	1	2	2	1	1	2	2	1	2	2	1	2	2	1	1	1	2	1	2	1	2	2	2	2	1	2	1	2	2	2	1	1	1	2
52	1	2	1	1	2	2	1	2	1	2	1	1	2	1	1	2	1	2	1	2	1	1	2	2	1	1	1	2	2	1	2	1	2	1	2	2	2	2	2	2	2	1	2	2	1	1	1	2	1	2	2	2	1	1	1	1	2	2	1	1	1	1	2	2	2	2	1	1	1	2	1	2	1	2	2	1	2	1	1	1	1	2	1	2	1	2	1	1	2	1	2	1	2	2	1	1	2	1	1	1	2	1	2	2	1	2	2	1	2	1	2	2	1	1	1	2	2	2	2	2	1	2	1	1	2	2	1	2	2	1	1	2	1	2	2	1	1	2	2	1	2	2	1	2	2	1	1	1	2	1	2	1	2	2	2	2	1	2	2	1	2	2	1	1	1	2
52	1	2	2	1	2	1	2	2	1	2	1	1	1	1	1	2	1	2	1	2	1	1	2	2	1	1	1	2	1	2	2	2	2	1	2	2	2	2	2	2	2	1	2	2	1	1	1	2	1	2	2	2	1	1	1	1	2	2	1	1	2	2	2	1	2	2	1	1	1	1	1	2	1	2	2	1	2	1	1	1	1	2	1	2	1	2	1	1	2	1	2	1	2	2	1	1	2	1	1	1	2	1	2	2	2	1	2	1	2	1	2	2	1	2	2	2	2	2	2	2	1	2	1	1	2	2	1	2	2	1	1	2	1	2	2	1	1	2	2	1	2	2	1	1	2	1	1	1	2	1	2	1	2	2	2	2	1	2	2	2	2	2	1	1	1	2
53	1	2	1	1	2	2	1	2	1	2	1	1	1	1	1	2	1	2	1	2	1	1	2	2	1	1	1	2	2	1	2	1	2	1	2	2	1	2	2	2	2	1	2	2	1	1	1	2	1	1	2	2	1	1	1	1	2	2	1	2	1	1	2	1	2	2	1	1	1	2	1	2	1	2	2	1	2	1	1	1	1	2	1	2	1	2	2	1	2	1	2	1	2	2	1	2	2	1	1	1	1	2	2	2	1	2	2	1	2	1	2	2	1	2	1	2	2	2	2	2	1	2	2	1	2	2	1	2	1	1	1	2	1	2	2	1	1	2	2	1	2	2	1	2	2	1	1	1	2	1	2	1	2	2	1	2	1	2	1	2	2	2	1	1	1	2
53	1	2	1	1	2	2	1	2	1	2	1	1	1	1	1	2	1	2	1	2	1	1	2	2	1	1	1	2	2	1	2	1	2	1	2	2	1	2	2	2	2	1	2	2	1	1	1	2	1	1	2	2	1	1	1	1	2	2	1	2	1	1	2	1	2	2	1	1	1	2	1	2	1	2	2	1	2	1	1	1	1	2	1	2	1	2	2	1	2	1	2	1	2	2	1	2	2	1	1	1	1	2	2	2	1	2	2	1	2	1	2	2	1	2	1	2	2	2	2	2	1	2	2	1	2	2	1	2	1	1	1	2	1	2	2	1	1	2	2	1	2	2	1	2	2	1	1	1	2	1	2	1	2	2	1	2	1	2	1	2	2	2	1	1	1	2
53	1	2	2	1	2	2	2	2	1	2	1	1	1	1	1	2	1	2	1	2	1	1	2	2	1	1	1	2	1	2	2	1	2	1	2	2	1	2	1	2	2	1	2	2	2	1	1	2	1	2	2	2	1	1	1	1	2	2	1	1	1	1	2	1	1	2	1	1	1	2	1	2	1	2	2	1	2	1	1	1	1	2	1	2	1	2	2	1	2	1	2	1	2	2	1	1	2	1	1	1	1	1	2	2	1	2	2	1	2	1	2	2	1	2	2	2	2	2	2	2	2	2	2	1	2	2	1	2	2	1	1	2	1	2	2	1	1	2	2	1	2	2	1	2	2	1	1	1	2	1	2	1	2	2	1	2	1	2	2	2	2	2	1	1	1	2
54	1	2	1	1	2	2	1	2	1	1	1	1	1	1	2	1	2	2	1	2	1	1	2	2	1	1	1	2	2	1	2	1	2	2	2	2	1	2	2	2	2	1	2	2	1	1	1	1	1	1	2	2	1	1	1	1	2	2	1	1	1	2	1	1	2	2	1	1	1	1	1	2	1	2	2	1	2	2	1	1	1	2	1	1	1	2	1	1	2	1	2	1	2	2	1	2	2	1	1	1	2	1	2	2	1	2	2	1	2	2	2	2	2	2	1	2	2	2	2	2	1	2	1	2	1	2	2	2	2	1	2	2	2	2	2	1	1	2	2	1	2	2	2	2	1	1	1	1	2	1	2	1	2	1	1	2	1	2	1	2	2	1	1	1	2	2
54	1	2	1	1	2	1	1	2	1	1	1	1	1	1	2	1	2	2	1	2	1	2	2	2	1	1	1	2	2	1	2	1	2	2	2	2	1	2	2	2	2	1	2	2	1	1	1	1	1	1	2	2	1	1	1	1	2	2	1	1	1	2	1	1	2	2	1	1	1	1	1	2	1	2	2	1	2	2	1	1	1	2	1	1	1	2	2	1	2	1	2	1	2	2	1	2	2	1	1	1	2	1	2	2	2	2	2	1	2	2	2	2	2	2	1	2	2	2	2	2	1	2	1	2	1	2	1	2	2	1	2	2	1	2	2	1	1	2	2	1	2	2	2	2	1	1	1	1	2	1	2	1	2	1	1	2	1	2	1	2	2	1	1	1	2	2
54	1	2	1	1	2	1	1	2	1	1	1	1	1	1	2	1	2	2	1	2	1	1	2	2	1	1	1	2	2	1	2	1	2	2	2	2	2	2	2	2	2	1	2	2	1	1	2	1	1	1	2	2	1	1	1	1	2	2	1	1	1	2	1	1	2	1	1	1	1	1	1	2	1	2	2	1	2	2	1	1	1	2	1	1	1	2	2	1	2	1	2	1	2	2	1	2	2	1	1	1	2	1	2	2	2	1	2	1	2	2	2	2	2	1	1	2	2	2	2	2	1	2	1	2	1	2	1	2	2	1	2	2	1	2	2	1	1	2	2	1	2	2	2	2	1	1	1	1	2	1	2	1	2	2	1	2	1	2	1	2	2	1	1	1	2	2
55	1	1	1	1	2	2	1	2	1	2	1	1	1	1	1	2	1	2	1	2	1	1	2	1	1	1	1	2	1	2	2	1	2	1	2	2	1	2	2	2	2	1	2	2	1	1	1	1	1	1	2	2	2	1	1	1	2	2	1	2	2	1	1	2	2	2	1	1	1	2	1	2	1	2	2	1	2	1	1	2	1	1	1	2	1	2	1	1	2	1	2	1	2	2	1	1	2	1	1	1	1	2	2	2	2	1	2	1	2	1	2	2	1	1	1	2	2	2	2	2	1	2	2	1	2	2	1	2	2	1	1	2	1	2	2	1	1	2	2	1	2	2	1	2	2	1	1	1	2	1	2	1	2	1	1	1	1	2	1	2	2	2	1	1	1	2
55	1	2	1	1	2	2	1	2	1	2	1	2	1	1	1	2	1	2	1	2	1	1	2	1	1	1	1	2	2	1	2	1	2	2	2	2	2	2	2	2	2	1	2	2	1	1	1	1	1	1	2	1	2	1	1	1	2	2	1	2	1	2	1	2	2	2	1	1	1	1	1	2	1	2	2	1	2	1	1	2	1	1	1	2	1	2	1	1	2	1	2	1	2	2	1	1	2	1	1	1	2	2	2	2	2	1	2	1	2	1	2	2	2	2	1	2	2	2	2	2	1	2	1	1	2	2	1	2	2	1	1	2	1	2	2	1	1	2	2	1	2	2	1	2	2	1	1	1	2	1	2	1	2	2	2	2	1	2	1	2	2	1	1	1	1	2
55	1	1	1	1	2	2	1	2	1	2	1	1	1	1	1	2	1	2	1	2	1	1	2	1	1	1	1	2	1	2	2	1	2	1	2	2	1	2	2	2	2	1	2	2	1	1	1	2	1	1	2	2	1	1	1	1	2	2	1	2	2	1	1	1	2	2	1	1	1	2	1	2	1	2	2	1	2	1	1	2	1	1	1	1	1	2	1	1	2	1	2	1	2	2	1	1	2	1	1	1	1	2	2	2	2	1	2	1	2	1	2	2	1	1	1	2	2	2	2	2	1	2	2	1	2	2	1	2	2	1	1	2	1	2	2	1	1	2	2	1	2	2	1	2	2	1	1	1	2	1	2	1	2	1	1	1	1	2	1	2	2	2	1	1	1	2
56	1	2	1	1	2	1	1	2	1	2	1	1	1	1	1	2	1	2	1	2	1	1	2	2	1	1	1	2	2	1	2	1	2	2	2	2	1	2	2	2	2	1	2	2	1	2	1	2	1	2	2	2	1	1	1	1	2	2	1	1	1	1	2	1	2	2	1	1	1	2	1	2	1	2	2	1	2	1	1	2	1	1	1	2	1	2	1	1	2	1	2	1	2	2	1	1	2	1	1	1	2	1	2	2	2	1	2	1	2	1	2	2	1	2	1	2	2	2	2	2	1	2	1	1	2	2	1	2	2	1	1	2	1	2	2	1	1	2	2	1	2	2	1	2	2	1	1	1	2	1	2	1	2	2	1	2	1	2	1	2	2	2	1	1	1	2
56	1	2	1	1	2	1	1	2	2	2	2	1	1	1	1	2	1	2	1	2	1	1	2	2	1	1	1	2	2	1	2	1	2	2	2	2	1	2	2	2	2	1	2	2	1	2	1	2	1	2	2	2	1	1	1	1	2	2	1	1	1	1	2	1	2	2	1	1	1	2	1	2	1	2	2	1	2	1	1	2	1	1	1	2	1	2	1	1	2	1	2	1	2	2	1	1	2	1	1	1	2	1	2	2	2	1	2	1	2	1	2	2	1	2	1	2	2	2	2	2	1	2	1	1	2	2	1	2	2	1	1	2	1	2	2	1	1	2	2	1	2	2	1	2	2	1	1	1	2	1	2	1	2	2	1	2	1	2	1	2	2	2	1	1	1	2
56	1	2	1	1	2	1	2	2	2	2	1	1	1	1	1	2	1	2	1	2	1	1	2	2	1	1	1	2	2	1	2	1	2	2	2	2	1	2	2	2	2	1	2	2	1	2	1	2	1	2	2	2	1	1	1	1	2	2	1	1	1	1	2	1	2	2	1	1	1	2	1	2	1	2	2	1	2	1	1	2	1	1	1	2	1	2	1	1	2	1	2	1	2	2	1	1	2	1	1	1	2	1	2	2	2	1	2	1	2	1	2	2	1	2	1	2	2	2	2	2	1	2	1	1	2	2	1	2	2	1	1	2	1	2	2	1	1	2	2	1	2	2	1	2	2	1	1	1	2	1	2	1	2	2	1	2	1	2	1	2	2	2	1	1	1	2
57	1	2	1	1	2	1	2	2	1	1	2	1	1	1	2	1	2	2	1	2	1	1	2	2	1	1	1	2	2	1	2	1	2	2	2	2	2	2	2	2	2	1	2	2	1	1	1	1	1	1	2	2	1	1	1	1	2	2	1	1	1	2	1	1	2	2	1	2	1	1	1	2	1	2	2	1	2	1	1	1	1	2	1	2	1	2	2	2	2	1	2	1	2	2	1	2	2	1	1	1	2	1	2	2	1	1	2	1	2	2	2	2	2	2	1	2	2	2	2	2	1	2	1	1	2	2	1	2	2	1	1	2	1	2	2	1	1	2	2	1	2	2	2	2	1	1	1	1	2	1	2	1	2	2	1	2	1	2	2	2	2	1	1	1	2	2
57	1	2	1	1	2	1	1	2	1	1	1	1	1	1	2	1	2	2	1	2	1	1	2	2	1	1	1	2	2	1	2	1	2	2	2	2	2	2	2	2	2	1	2	2	1	1	1	1	1	1	2	2	1	1	1	1	2	2	1	1	1	2	1	1	2	2	1	1	1	1	1	2	1	2	2	1	2	1	1	1	1	2	1	2	1	2	2	2	2	1	2	1	2	2	1	2	2	1	1	1	2	1	2	2	1	1	2	1	2	2	1	2	2	2	1	2	2	2	2	2	1	2	2	1	2	2	1	2	2	1	1	2	1	2	2	1	1	2	2	1	2	2	1	2	2	1	1	1	2	1	2	1	2	2	1	2	1	2	2	2	2	1	1	1	2	2
57	1	2	1	1	2	1	1	2	1	1	1	1	1	1	2	1	2	2	1	2	1	1	2	2	1	1	1	2	2	1	2	1	2	2	2	2	2	2	2	2	2	1	2	2	1	1	1	1	1	1	2	2	1	1	1	1	2	2	1	1	1	2	1	1	2	2	1	1	1	1	1	2	1	2	2	1	2	1	1	1	1	2	1	2	1	2	2	2	2	1	2	1	2	2	1	2	2	1	1	1	2	1	2	2	1	1	2	1	2	2	1	2	2	2	1	2	2	2	2	2	1	2	2	1	2	2	1	2	2	1	1	2	1	2	2	1	1	2	2	1	2	2	1	2	2	1	1	1	2	1	2	1	2	2	1	2	1	2	2	2	2	1	1	1	2	2
58	1	2	1	1	2	2	1	2	1	2	1	1	1	1	1	2	1	2	1	2	1	1	2	2	1	1	1	2	2	1	2	1	2	1	2	2	1	2	2	2	2	1	2	2	1	1	1	1	1	1	2	2	1	1	1	1	2	2	1	2	1	2	1	1	2	2	1	1	1	1	1	2	1	2	2	1	2	1	1	1	1	2	1	2	1	2	2	1	2	1	2	1	2	2	1	1	2	1	1	1	2	2	2	2	1	2	2	2	1	1	2	2	1	2	1	2	2	2	2	2	1	2	1	1	2	2	1	2	2	1	1	2	2	1	2	1	2	2	2	1	2	2	1	1	2	1	1	1	2	2	2	1	2	1	2	2	1	2	1	2	2	2	1	1	1	2
58	1	2	1	1	2	2	1	2	1	2	1	1	1	1	1	2	1	2	1	2	1	1	2	2	1	1	1	1	2	1	2	1	2	2	2	2	1	2	2	2	2	2	1	2	1	1	1	2	1	1	2	2	1	1	1	1	2	2	1	2	1	1	1	2	2	2	1	1	1	2	1	2	1	2	2	2	2	1	1	1	1	2	1	2	1	2	2	1	2	1	2	1	2	2	1	1	2	1	1	1	2	2	2	2	1	2	2	1	2	1	2	2	1	2	1	2	2	2	2	2	1	2	1	1	2	2	1	2	2	1	1	2	2	1	2	1	1	2	2	1	2	2	1	1	2	1	1	1	2	2	2	1	2	1	1	2	1	2	1	2	2	2	1	1	1	2
58	1	2	2	1	2	2	1	2	1	2	1	2	1	1	1	2	1	2	1	2	1	1	2	1	1	1	1	2	2	1	2	2	1	1	2	2	1	2	2	2	2	1	2	2	1	1	1	1	1	1	2	1	2	1	1	1	2	2	1	2	1	2	1	2	2	2	1	1	1	1	1	2	1	2	2	1	2	1	1	1	1	2	1	2	1	2	1	1	2	1	2	1	2	2	1	1	2	1	2	1	2	2	2	2	1	2	2	1	2	1	2	2	1	2	1	2	2	2	2	2	2	2	1	1	2	2	1	2	2	1	1	2	2	1	2	1	2	2	2	1	2	2	1	1	2	1	1	1	2	2	2	1	2	1	2	2	1	2	1	2	2	2	1	1	1	2
59	1	2	2	1	2	1	2	2	1	2	1	2	1	1	2	2	1	2	1	2	1	1	2	2	1	2	1	2	2	1	2	1	2	1	2	2	1	2	2	2	2	1	2	2	1	1	1	2	1	1	2	2	1	1	1	1	2	2	1	2	1	1	1	2	2	2	1	1	1	2	1	2	1	2	2	2	2	1	1	2	1	1	1	2	1	2	2	1	2	1	2	1	2	2	1	1	2	2	1	1	2	1	2	2	1	1	2	1	2	1	2	2	2	2	1	2	2	2	2	2	1	2	1	1	2	2	1	2	2	1	1	2	1	2	2	1	1	2	2	1	2	2	1	2	2	1	1	1	2	1	2	1	2	2	2	2	1	2	1	2	2	1	1	1	1	2
59	1	2	2	1	2	1	2	2	1	2	1	2	1	1	1	2	1	2	1	2	2	1	2	2	1	1	1	2	2	1	2	1	2	1	2	2	1	2	2	2	2	1	2	2	1	1	1	2	1	1	2	2	1	1	1	1	2	2	1	2	1	1	1	2	2	2	1	1	1	2	1	2	1	2	2	2	2	1	1	2	1	1	1	2	1	2	2	1	2	1	2	1	2	2	1	2	2	1	1	1	2	1	2	2	1	2	2	1	2	1	2	2	2	1	1	2	2	2	2	2	1	2	1	1	2	2	1	2	2	1	1	2	1	2	2	1	1	2	2	1	2	2	1	2	2	1	1	1	2	1	2	1	2	1	2	2	1	2	1	2	2	1	1	1	1	2
59	1	2	1	2	2	2	1	2	1	2	1	1	2	1	1	2	1	2	1	2	1	2	2	2	1	1	1	2	1	2	2	1	2	1	2	2	1	2	2	2	2	1	2	2	1	1	1	2	1	1	2	1	2	2	1	1	2	2	1	2	1	1	1	2	2	2	1	1	1	2	1	2	1	2	2	1	2	1	1	2	1	2	1	2	1	2	1	1	2	1	2	1	2	2	2	2	2	1	1	1	2	1	2	2	2	1	2	1	2	1	2	2	1	1	1	2	2	2	2	2	2	2	1	1	2	2	1	2	2	1	1	2	2	1	2	2	1	2	2	1	2	2	1	1	2	1	1	1	2	2	2	1	2	1	1	2	1	2	1	2	2	1	1	1	1	2
60	1	2	1	1	2	2	1	1	1	1	2	1	1	1	2	1	2	2	1	2	1	1	2	2	1	1	1	2	1	2	2	1	2	2	2	2	2	2	2	2	2	1	1	2	1	1	1	1	1	2	2	2	1	1	1	2	2	2	1	1	1	2	1	1	2	2	1	1	1	1	2	2	1	2	2	1	2	1	1	1	1	2	1	2	1	2	1	2	2	1	2	1	2	2	1	2	2	1	1	1	2	1	2	2	2	1	2	1	2	2	2	2	2	2	1	2	2	2	2	2	1	2	1	1	2	2	1	2	2	1	1	2	1	2	2	1	1	2	2	2	1	2	1	2	2	1	1	1	2	1	2	1	2	2	2	2	1	2	2	1	2	2	1	1	1	2
60	1	2	1	1	2	2	1	2	1	1	2	1	1	1	2	2	1	2	1	2	1	1	2	2	1	1	1	2	2	1	2	1	2	2	2	2	2	2	2	2	2	1	2	2	1	1	1	1	1	2	2	2	1	1	1	2	2	2	1	1	1	2	1	1	2	2	1	1	1	1	2	2	1	2	2	1	2	1	1	1	1	2	1	1	1	2	1	2	2	1	2	1	2	2	1	2	2	1	1	1	2	1	2	2	2	1	2	1	2	1	2	2	2	2	1	2	2	2	2	2	1	2	1	1	2	2	1	2	2	1	1	2	1	2	2	1	1	2	2	2	1	2	1	2	2	1	1	1	2	1	2	1	2	2	2	2	1	2	2	2	2	2	1	1	1	2
60	1	2	1	1	2	2	1	1	2	1	1	1	1	1	2	1	1	2	1	2	1	1	2	2	1	1	1	2	2	1	2	1	2	2	2	2	2	2	2	2	2	1	2	2	1	1	1	1	1	2	2	2	1	1	1	2	2	2	1	1	1	2	1	1	2	2	1	1	1	1	2	2	1	2	2	1	2	1	1	1	1	2	1	2	1	2	1	2	2	1	2	1	2	2	1	2	2	1	1	1	2	1	2	2	1	1	2	1	2	2	2	2	2	2	1	2	2	2	2	2	1	2	1	1	2	2	2	2	2	1	1	2	1	2	2	1	1	2	2	2	1	2	1	2	2	1	1	1	2	1	2	1	2	2	2	2	1	2	2	2	2	2	1	1	1	2
61	1	2	1	1	2	2	1	2	2	2	1	2	1	1	2	2	1	2	1	2	1	1	2	2	1	1	1	2	2	1	2	1	2	2	2	2	2	2	2	2	2	1	2	2	1	1	1	2	1	2	2	1	2	1	1	1	2	2	1	2	2	2	2	1	2	2	1	1	1	1	1	2	1	2	2	2	2	1	1	1	1	2	1	2	1	2	2	1	2	1	2	1	2	2	1	2	2	2	1	2	1	1	2	2	1	1	2	1	2	1	2	2	1	2	1	2	2	2	2	2	1	2	2	1	2	2	1	2	2	1	1	2	1	2	2	1	1	2	2	1	2	2	1	2	2	1	1	1	2	1	2	1	2	1	1	2	1	2	1	2	2	1	1	1	1	2
61	1	2	1	1	2	2	1	2	1	2	1	2	1	1	2	2	1	2	1	2	1	1	2	1	1	1	1	2	2	1	2	1	2	2	2	2	1	2	2	2	2	1	2	2	1	1	1	1	1	1	2	1	2	1	1	1	2	2	1	2	1	1	1	1	2	2	1	1	1	2	1	2	1	2	2	2	2	2	1	1	1	2	1	2	1	2	2	1	2	1	2	1	2	2	1	2	2	1	1	1	1	2	2	2	1	2	2	1	2	1	2	2	1	2	1	2	2	2	2	2	2	2	1	1	2	2	1	2	2	1	1	2	2	1	2	1	1	2	2	1	2	2	1	1	2	1	1	1	2	2	2	1	2	1	1	2	1	2	2	2	2	2	1	1	1	2
61	1	2	1	1	2	2	1	2	1	2	1	2	1	1	2	2	1	2	1	2	1	1	2	2	1	1	1	2	2	1	2	1	2	2	2	2	2	2	2	2	2	1	2	2	1	1	1	2	1	2	2	1	2	1	1	1	2	2	1	2	2	2	2	1	2	2	1	1	1	1	1	2	1	2	2	2	2	1	1	1	1	2	1	2	1	2	2	1	2	1	2	1	2	2	1	2	2	2	1	2	1	1	2	2	1	1	2	1	2	1	2	2	1	2	1	2	2	2	2	2	1	2	2	1	2	2	1	2	2	1	1	2	1	2	2	1	1	2	2	1	2	2	1	2	2	1	1	1	2	1	2	1	2	1	1	2	1	2	1	2	2	1	1	1	1	2
62	1	2	1	1	2	2	1	2	1	2	1	1	2	1	1	2	1	2	1	2	1	1	2	2	1	1	1	2	2	1	2	1	2	2	2	2	1	2	2	2	2	1	2	2	1	1	1	2	1	1	2	1	2	1	1	1	2	2	1	1	1	2	1	1	2	2	1	1	1	1	1	2	1	2	2	1	2	1	1	1	1	2	1	1	1	2	1	1	2	1	2	1	2	2	2	2	2	1	1	1	2	1	2	2	1	2	2	1	2	1	2	2	2	2	1	2	2	2	2	2	2	2	1	1	2	2	1	2	2	1	1	2	1	2	2	1	1	2	2	2	1	2	2	1	1	1	1	1	2	1	2	1	2	2	1	2	1	2	2	1	2	2	1	1	1	2
62	1	2	2	1	2	2	1	2	1	2	1	2	2	1	1	2	1	2	2	2	1	1	2	1	1	1	1	2	1	2	2	1	2	2	2	2	2	2	2	2	2	1	2	2	1	1	1	2	1	1	2	1	2	1	1	1	2	2	1	1	1	1	1	1	2	2	1	1	1	2	1	2	1	2	2	1	2	1	1	1	1	2	1	1	1	2	1	1	2	1	2	1	2	2	2	2	2	1	1	1	2	2	2	2	1	2	2	1	2	1	2	2	1	2	1	2	2	2	2	2	1	2	1	1	2	2	1	2	2	1	1	2	1	2	2	1	1	2	2	1	2	2	1	1	2	1	1	1	2	1	2	1	2	2	2	2	1	2	2	2	2	2	1	1	1	2
62	1	2	2	1	2	2	1	2	1	2	1	2	1	1	1	2	1	2	2	2	1	1	2	2	1	1	1	2	2	1	2	1	2	2	2	2	1	2	2	2	2	1	2	2	1	1	1	2	1	1	2	1	2	1	1	1	2	2	1	1	1	2	1	1	2	2	1	1	1	1	1	2	1	2	2	1	2	1	1	1	1	2	1	1	1	2	2	1	2	1	2	1	2	2	2	2	2	1	1	1	2	1	2	2	1	2	2	1	2	1	1	2	1	2	1	2	2	2	2	2	1	2	1	1	2	2	1	2	2	1	1	1	1	2	2	1	1	2	2	1	2	2	2	1	2	1	1	1	2	1	2	1	2	2	2	2	1	2	2	2	2	2	1	1	1	2
63	1	1	2	1	2	2	1	2	1	2	1	1	1	1	2	2	1	2	1	2	1	1	2	1	1	1	1	2	1	2	2	1	2	2	1	1	1	2	2	2	2	1	1	2	1	1	1	2	1	1	2	2	1	1	1	1	2	2	1	2	2	1	1	1	2	2	1	1	1	2	1	2	1	2	2	2	2	1	1	1	1	2	1	2	1	2	2	1	2	1	2	1	2	2	1	1	2	2	1	1	2	1	2	2	1	1	2	1	2	1	2	2	2	2	1	2	2	2	2	2	1	2	1	1	2	2	1	2	2	1	1	2	2	1	2	1	1	2	2	1	2	2	1	1	2	1	1	1	2	2	2	1	2	1	1	1	1	2	1	2	2	1	1	1	1	2
63	1	1	2	1	2	2	1	2	1	2	1	1	1	1	1	2	1	2	1	2	1	1	2	1	1	1	1	2	1	2	2	1	2	1	2	2	1	2	2	2	2	1	2	2	1	1	1	2	1	1	2	2	1	1	1	1	2	2	1	1	2	1	1	1	2	2	1	1	1	2	1	2	1	2	2	2	2	1	1	1	1	2	1	2	1	2	1	1	2	1	2	1	2	2	1	1	2	1	2	1	2	1	2	2	1	2	2	1	2	1	2	2	2	2	1	2	2	2	2	2	1	2	2	1	2	2	1	2	2	1	1	2	2	1	2	1	1	2	2	1	2	2	1	1	2	1	1	1	2	2	2	1	2	1	1	1	1	2	2	2	2	1	1	1	1	2
63	1	1	2	1	2	2	1	2	1	2	1	1	1	1	2	2	1	2	1	2	1	1	2	1	1	1	1	2	1	2	2	1	2	1	2	2	1	2	2	2	2	1	2	2	1	1	1	2	1	1	2	2	1	2	1	1	2	2	1	2	2	1	1	1	2	2	1	1	1	2	1	2	1	2	2	2	2	1	1	1	1	2	1	2	1	2	1	1	2	1	2	1	2	2	1	1	2	2	2	1	2	1	2	2	1	1	2	1	2	1	2	2	2	2	1	2	2	2	2	2	1	2	2	1	2	2	1	2	2	1	1	2	2	1	2	1	1	2	2	1	2	2	1	1	2	1	1	1	2	2	2	1	2	1	1	1	1	2	1	2	2	1	1	1	1	2
64	1	1	1	1	2	2	1	2	1	2	1	2	1	1	2	2	1	2	1	1	1	1	2	2	1	1	1	2	2	1	2	1	2	2	2	2	1	2	2	2	2	1	2	2	1	1	1	1	1	1	2	2	1	1	1	1	2	2	1	2	1	1	1	2	2	2	1	1	1	2	1	2	1	2	2	2	2	1	2	1	1	2	1	2	1	2	1	1	2	1	2	1	2	2	1	1	2	2	1	1	2	2	2	2	1	1	2	1	2	1	2	2	1	2	1	2	2	2	2	2	1	2	1	1	2	2	1	2	2	1	1	2	2	1	2	1	1	2	2	1	2	2	1	1	2	2	1	1	2	2	2	1	2	1	1	2	1	2	2	1	2	1	1	1	1	2
64	1	1	1	1	2	2	1	2	1	2	1	2	1	1	2	2	1	2	1	1	1	1	2	2	1	1	1	2	2	1	2	1	2	2	2	2	1	2	2	2	2	1	2	2	1	1	1	1	1	1	2	2	1	1	1	1	2	2	1	2	1	1	1	2	2	2	1	1	1	2	1	2	1	2	2	2	2	1	2	1	1	2	1	2	1	2	1	1	2	1	2	1	2	2	1	1	2	2	1	1	2	2	2	2	1	1	2	1	2	1	2	2	1	2	1	2	2	2	2	2	1	2	1	1	2	2	1	2	2	1	1	2	2	1	2	1	1	2	2	1	2	2	1	1	2	2	1	1	2	2	2	1	2	1	1	2	1	2	2	1	2	1	1	1	1	2
64	1	1	1	1	2	2	1	2	1	2	1	2	1	1	2	2	1	2	1	2	1	1	2	2	1	1	1	2	1	2	2	1	2	2	2	2	1	2	2	2	2	1	2	2	1	1	1	2	1	1	2	2	1	2	1	1	2	2	1	2	2	2	1	2	2	2	1	1	1	1	1	2	1	2	2	2	2	1	2	1	1	2	1	2	1	2	1	1	2	1	2	1	2	2	1	1	2	2	1	1	2	2	2	2	1	1	2	1	2	1	2	2	1	2	1	2	2	2	2	2	2	2	1	1	2	2	1	2	2	1	1	2	2	1	2	1	1	2	2	1	2	2	1	1	2	2	1	1	2	2	2	1	2	1	1	2	1	2	2	1	2	2	1	1	1	2
65	1	2	2	1	2	2	1	2	1	2	1	1	1	1	1	2	1	2	1	2	1	1	2	1	1	1	1	2	1	2	2	1	2	1	2	2	1	2	2	2	2	1	2	2	1	1	1	1	1	1	2	2	1	2	1	1	2	2	1	2	1	1	1	2	2	2	1	1	1	2	1	2	1	2	2	2	2	1	1	1	1	2	1	1	1	2	1	1	2	1	2	1	2	2	1	1	2	1	1	1	2	2	2	2	1	2	2	1	2	1	2	2	1	2	1	2	2	2	2	2	2	2	1	1	2	2	1	2	2	1	1	2	2	1	2	1	1	2	2	1	2	2	1	1	2	1	1	1	2	2	2	1	2	1	1	1	1	2	1	2	2	1	1	1	1	2
65	1	2	1	1	2	2	1	2	1	2	1	1	1	1	1	2	1	2	1	2	1	1	2	1	1	1	1	2	1	2	2	1	2	1	2	2	1	2	2	2	2	1	2	2	1	1	1	2	1	2	2	1	2	1	1	1	2	2	1	2	2	1	2	1	1	2	1	1	1	2	1	2	1	2	2	2	2	1	1	1	1	2	1	1	1	2	1	1	2	1	2	1	2	2	1	1	2	1	1	1	1	2	2	2	1	2	2	1	2	1	2	2	2	2	1	2	2	2	2	2	2	2	2	1	2	2	1	2	2	1	1	2	1	2	2	1	1	2	2	1	2	2	1	2	2	1	1	1	2	1	2	1	2	1	1	1	1	2	1	1	2	1	1	1	1	2
65	1	2	2	1	2	2	1	2	1	2	1	1	1	1	1	2	1	2	1	2	1	1	2	1	1	1	1	2	1	2	2	1	2	2	2	2	1	2	2	2	2	1	2	2	1	1	1	2	1	1	2	1	2	1	1	1	2	2	1	2	2	1	1	2	2	2	1	1	1	2	1	2	1	2	2	2	2	1	1	1	1	2	1	1	1	2	1	1	2	1	2	1	2	2	1	1	2	1	1	1	2	2	2	2	1	2	2	1	2	1	2	2	2	2	1	2	2	2	2	2	2	2	1	1	2	2	1	2	2	1	1	2	2	1	2	1	1	2	2	1	2	2	1	1	2	1	1	1	2	2	2	1	2	1	1	2	1	2	1	1	2	1	1	1	1	2
66	1	2	1	1	2	2	1	2	1	2	1	2	1	1	1	2	1	2	1	2	1	1	2	2	1	1	1	2	2	1	2	1	2	2	2	2	2	2	2	2	2	1	2	2	2	1	1	1	1	1	2	1	2	1	1	1	2	2	1	2	2	1	1	1	2	2	1	1	1	2	1	2	1	2	2	1	2	1	1	1	1	2	1	2	1	2	2	1	2	1	2	1	2	2	1	2	2	1	1	1	2	2	2	2	1	1	2	2	1	1	2	2	1	2	1	2	2	2	2	2	2	2	2	1	2	2	1	2	2	1	1	2	2	1	2	1	2	2	2	1	2	2	1	1	2	1	1	1	2	2	2	1	2	1	1	2	1	2	1	2	2	2	1	1	1	2
66	1	2	2	1	2	2	1	2	1	2	1	1	1	1	1	2	1	2	1	2	1	1	2	2	1	1	1	1	2	1	2	1	2	2	2	2	1	2	2	2	2	1	2	2	1	1	1	2	1	2	2	2	1	1	1	1	2	2	1	1	2	1	2	1	2	2	1	1	1	2	1	2	1	2	2	2	2	1	1	1	1	2	1	2	1	2	2	1	2	1	2	1	2	2	1	1	2	1	1	1	1	1	2	2	1	2	2	1	2	1	2	2	1	2	1	2	2	2	2	2	1	2	1	1	2	2	1	2	2	1	1	2	1	2	2	1	1	2	2	1	2	2	1	2	2	1	1	1	2	1	2	1	2	1	1	2	1	2	1	1	2	2	1	1	1	2
66	2	2	1	1	2	2	1	2	1	2	1	2	1	1	1	2	1	2	1	2	1	1	2	2	1	1	1	2	2	1	2	1	2	2	2	2	2	2	2	2	2	1	2	2	2	1	1	1	1	1	2	1	2	1	1	1	2	2	1	2	2	1	1	1	2	2	1	1	1	2	1	2	1	2	2	1	2	1	1	1	1	2	1	2	1	2	2	1	2	1	2	1	2	2	1	2	2	1	1	1	2	2	2	2	1	1	2	2	1	1	2	2	1	2	1	2	2	2	2	2	2	2	2	1	2	2	1	2	2	1	1	2	2	1	2	1	2	2	2	1	2	2	1	1	2	1	1	1	2	2	2	1	2	1	1	2	1	2	1	2	2	2	1	1	1	2
67	1	1	1	1	2	2	1	2	1	2	1	2	1	1	1	1	2	2	1	2	1	1	2	2	1	2	1	2	1	2	2	1	2	1	2	2	1	2	2	2	2	1	2	2	1	1	1	2	1	1	2	2	1	1	1	1	2	2	1	2	2	1	1	1	2	2	1	1	1	2	1	2	1	2	2	2	2	1	1	1	1	2	1	2	1	2	2	1	2	1	2	1	2	2	1	1	2	1	2	1	2	2	2	2	1	2	2	1	2	1	2	2	1	2	1	2	2	2	2	2	2	2	1	1	2	2	1	2	2	1	1	2	2	1	2	1	1	2	2	1	2	2	1	1	2	1	1	1	2	2	2	1	2	1	1	1	1	2	1	1	2	1	1	1	1	2
67	1	1	2	1	2	2	1	2	1	2	1	2	1	1	1	1	2	2	1	2	1	1	2	2	1	2	1	2	1	2	2	1	2	1	2	2	1	2	2	2	2	1	2	2	1	1	1	2	1	1	2	2	1	1	1	1	2	2	1	2	2	1	1	1	2	2	1	1	1	2	1	2	1	2	2	2	2	1	1	1	1	2	1	2	1	2	1	1	2	1	2	1	2	2	1	1	2	1	2	1	2	2	2	2	1	2	2	1	2	1	2	2	2	2	1	2	2	2	2	2	2	2	1	1	2	2	1	2	2	1	1	2	2	1	2	1	1	2	2	1	2	2	1	1	2	1	1	1	2	2	2	1	2	1	1	1	1	2	1	1	2	1	1	1	1	2
67	1	1	1	1	2	2	1	2	1	2	1	2	1	1	1	1	2	2	1	2	1	1	2	2	1	2	1	2	1	2	2	1	2	1	2	2	1	2	2	2	2	1	2	2	1	1	1	2	1	1	2	2	1	1	1	1	2	2	1	2	2	1	1	1	2	2	1	1	1	2	1	2	1	2	2	2	2	1	1	1	1	2	1	2	1	2	2	1	2	1	2	1	2	2	1	1	2	1	2	1	2	2	2	2	1	2	2	1	2	1	2	2	1	2	1	2	2	2	2	2	2	2	1	1	2	2	1	2	2	1	1	2	2	1	2	1	1	2	2	1	2	2	1	1	2	1	1	1	2	2	2	1	2	1	1	1	1	2	1	1	2	1	1	1	1	2
68	1	1	1	2	2	2	1	2	1	2	1	1	1	2	1	2	2	2	1	2	1	1	2	2	1	1	1	2	1	2	2	1	2	1	2	2	1	2	2	2	2	1	2	2	2	1	1	2	1	2	2	2	1	1	1	1	2	2	1	1	2	1	2	1	2	2	2	1	1	2	1	2	1	2	2	2	2	1	1	1	1	2	1	2	1	2	2	1	2	1	2	1	2	2	1	1	2	1	1	1	2	2	2	2	1	2	2	1	2	1	2	2	1	2	1	2	2	2	2	2	2	2	1	1	2	2	1	2	2	1	1	2	1	2	2	1	1	2	2	1	2	2	1	2	2	1	1	1	2	1	2	1	2	2	2	2	1	2	1	2	2	2	1	1	1	2
68	1	2	1	1	2	2	1	2	1	2	1	1	1	2	1	2	1	2	1	2	1	1	2	1	1	1	1	2	1	2	2	1	2	1	2	2	1	2	2	2	2	1	2	2	2	1	1	2	1	2	2	2	1	1	1	1	2	2	1	1	2	1	2	1	2	2	1	1	1	2	1	2	1	2	2	2	2	1	1	1	1	2	1	2	1	2	2	1	2	1	2	1	2	2	1	1	2	1	1	1	2	2	2	2	1	1	2	1	2	1	2	2	1	2	1	2	2	2	2	2	1	2	2	1	2	2	1	2	2	1	1	2	1	2	2	1	2	2	2	1	2	2	1	2	2	1	1	1	2	1	2	1	2	2	2	2	1	2	1	2	2	1	1	1	1	2
68	1	2	2	1	2	2	1	2	1	2	1	1	1	1	1	2	1	2	1	2	1	1	2	2	1	1	1	2	1	2	2	1	2	1	2	2	1	2	2	2	2	1	2	2	1	1	1	2	1	2	2	2	1	1	1	1	2	2	1	1	2	1	2	1	2	2	1	1	1	2	1	2	1	2	2	2	2	1	1	1	1	2	1	2	1	2	2	1	2	1	2	1	2	2	1	1	2	1	1	1	2	1	2	2	1	2	2	1	2	1	2	2	1	2	1	2	2	2	2	2	1	2	2	1	2	2	1	2	2	1	1	2	1	2	2	1	1	2	2	1	2	2	1	2	2	1	1	1	2	1	2	1	2	2	2	2	1	2	1	1	2	2	1	1	1	2
69	1	2	2	1	2	2	1	2	1	2	1	1	1	1	1	2	1	2	1	2	1	1	2	1	1	1	1	2	2	1	2	1	2	2	2	2	1	2	2	2	2	1	2	2	1	1	1	2	1	2	2	1	2	1	1	1	2	2	1	2	2	2	2	2	2	2	1	1	1	1	1	2	1	2	2	2	2	1	1	1	1	2	1	2	1	2	1	1	2	1	2	1	2	2	1	2	2	1	1	2	2	2	2	2	1	2	2	1	2	1	2	2	1	2	1	2	2	2	2	2	1	2	1	1	2	2	1	2	2	1	2	2	1	2	2	1	1	2	2	1	2	2	1	2	2	1	1	1	2	1	2	1	2	1	1	2	1	2	2	1	2	1	1	1	1	2
69	1	2	2	1	2	2	1	2	1	2	1	1	1	1	1	2	1	2	1	2	1	1	2	1	1	1	1	2	2	1	2	1	2	2	2	2	1	2	2	2	2	1	2	2	1	1	1	2	1	2	2	1	2	1	1	1	2	2	1	2	2	2	2	2	2	2	1	1	1	1	1	2	1	2	2	2	2	1	1	1	1	2	1	2	1	2	1	1	2	1	2	1	2	2	1	2	2	1	1	2	2	2	2	2	1	2	2	1	2	1	2	2	1	2	1	2	2	2	2	2	1	2	1	1	2	2	1	2	2	1	2	2	1	2	2	1	1	2	2	1	2	2	1	2	2	1	1	1	2	1	2	1	2	1	1	2	1	2	2	1	2	1	1	1	1	2
69	1	2	2	1	2	2	1	2	1	2	1	1	1	1	1	2	1	2	1	2	1	1	2	1	1	1	1	2	2	1	2	1	2	2	2	2	1	2	2	2	2	1	2	2	1	1	1	2	1	2	2	1	2	1	1	1	2	2	1	2	2	2	2	2	2	2	1	1	1	1	1	2	1	2	2	2	2	1	1	1	1	2	1	2	1	2	1	1	2	1	2	1	2	2	1	2	2	1	1	2	2	2	2	2	1	2	2	1	2	1	2	2	1	2	1	2	2	2	2	2	1	2	1	1	2	2	1	2	2	1	2	2	1	2	2	1	1	2	2	1	2	2	1	2	2	1	1	1	2	1	2	1	2	1	1	2	1	2	2	1	2	1	1	1	1	2
70	1	2	1	1	2	2	1	2	1	2	1	1	1	1	1	2	1	2	1	2	1	1	2	2	1	1	1	2	1	2	2	1	2	2	2	2	1	2	2	2	2	1	2	2	1	1	1	2	1	2	2	2	1	1	1	1	2	2	1	2	1	1	2	1	2	2	1	1	1	2	1	2	1	2	2	1	2	1	1	1	1	2	1	2	1	2	2	1	2	1	1	1	2	2	1	1	2	1	1	1	2	1	2	2	1	2	2	1	2	1	2	2	1	2	1	2	2	2	2	2	2	1	2	1	2	2	1	2	2	1	1	2	1	2	2	1	1	2	2	1	2	2	1	2	2	1	1	1	2	1	2	1	2	2	2	2	1	2	1	1	2	2	1	1	1	2
70	1	2	1	1	2	2	1	2	1	2	1	1	1	1	1	2	1	2	1	2	1	1	2	2	1	1	1	2	1	2	2	1	2	2	2	2	1	2	2	2	2	1	2	2	1	1	1	2	1	2	2	2	1	1	1	1	2	2	1	2	1	1	2	1	2	2	1	1	1	2	1	2	1	2	2	1	2	1	1	1	1	2	1	2	1	2	2	1	2	2	1	1	2	2	2	1	2	1	1	1	2	1	2	2	1	2	2	1	2	1	2	2	1	2	1	2	2	2	2	2	2	1	2	1	2	2	1	2	2	1	1	2	1	2	2	1	1	2	2	1	2	2	1	2	2	1	1	1	2	1	2	1	2	2	2	2	1	2	1	1	2	2	1	1	1	2
70	1	2	1	1	2	2	1	2	1	2	1	1	2	1	1	2	1	2	1	2	1	1	2	2	1	1	1	2	1	2	2	1	2	2	2	2	1	2	2	2	2	1	2	2	1	1	1	2	1	2	2	2	1	1	1	1	2	2	1	2	1	1	2	1	2	2	1	1	1	2	1	2	1	2	2	1	2	1	2	1	1	2	1	2	1	2	2	1	2	1	1	1	2	2	1	1	2	1	1	1	2	1	2	2	1	2	2	1	2	1	2	2	1	2	1	2	2	2	2	2	2	1	2	1	2	2	1	2	2	1	1	2	1	2	2	1	1	2	2	1	2	2	1	2	2	1	1	1	2	1	2	1	2	2	2	2	1	2	1	1	2	2	1	1	1	2
71	1	1	1	1	2	2	1	2	1	2	1	2	1	1	1	1	2	2	1	2	1	1	2	2	1	1	1	2	1	2	2	1	2	2	2	2	1	2	2	2	2	1	2	2	1	1	1	2	1	1	2	2	1	1	1	1	2	2	1	1	2	1	1	2	2	2	1	1	1	2	1	2	1	2	2	1	2	1	1	1	1	2	1	2	1	2	2	1	2	1	1	1	2	2	1	2	2	1	1	1	2	2	2	2	1	2	2	1	2	1	2	2	2	2	1	2	2	2	2	2	1	2	1	1	2	2	1	2	2	1	1	2	2	1	2	1	1	2	2	1	2	2	1	1	2	1	1	1	2	2	2	1	2	1	1	2	1	2	1	1	2	1	1	1	1	2
71	1	2	1	1	2	2	1	2	1	2	1	1	1	1	2	1	2	2	1	2	1	1	2	2	1	1	1	2	1	2	2	1	2	2	2	2	1	2	2	2	2	1	2	2	1	1	1	2	1	1	2	2	1	1	1	1	2	2	1	2	2	2	1	2	2	2	1	1	1	1	1	2	1	2	2	1	2	1	1	1	1	2	1	2	1	2	2	1	2	1	1	1	2	2	1	2	2	2	1	1	2	2	2	2	1	1	2	1	2	1	2	2	2	2	1	2	2	2	2	2	1	2	2	1	2	2	1	2	2	1	1	2	2	1	2	1	1	2	2	1	2	2	1	1	2	1	1	1	2	2	2	1	2	1	1	2	1	2	1	2	2	1	1	1	1	2
71	1	2	1	1	2	2	1	2	1	2	1	2	1	1	2	1	2	2	1	2	1	1	2	2	1	1	1	2	1	2	2	1	2	2	2	2	1	2	2	2	2	1	2	2	1	1	1	2	1	1	2	2	1	1	1	1	2	2	1	2	2	1	1	2	2	2	1	1	1	2	1	2	1	2	2	1	2	1	1	1	1	2	1	2	1	2	2	1	2	1	1	1	2	2	1	1	2	2	1	1	2	2	2	2	1	1	2	1	2	1	2	2	2	2	1	2	2	2	2	2	2	2	2	1	2	2	1	2	2	1	1	2	2	1	2	1	1	2	2	2	1	2	1	1	2	1	1	1	2	2	2	1	2	2	1	2	1	2	1	1	2	1	1	1	1	2
72	1	1	1	1	2	2	1	2	1	2	1	1	1	1	2	1	2	2	1	2	1	1	2	2	2	1	1	2	2	1	2	1	2	2	2	2	1	2	2	2	2	1	2	2	1	1	2	1	1	1	2	2	1	1	1	1	2	2	1	2	2	1	1	2	2	2	1	1	1	2	1	2	1	2	2	2	2	1	2	1	1	2	1	2	1	2	2	1	2	1	2	1	2	2	1	1	2	2	2	1	2	2	2	2	1	1	2	1	2	1	2	2	1	2	1	2	2	2	2	2	2	2	1	1	2	2	2	2	2	1	2	2	2	1	2	1	1	2	2	1	2	2	1	1	2	1	1	1	2	2	2	1	2	1	1	2	1	2	1	2	2	1	1	1	1	2
72	1	1	1	1	2	2	1	2	1	2	1	2	1	1	2	1	2	2	1	2	1	1	2	2	2	1	1	2	1	2	2	1	2	2	1	1	2	2	2	2	2	1	2	2	1	1	2	1	1	1	2	2	1	1	1	1	2	2	1	2	2	1	1	2	2	2	1	1	1	2	1	2	2	2	2	2	2	1	2	1	1	2	1	2	1	2	2	1	2	1	2	1	2	2	1	1	2	2	1	1	2	2	2	2	1	1	2	1	2	1	2	2	1	2	1	2	2	2	2	2	1	2	1	1	2	2	2	2	2	1	1	2	2	1	2	1	1	2	2	1	2	2	1	1	2	1	2	1	2	2	2	1	2	1	1	2	1	2	1	2	2	2	1	1	1	2
72	1	1	1	1	2	2	1	2	1	2	1	2	1	1	2	2	1	2	1	2	1	1	2	2	1	1	1	1	1	2	2	1	2	2	2	2	1	2	2	2	2	1	2	2	1	1	1	2	1	1	2	2	1	1	1	1	2	2	1	2	2	1	1	2	2	2	1	1	1	2	1	2	1	2	2	2	2	1	1	1	1	2	1	2	1	2	2	1	2	1	1	1	2	2	1	1	2	2	1	1	2	2	2	2	1	1	2	1	2	1	2	2	1	2	1	2	2	2	2	2	2	2	1	1	2	2	2	2	2	1	1	2	2	1	2	1	1	2	2	1	2	2	1	1	2	1	1	1	2	2	2	1	2	1	1	2	1	2	1	1	2	2	1	1	1	2
73	1	2	1	1	2	2	1	2	1	2	1	1	1	1	1	1	2	2	1	2	1	1	2	2	1	1	1	2	1	2	2	1	2	2	2	2	1	2	2	2	2	1	2	2	1	1	1	1	1	1	2	2	1	1	1	1	2	2	1	1	2	1	1	2	2	2	1	1	1	2	1	2	1	2	2	1	2	1	1	1	1	2	1	1	1	2	2	1	2	1	1	1	2	2	1	1	2	1	1	1	2	2	2	2	1	2	2	1	2	1	2	2	1	2	1	2	2	2	2	2	1	1	1	1	2	2	1	2	2	1	1	2	1	2	2	1	1	2	2	2	1	2	1	1	2	1	1	1	2	1	2	1	2	2	2	2	1	2	2	1	2	2	1	1	1	2
73	1	2	1	1	2	2	1	2	1	2	1	1	1	1	1	1	2	2	1	2	1	1	2	2	1	1	1	2	1	2	2	1	2	2	2	2	1	2	2	2	2	1	2	2	1	1	1	1	1	1	2	2	1	1	1	1	2	2	1	1	2	1	1	2	2	2	1	1	1	2	1	2	1	2	2	1	2	1	1	1	1	2	1	1	1	2	2	1	2	1	1	1	2	2	2	1	2	1	1	2	2	2	2	2	1	2	2	1	2	1	2	2	1	2	1	2	2	2	2	2	1	1	1	1	2	2	1	2	2	1	1	2	1	2	2	1	1	2	2	2	1	2	1	1	2	1	1	1	2	1	2	1	2	2	2	2	1	2	2	1	2	2	1	1	1	2
74	1	1	1	1	2	2	1	2	1	2	1	1	2	1	2	1	2	2	1	2	1	1	2	2	1	1	1	2	2	1	2	1	2	2	2	2	1	2	2	2	2	1	2	2	1	1	1	2	1	2	2	2	1	1	1	1	2	2	1	1	2	1	2	1	2	2	1	1	1	2	1	2	1	2	2	1	2	1	1	1	1	2	1	2	1	2	2	1	2	1	1	1	2	2	1	1	2	1	1	1	2	1	2	2	1	1	2	1	2	1	2	2	1	2	1	2	2	2	2	2	1	2	1	1	2	2	1	2	2	1	1	2	1	2	2	1	1	2	2	2	1	2	1	2	2	1	1	1	2	2	2	1	2	1	2	2	1	2	2	1	2	1	1	1	1	2
74	1	1	1	1	2	2	1	2	1	2	1	2	1	1	2	1	2	2	1	2	1	1	2	2	1	1	1	2	2	1	2	1	2	2	2	2	1	2	2	2	2	1	2	2	1	1	1	1	1	1	2	2	1	1	1	1	2	2	1	1	2	1	1	1	2	2	1	1	1	2	1	2	1	2	2	1	2	1	1	1	1	2	1	2	1	2	2	1	2	1	1	1	2	2	1	1	2	2	1	1	2	2	2	2	1	1	2	1	2	1	2	2	1	2	1	2	2	2	2	2	1	2	1	1	2	2	1	2	2	1	1	1	1	2	2	1	1	2	2	2	1	2	1	1	2	1	1	1	2	1	2	1	2	1	2	2	1	2	2	2	2	1	1	1	1	2
74	1	1	1	1	2	2	1	2	1	2	1	2	2	1	2	1	2	2	1	2	1	1	2	2	1	1	1	2	2	1	2	1	2	2	2	2	1	2	2	2	2	1	2	2	1	1	1	1	1	1	2	2	1	1	1	1	2	2	1	1	2	1	1	1	2	2	1	2	1	1	1	2	1	2	2	1	2	1	1	1	1	2	1	2	1	2	2	1	2	1	1	1	2	2	1	1	2	2	1	1	1	1	1	1	1	1	1	1	1	1	1	1	1	1	1	1	1	1	1	1	1	1	1	1	1	1	1	1	1	1	1	1	1	1	1	1	1	1	1	1	1	1	1	1	1	1	1	1	1	1	1	1	1	1	1	1	1	1	1	1	1	1	1	1	1	1
