122	93	2	1
ACA_CAC_62.0
ACA_CAC_84.0
ACA_CAC_101.0
ACA_CAC_128.0
ACA_CAC_129.0
ACA_CAC_184.0
ACA_CAC_196.0
ACA_CAC_201.0
ACA_CAC_210.0
ACA_CAC_215.0
ACA_CAC_231.0
ACA_CAC_232.0
ACA_CAC_235.0
ACA_CAC_255.0
ACA_CAC_303.0
ACA_CAC_306.0
ACA_CAC_324.0
ACA_CAC_329.0
ACA_CAC_339.0
ACA_CAC_350.0
ACA_CAC_405.0
ACA_CAC_416.0
ACA_CAC_430.0
ACA_CAC_434.0
ACA_CTG_68.0
ACA_CTG_86.0
ACA_CTG_92.0
ACA_CTG_116.0
ACA_CTG_124.0
ACA_CTG_139.0
ACA_CTG_141.0
ACA_CTG_147.0
ACA_CTG_152.0
ACA_CTG_156.0
ACA_CTG_162.0
ACA_CTG_171.0
ACA_CTG_193.0
ACA_CTG_195.0
ACA_CTG_201.0
ACA_CTG_202.0
ACA_CTG_203.0
ACA_CTG_205.0
ACA_CTG_207.0
ACA_CTG_213.0
ACA_CTG_227.0
ACA_CTG_233.0
ACA_CTG_238.0
ACA_CTG_242.0
ACA_CTG_244.0
ACA_CTG_260.0
ACA_CTG_264.0
ACA_CTG_266.0
ACA_CTG_274.0
ACA_CTG_278.0
ACA_CTG_301.0
ACA_CTG_303.0
ACA_CTG_305.0
ACA_CTG_323.0
ACA_CTG_372.0
ACA_CTG_499.0
ACC_CAT_74.0
ACC_CAT_80.0
ACC_CAT_93.0
ACC_CAT_99.0
ACC_CAT_101.0
ACC_CAT_114.0
ACC_CAT_117.0
ACC_CAT_129.0
ACC_CAT_149.0
ACC_CAT_152.0
ACC_CAT_154.0
ACC_CAT_161.0
ACC_CAT_165.0
ACC_CAT_168.0
ACC_CAT_189.0
ACC_CAT_199.0
ACC_CAT_202.0
ACC_CAT_208.0
ACC_CAT_212.0
ACC_CAT_213.0
ACC_CAT_214.0
ACC_CAT_227.0
ACC_CAT_235.0
ACC_CAT_250.0
ACC_CAT_252.0
ACC_CAT_254.0
ACC_CAT_259.0
ACC_CAT_264.0
ACC_CAT_273.0
ACC_CAT_278.0
ACC_CAT_290.0
ACC_CAT_336.0
ACC_CAT_485.0
1	2	2	2	2	2	1	2	2	1	1	1	1	2	1	1	1	1	1	2	1	1	1	1	1	2	2	2	2	1	2	1	2	1	2	2	1	2	1	1	2	1	1	1	1	2	1	1	1	1	1	1	1	2	1	2	1	1	2	1	1	2	2	2	2	2	1	2	1	1	2	2	1	1	1	1	1	1	2	1	1	1	1	1	1	1	1	1	1	1	1	1	2	1
1	2	2	2	2	2	1	2	2	1	1	1	1	2	1	1	1	1	1	2	1	1	1	1	1	2	2	2	1	2	2	1	2	1	2	2	1	2	1	1	2	1	1	1	1	2	1	1	1	1	1	1	1	2	1	1	2	1	2	1	1	2	2	2	2	2	1	2	1	1	2	2	1	1	1	1	1	1	1	1	1	1	1	1	1	1	1	2	1	1	1	1	2	1
1	2	2	2	2	2	1	2	2	1	1	1	1	1	1	1	1	1	1	2	1	1	1	1	1	2	2	2	1	1	2	1	2	1	2	2	1	2	1	1	2	1	1	1	1	2	1	1	1	1	1	2	1	2	1	1	1	1	2	1	1	2	2	2	2	2	1	2	1	1	2	2	1	1	1	1	1	1	1	1	1	1	1	1	1	1	1	1	1	1	1	1	2	1
2	2	2	2	2	2	1	2	2	1	2	1	1	1	1	1	1	1	1	1	1	1	1	1	1	2	2	2	1	1	2	1	2	1	2	1	1	2	1	1	2	1	1	1	1	1	1	1	1	1	1	1	1	2	1	2	1	1	2	1	1	2	2	2	2	2	1	2	1	1	2	2	1	1	1	1	1	1	1	1	1	2	1	1	1	1	1	1	1	1	1	1	2	1
2	2	2	2	2	2	1	2	2	1	2	1	1	2	1	1	1	2	1	1	1	1	1	1	1	2	2	2	1	1	1	1	2	1	2	2	1	2	1	1	2	1	1	1	1	2	1	1	1	1	1	1	1	2	1	2	1	2	2	1	1	2	2	2	2	2	1	2	1	1	2	2	1	1	1	1	1	1	1	1	1	1	1	1	1	1	1	1	1	1	1	1	2	1
2	2	2	2	2	2	1	2	2	1	1	1	1	1	1	1	1	2	1	1	1	1	1	1	1	2	2	2	1	1	2	1	2	1	2	2	1	2	1	1	2	1	1	1	1	1	1	1	1	1	1	1	1	2	1	2	2	1	2	1	1	2	2	2	2	2	1	2	1	1	2	2	1	1	1	1	1	1	1	1	1	1	1	1	1	1	1	2	1	1	1	1	2	1
3	2	2	2	2	2	1	2	2	1	1	1	1	2	1	1	1	2	1	2	1	1	1	1	1	2	2	2	1	1	1	1	2	1	2	1	1	2	1	1	2	1	1	1	1	1	1	1	1	1	1	1	1	2	1	1	1	1	2	1	1	2	2	2	2	2	1	2	1	1	2	2	1	1	1	1	1	1	1	1	1	1	1	1	1	1	1	1	1	1	1	1	2	1
3	2	2	2	2	2	1	2	2	1	1	1	1	2	1	1	1	1	1	2	1	1	1	1	1	2	2	2	1	1	2	1	2	1	2	1	1	2	1	1	2	1	1	1	1	1	1	1	1	1	1	1	1	2	1	1	1	1	2	1	1	2	2	2	2	2	1	2	2	1	2	2	1	1	1	1	1	1	1	1	1	1	1	1	1	1	1	1	1	1	1	1	2	1
3	2	2	2	2	2	1	2	2	1	1	1	1	2	1	1	1	1	1	2	1	1	1	1	1	2	2	2	1	1	2	1	2	1	2	2	1	2	1	1	2	1	1	1	1	1	1	1	1	1	1	1	1	2	1	1	1	1	2	1	1	2	2	2	2	2	1	2	1	1	2	2	1	1	1	1	1	1	1	1	1	1	1	1	1	1	1	1	1	1	1	1	2	1
4	2	2	2	2	1	1	2	2	1	1	1	1	1	1	1	1	1	1	1	1	1	1	1	1	2	2	1	1	1	2	1	2	1	2	2	1	2	1	1	2	1	1	1	1	1	1	1	1	1	1	1	1	2	1	2	1	1	2	1	1	2	2	2	1	2	1	2	2	1	2	2	1	1	1	1	1	1	1	1	1	1	1	1	1	1	1	1	1	1	1	1	2	1
4	2	2	2	2	2	1	2	2	1	1	1	1	1	1	1	1	2	1	1	1	1	1	1	1	2	2	2	2	1	1	1	2	1	2	1	1	2	1	1	2	1	1	1	1	1	1	1	1	1	1	1	1	2	1	2	1	1	2	1	1	2	2	2	2	2	1	2	1	1	2	2	1	1	1	1	1	1	1	1	1	1	1	1	1	1	1	1	1	1	1	1	2	1
4	2	2	2	2	2	1	2	2	1	1	1	1	1	1	1	1	2	1	1	1	1	2	1	1	2	2	2	1	1	2	1	2	2	2	1	1	2	1	1	2	1	1	1	1	1	1	1	1	1	1	1	1	2	1	2	1	1	2	1	1	2	2	2	2	2	1	2	1	1	2	2	1	1	1	1	1	1	1	1	1	1	1	1	1	1	1	1	1	1	1	1	2	1
5	2	2	2	2	2	1	2	2	1	1	1	1	2	1	1	1	1	1	1	1	1	1	1	1	2	2	2	1	1	2	1	2	2	2	1	1	2	1	1	2	1	1	1	1	2	2	1	1	1	2	1	1	2	2	2	1	1	2	1	1	2	2	2	2	2	1	2	1	1	1	2	1	2	1	1	1	1	1	1	1	2	1	1	1	1	1	1	2	1	1	1	2	1
5	2	2	2	2	2	1	2	2	1	1	1	1	2	1	1	1	1	1	1	1	1	1	1	1	2	2	2	1	1	2	1	1	1	2	1	1	2	1	1	2	1	1	1	1	2	1	1	1	1	1	1	1	2	2	2	1	2	2	1	1	2	2	2	2	2	1	2	1	1	2	2	1	2	1	1	1	1	1	1	1	1	1	1	1	1	1	1	1	1	1	1	2	1
5	2	2	2	2	2	1	2	2	1	1	1	1	2	1	1	1	1	1	1	1	1	1	1	1	2	2	2	1	1	1	1	2	2	2	1	1	2	1	1	2	1	1	1	1	2	2	1	1	1	1	2	1	2	2	2	1	2	2	1	1	2	2	2	2	2	1	2	1	1	2	2	1	1	1	1	1	1	1	1	1	1	1	1	1	1	1	1	2	1	1	1	2	1
6	2	2	2	2	1	1	2	2	1	1	1	1	2	1	1	1	1	1	1	1	2	1	1	1	2	2	2	1	2	2	1	2	1	2	2	1	2	1	1	2	1	1	1	1	2	1	1	1	1	1	1	2	2	1	1	1	1	2	2	1	2	2	2	2	2	1	2	1	1	2	2	1	1	1	1	1	1	1	1	1	2	1	1	1	1	1	1	1	1	1	1	2	1
6	2	2	2	2	2	1	2	2	1	1	1	1	1	1	1	1	1	1	1	1	1	1	1	1	2	2	2	1	2	2	1	2	2	2	2	1	2	1	1	2	1	1	1	1	2	2	1	1	1	1	1	1	2	1	1	1	1	1	1	1	2	2	2	2	2	1	2	1	1	2	2	1	1	1	1	1	1	2	1	1	2	1	1	1	1	1	1	2	1	1	1	2	1
6	2	2	2	2	2	1	2	2	1	1	1	1	2	1	1	1	1	1	1	1	1	1	1	1	2	2	2	1	1	2	1	1	1	2	2	1	2	1	1	2	1	1	1	1	2	1	1	1	1	2	1	2	1	1	2	1	1	1	1	1	2	2	2	2	2	1	2	1	1	2	2	1	1	1	1	1	1	1	1	1	2	1	1	1	1	1	1	2	1	1	1	2	1
7	2	2	2	2	2	1	2	2	1	1	1	2	1	1	1	1	1	1	1	1	1	1	1	1	2	2	2	1	1	2	1	2	2	2	2	1	2	1	1	2	1	1	1	1	2	1	1	1	1	1	1	2	2	2	2	1	1	2	2	1	2	2	2	2	2	1	2	1	1	2	2	1	1	1	1	1	1	1	1	1	1	1	1	1	1	1	1	1	1	1	1	2	1
7	2	2	2	2	2	1	2	2	2	2	1	1	1	1	1	1	1	1	1	1	1	1	1	1	2	2	2	1	1	1	1	2	2	2	1	1	2	1	1	2	1	1	1	1	2	1	1	1	1	1	2	1	1	1	1	1	1	2	2	1	2	2	2	2	2	1	2	1	1	2	2	1	1	1	1	1	1	2	1	1	1	1	1	1	1	1	1	1	1	1	1	2	1
7	2	2	2	2	2	1	2	2	1	1	1	1	1	1	1	1	1	1	1	1	1	1	1	1	2	2	2	1	1	2	1	2	1	2	1	1	2	1	1	2	1	1	1	1	2	1	1	1	1	1	1	1	2	1	1	1	1	2	1	1	2	2	2	1	2	1	2	1	1	2	2	1	1	1	1	1	1	1	1	1	1	1	1	1	1	1	1	2	1	1	1	2	1
8	2	2	2	2	2	1	2	2	1	1	1	1	2	1	1	1	1	1	2	1	1	1	1	1	2	2	2	1	1	2	1	2	2	2	2	1	2	1	1	2	1	1	1	1	2	1	1	1	1	1	2	2	2	2	2	1	1	2	1	2	2	2	2	2	2	1	2	1	1	2	2	1	1	1	1	1	1	2	1	1	1	1	1	1	1	1	1	1	1	1	1	2	1
8	2	2	2	2	2	1	2	2	1	1	1	1	1	1	1	1	1	1	1	1	1	1	1	1	2	2	2	1	1	2	1	2	1	2	1	1	2	1	1	2	1	1	1	1	2	1	1	1	1	1	1	1	2	2	2	1	1	2	1	2	2	2	2	2	2	1	2	1	1	2	2	1	1	1	1	1	1	2	1	1	1	1	1	1	1	1	1	1	1	1	1	2	1
8	2	2	2	2	2	1	2	2	1	1	1	1	1	1	1	1	1	1	1	1	1	1	1	1	2	2	2	1	1	2	1	2	1	2	2	1	2	1	1	2	1	1	1	1	2	2	1	1	1	1	1	1	2	2	2	1	1	2	1	2	2	2	2	2	2	1	2	1	1	2	2	1	1	1	1	1	1	2	1	1	2	1	1	1	1	1	1	1	1	1	1	2	1
9	2	2	2	2	2	1	2	2	1	1	1	1	2	1	1	1	1	1	1	1	1	1	1	1	2	2	2	1	2	2	1	2	1	2	2	1	2	1	1	2	1	1	1	1	1	1	1	1	1	1	1	2	2	1	1	1	1	2	1	1	2	2	2	2	2	1	2	1	1	1	2	1	1	1	1	1	1	2	1	1	1	1	1	1	1	1	1	1	1	1	1	1	1
9	2	2	2	2	2	1	2	2	1	2	1	1	2	1	1	1	1	1	1	1	1	1	1	1	2	2	2	1	1	1	1	2	1	2	2	1	2	1	1	2	1	1	1	1	1	1	1	1	1	1	1	1	2	1	1	1	1	2	1	1	2	2	2	2	2	1	2	1	1	2	2	1	1	1	1	1	1	1	1	1	2	2	1	1	1	1	1	1	2	1	1	1	1
9	2	2	2	2	2	1	2	2	1	2	1	1	2	1	1	1	1	1	1	1	1	1	1	1	2	2	2	1	1	2	1	2	1	2	2	1	2	1	1	2	1	1	1	1	1	1	1	1	1	1	1	2	2	1	2	1	1	2	1	1	2	2	2	2	2	1	2	1	1	2	2	1	1	1	1	1	1	1	1	1	1	1	1	1	1	1	1	1	2	1	1	1	1
10	2	2	2	2	2	1	2	2	1	2	1	1	2	1	1	1	1	1	1	1	1	1	1	1	2	2	2	1	1	2	1	2	1	2	2	1	2	1	1	2	1	1	1	1	1	1	1	1	1	1	1	1	1	1	1	2	1	2	1	1	2	2	2	2	2	1	2	1	1	2	2	1	1	1	1	1	1	1	1	1	2	1	1	1	1	1	1	1	1	1	1	2	1
10	2	2	2	2	2	1	2	2	1	2	1	1	2	1	1	1	1	1	1	1	1	1	1	1	2	2	2	1	1	2	1	2	1	2	2	1	2	1	1	2	1	1	1	1	1	1	1	1	1	1	1	1	1	1	1	1	1	2	1	1	2	2	2	2	2	1	2	1	1	2	2	1	1	1	1	1	1	1	1	1	1	1	1	1	1	1	1	1	2	1	1	2	1
10	2	2	2	2	2	1	2	2	1	2	1	1	2	1	1	1	1	1	1	1	1	1	1	1	2	2	2	1	1	2	1	2	1	2	1	1	2	1	1	2	1	1	1	1	1	1	1	1	1	1	1	1	2	1	2	1	1	2	1	1	2	2	2	2	2	1	2	1	1	2	2	1	1	1	1	1	1	1	1	1	1	1	1	1	1	1	1	1	2	1	1	2	1
11	2	2	2	2	2	1	2	2	1	1	1	1	2	1	1	1	1	1	2	1	1	1	1	1	2	2	2	1	1	2	1	2	1	2	2	1	2	1	1	2	1	1	1	1	2	1	1	1	1	1	1	1	2	1	1	2	1	2	1	1	2	2	2	2	2	1	2	1	1	2	2	1	1	1	2	1	1	1	1	1	1	1	1	1	1	1	2	1	1	1	1	2	1
11	2	2	2	2	1	1	2	2	1	1	1	1	2	1	1	1	2	1	1	1	1	1	1	1	2	2	2	1	1	2	1	2	1	2	2	1	2	1	1	2	1	1	1	1	1	1	1	1	1	1	1	1	1	1	1	2	1	2	1	1	2	2	2	2	2	1	2	1	1	2	2	1	1	1	1	1	1	1	1	1	1	1	1	1	1	1	1	1	1	1	1	2	1
11	2	2	2	2	2	1	2	2	1	1	1	1	2	1	1	1	2	1	2	1	1	1	1	1	2	2	2	1	1	2	1	2	1	2	2	1	2	1	1	2	1	1	1	1	1	1	1	1	1	1	1	1	1	1	1	1	1	2	1	1	2	2	2	2	2	1	2	1	1	2	2	1	1	1	1	1	2	1	2	1	1	1	1	1	1	1	2	1	1	1	1	2	1
12	2	2	2	2	2	1	2	2	1	1	1	1	2	1	1	1	1	1	1	1	1	1	1	1	2	2	2	1	1	2	1	2	2	2	1	1	2	1	1	2	1	1	1	1	1	1	1	1	1	1	2	2	2	1	2	1	1	2	1	1	2	2	1	2	2	1	2	1	1	2	2	1	1	1	1	1	1	1	1	1	1	1	1	1	1	1	1	1	1	1	1	2	1
12	2	2	2	2	2	1	2	2	1	1	1	1	1	1	2	1	1	1	1	1	1	1	1	1	2	2	2	1	1	2	1	2	2	2	1	1	1	1	1	2	1	1	2	1	1	1	2	1	1	1	2	2	1	2	2	1	1	2	1	1	2	2	1	2	2	1	2	1	1	1	2	1	1	1	1	1	1	1	1	1	1	1	1	1	1	1	1	1	1	1	1	2	1
12	2	2	2	2	2	1	2	2	1	1	1	1	2	1	1	1	1	1	1	1	1	1	1	1	2	2	2	1	1	2	1	2	1	2	2	1	2	1	1	2	1	1	1	1	1	2	1	1	1	1	1	2	2	2	2	1	1	2	1	1	2	2	2	2	2	1	2	1	1	2	2	1	1	1	1	1	1	1	1	1	1	1	1	1	1	1	1	2	1	1	1	2	1
13	2	2	2	2	2	1	2	2	1	1	1	1	2	1	2	1	1	1	1	1	1	1	1	1	2	2	2	1	1	2	1	2	1	2	1	1	2	1	1	2	1	1	1	1	1	1	1	1	1	1	1	1	2	2	1	1	2	2	1	1	2	2	2	2	2	1	2	1	1	2	2	1	1	1	1	1	1	1	1	1	1	1	1	1	1	1	1	2	1	1	1	2	1
13	2	2	1	2	2	1	2	2	1	1	1	1	1	1	1	1	1	1	1	1	1	1	1	1	2	2	2	1	1	2	1	2	1	2	1	1	2	1	1	2	1	1	1	1	1	1	1	1	1	2	1	2	2	2	2	1	2	1	1	1	2	2	2	1	2	1	2	1	1	2	2	1	1	1	1	1	1	1	2	1	1	1	1	1	1	1	1	1	1	1	1	2	1
13	2	2	2	2	2	1	1	2	1	1	1	1	1	1	2	1	1	1	1	1	1	1	1	1	2	2	2	1	1	1	1	2	2	2	2	1	2	1	1	2	1	1	1	1	2	2	1	1	1	2	1	2	2	1	1	1	2	1	1	1	2	2	2	2	2	1	2	1	1	2	2	1	1	1	1	1	1	1	1	1	2	1	1	1	1	1	1	2	1	2	1	1	1
14	2	2	2	2	2	1	2	2	1	1	1	1	1	1	1	1	1	1	1	1	1	1	1	1	2	2	1	1	1	2	1	2	1	2	2	1	2	1	1	2	1	2	1	1	1	1	1	1	1	1	1	1	1	1	1	1	2	2	1	1	2	2	2	2	2	1	2	1	1	2	2	1	1	1	1	1	1	1	1	1	2	1	1	1	1	1	1	1	1	1	1	1	1
14	2	2	2	2	1	1	2	2	1	1	1	1	2	1	1	1	1	1	1	1	1	1	1	1	2	2	2	1	1	2	1	2	1	2	2	1	2	1	1	2	2	1	1	1	2	2	1	1	1	1	1	1	2	2	1	1	1	2	1	1	2	2	2	2	2	1	2	2	1	2	2	1	1	1	1	1	1	2	1	1	1	1	1	1	1	1	2	1	1	1	1	2	1
14	2	2	2	2	2	1	1	2	1	1	1	1	1	1	1	1	1	1	2	1	1	1	1	1	2	2	2	1	1	1	1	2	2	2	1	1	2	1	1	1	1	1	1	1	2	1	1	1	1	1	1	1	2	1	2	1	1	2	1	1	2	2	2	2	2	1	2	1	1	2	2	1	1	1	1	1	1	1	1	1	2	1	1	1	1	1	1	1	1	1	1	2	1
15	2	2	2	2	2	1	2	2	1	1	1	1	1	1	1	1	1	1	2	1	1	1	1	1	2	2	2	1	1	1	1	2	1	2	1	1	2	1	1	2	1	1	1	1	2	1	1	1	1	1	1	1	2	1	1	1	1	2	2	1	2	2	2	2	2	1	2	1	1	2	2	1	1	1	1	1	1	2	1	1	1	1	1	1	1	1	1	1	1	1	1	2	1
15	2	2	2	2	2	1	2	2	1	1	1	1	1	1	1	1	1	1	2	1	1	1	1	1	2	2	2	1	1	2	1	2	1	2	2	1	2	1	1	2	1	1	1	1	2	1	1	1	1	1	1	1	2	1	1	2	1	2	1	1	2	2	2	2	2	1	2	2	1	2	2	1	1	1	1	1	1	2	1	1	2	1	1	1	1	1	1	1	1	1	1	2	1
15	2	2	2	2	2	1	2	2	1	1	1	1	1	1	1	1	1	1	1	1	1	1	1	1	2	2	2	1	1	1	1	2	1	2	2	1	2	1	1	2	1	1	1	1	2	1	1	1	1	1	1	1	1	2	2	1	1	2	1	1	2	2	2	2	2	1	2	1	1	2	2	1	1	1	1	1	1	2	1	1	2	1	1	1	1	1	1	1	1	1	1	2	1
16	2	2	2	2	2	1	2	2	1	1	1	2	2	1	1	1	1	1	1	1	1	1	1	1	2	2	2	1	1	2	1	2	1	2	2	1	2	1	1	2	1	1	1	1	1	1	1	2	1	1	1	1	2	1	2	2	1	2	1	1	2	2	2	2	2	1	2	1	1	2	2	1	1	1	1	1	1	2	1	1	1	1	1	1	1	1	1	1	1	1	1	2	1
16	2	2	2	2	2	1	2	2	1	1	1	1	2	1	1	1	1	1	1	1	1	1	1	1	2	2	2	1	1	2	1	2	1	2	1	1	2	1	1	2	1	1	1	1	2	1	1	1	1	1	1	1	2	1	1	1	1	2	1	1	2	2	2	2	2	1	2	2	1	2	2	1	1	1	1	1	1	1	1	1	1	1	1	1	1	1	1	1	1	1	1	2	1
16	2	2	2	2	2	1	2	2	1	1	1	2	1	1	1	1	2	1	1	1	1	1	1	1	2	2	2	1	2	2	1	2	2	2	2	1	2	1	1	2	1	1	1	1	1	1	1	1	1	1	1	1	2	1	2	1	1	2	1	1	2	2	2	2	2	1	2	1	1	2	2	1	1	1	1	1	1	1	1	1	1	1	1	1	1	1	1	1	1	1	1	2	1
17	2	2	2	2	2	1	2	2	1	1	1	1	2	1	1	1	2	1	1	1	1	1	1	1	2	2	2	1	1	2	1	2	1	2	2	1	2	1	1	2	1	1	1	1	2	1	1	1	1	1	2	1	2	1	2	1	1	2	1	1	2	2	2	2	2	1	2	1	1	2	2	1	1	1	1	1	1	1	1	1	1	1	1	1	1	1	1	1	1	1	1	1	1
17	2	2	2	2	2	1	2	2	1	1	1	1	2	1	1	1	1	1	1	1	1	1	1	1	2	2	2	1	1	2	1	2	1	2	2	1	2	1	1	2	1	1	1	1	2	1	1	1	1	1	2	1	2	1	1	1	1	2	1	1	2	2	2	2	2	1	2	1	1	2	2	1	1	1	1	1	1	2	1	1	2	1	1	1	1	1	1	1	1	1	1	2	1
17	2	2	2	2	2	1	2	2	1	2	1	1	2	1	1	1	1	1	1	1	1	1	1	1	2	2	2	1	2	2	1	2	1	2	1	1	2	1	1	2	1	1	1	1	2	1	1	1	1	1	2	1	2	1	1	1	1	2	1	1	2	2	2	2	2	1	2	1	1	2	2	1	1	1	1	1	1	2	1	1	1	1	1	1	1	1	1	1	1	1	1	2	1
18	2	2	2	2	1	1	2	2	1	1	1	1	2	1	1	1	1	1	2	1	1	1	1	1	2	2	2	1	1	2	1	2	1	2	1	1	2	1	1	2	1	1	1	1	1	1	1	1	1	1	1	1	2	1	1	1	1	2	1	1	2	2	2	2	2	1	2	1	1	1	2	1	1	1	1	1	1	1	1	1	1	2	1	1	1	1	1	1	1	1	1	2	1
18	2	2	2	2	2	1	2	2	1	2	1	1	2	1	1	1	1	1	2	1	1	1	1	1	2	2	2	1	1	2	1	2	1	2	2	1	2	1	1	2	1	1	1	1	1	1	1	1	1	1	1	1	2	1	1	1	1	2	1	1	2	2	2	2	2	1	2	1	1	2	2	1	1	1	1	1	1	1	1	1	1	2	1	1	1	1	1	1	1	1	1	2	1
18	2	2	2	2	2	1	2	2	1	1	1	1	2	1	1	1	2	1	2	1	1	1	1	1	2	2	2	1	1	2	1	2	1	2	2	1	2	1	1	2	1	1	2	1	1	1	1	1	1	1	1	1	2	1	1	1	1	2	1	1	2	2	2	2	2	1	2	1	1	2	2	1	1	1	1	1	1	1	1	1	1	1	1	1	1	1	1	1	1	1	1	1	1
19	2	2	2	2	2	1	2	2	1	2	1	1	2	1	1	1	1	1	1	1	1	1	1	1	2	2	2	1	1	1	1	2	1	2	2	1	2	1	1	2	1	1	1	1	2	1	1	1	1	1	1	1	2	1	2	1	2	2	1	1	2	2	2	2	2	1	2	1	1	2	2	1	1	1	1	1	1	1	1	1	1	1	1	1	1	1	1	1	1	1	1	2	1
19	2	2	2	2	2	1	2	2	1	1	1	1	1	1	1	1	1	1	1	1	1	1	1	1	2	2	2	1	1	2	1	2	1	2	2	1	2	1	1	2	1	1	1	1	1	1	1	1	1	1	1	1	2	1	2	2	1	2	1	1	2	2	2	2	2	1	2	1	1	2	2	1	1	1	1	1	1	1	1	2	1	1	1	1	1	1	1	1	1	1	1	2	1
19	2	2	2	2	2	1	2	2	1	1	1	1	2	1	1	1	2	1	2	1	1	1	1	1	2	2	2	1	1	1	1	2	1	2	1	1	2	1	1	2	1	1	1	1	1	1	1	1	1	1	1	1	2	1	1	1	1	2	1	1	2	2	2	2	2	1	2	1	1	2	2	1	1	1	1	1	1	1	1	2	1	1	1	1	1	1	1	1	1	1	1	2	1
20	2	2	2	2	1	1	2	2	1	1	1	1	1	1	1	1	2	1	1	1	1	1	1	1	2	2	2	1	1	2	1	2	1	2	1	1	2	1	1	2	2	1	1	1	2	1	1	1	1	1	2	1	2	1	1	1	1	2	1	1	2	2	2	2	2	1	2	1	1	2	2	1	1	1	1	1	1	1	1	1	1	2	1	1	1	1	1	1	1	1	1	2	1
20	2	2	2	2	2	1	2	2	1	1	1	1	2	1	1	1	1	1	1	1	1	1	1	1	2	2	2	1	1	2	1	2	1	2	1	1	2	1	1	2	1	1	1	1	2	1	1	1	1	1	1	1	2	1	1	1	1	2	1	1	2	2	2	2	2	1	2	1	1	2	2	1	1	1	1	1	1	1	1	1	1	1	1	1	1	1	2	1	1	1	1	1	1
20	2	2	2	2	2	1	2	2	1	1	1	1	2	1	1	1	2	1	2	1	1	1	1	1	2	2	2	1	1	2	1	2	1	2	2	1	2	1	1	2	1	1	1	1	1	1	1	1	1	1	2	1	2	1	1	1	1	2	1	1	2	2	2	2	2	1	2	1	1	2	2	1	1	1	1	1	1	1	1	1	1	1	1	1	1	1	1	1	1	1	1	1	1
21	2	2	2	2	2	1	2	2	1	1	1	1	2	1	1	1	1	1	1	1	1	1	1	1	2	2	2	1	1	2	1	2	2	2	1	1	2	1	1	2	1	1	1	1	1	1	1	1	1	2	1	2	2	2	2	1	1	2	1	2	2	2	2	2	2	1	2	1	1	2	2	1	2	2	1	1	1	1	1	1	2	1	1	1	1	1	1	2	1	1	1	2	1
21	2	2	2	2	2	1	2	2	1	1	1	1	2	1	2	1	1	1	1	1	1	1	1	1	2	2	2	1	1	2	2	2	1	2	1	1	2	1	1	2	1	1	1	1	2	1	1	1	1	2	1	1	2	2	2	1	1	2	1	1	2	2	2	2	2	1	2	1	1	2	2	1	2	1	1	1	1	1	1	1	2	1	1	1	1	1	1	2	1	1	1	2	1
21	2	2	2	2	2	1	2	2	1	1	1	1	2	1	2	1	1	1	1	1	1	1	1	1	2	2	2	1	1	2	1	2	2	2	2	1	2	1	1	2	1	1	1	1	1	2	1	1	1	1	1	1	2	2	2	1	1	2	1	1	2	2	2	2	2	1	2	1	1	2	2	1	2	1	1	1	1	1	1	1	1	1	1	1	1	1	1	2	1	1	1	2	1
22	2	2	2	2	2	1	2	2	1	1	1	1	2	1	1	1	1	1	1	1	1	1	1	1	2	2	2	1	1	2	1	2	2	2	1	1	2	1	1	2	1	1	1	1	1	2	1	1	1	2	2	2	1	1	2	1	1	2	1	1	2	2	2	2	2	1	2	2	1	2	2	1	1	1	1	1	1	1	1	1	1	1	1	1	2	1	1	2	1	1	1	2	1
22	2	2	1	2	2	1	2	2	1	1	1	1	2	1	1	1	1	1	1	1	1	1	1	1	2	2	2	1	1	2	1	2	2	2	1	1	2	1	1	2	1	1	1	1	1	1	1	1	1	1	2	2	1	2	2	1	1	2	1	2	2	2	2	2	2	1	2	1	1	2	2	1	2	1	1	1	1	1	1	1	1	1	1	1	1	1	1	1	1	1	1	2	1
22	2	2	1	2	2	1	2	2	1	1	1	1	2	1	1	1	1	1	1	1	1	1	1	1	2	2	2	1	1	2	1	2	2	2	1	1	2	1	1	2	1	1	1	1	1	1	2	1	1	2	2	2	1	1	1	1	1	2	1	1	2	2	2	2	2	1	2	1	1	2	2	1	1	1	1	1	1	1	1	1	2	1	1	1	2	1	1	2	1	1	1	2	1
23	2	2	2	2	2	1	2	2	1	1	1	1	2	1	2	1	1	1	1	1	1	1	1	1	2	2	2	1	1	2	1	2	2	2	1	1	2	1	1	2	1	1	1	1	1	1	1	1	1	2	1	1	2	1	1	1	2	2	1	2	2	2	2	2	2	1	2	1	1	2	2	1	1	1	1	1	1	1	1	1	1	1	1	1	1	1	1	1	1	1	1	2	1
23	2	2	2	2	2	1	2	2	1	1	1	1	2	1	1	1	1	1	1	1	1	1	1	1	2	2	2	1	2	2	1	2	1	2	1	1	2	1	1	2	2	1	1	1	1	2	1	1	1	2	1	2	2	1	2	1	1	2	1	1	2	2	2	2	2	1	2	1	1	2	2	1	1	1	1	1	1	1	1	1	1	1	1	1	2	1	1	2	1	1	1	2	1
23	2	2	2	2	2	1	2	2	1	1	1	1	2	1	1	1	1	1	1	1	1	1	1	1	2	2	2	1	2	2	1	2	1	2	1	1	2	1	1	2	1	1	1	1	2	1	1	1	1	2	1	2	2	2	2	1	2	2	1	2	2	2	2	2	2	1	2	1	1	1	2	1	1	1	1	1	1	1	1	1	2	1	1	1	1	1	1	1	1	1	1	2	1
24	2	2	2	2	2	1	2	2	1	1	1	1	2	1	1	1	1	1	1	1	1	1	1	1	2	2	2	2	1	2	1	2	1	2	2	1	2	1	1	2	1	1	1	1	2	1	1	1	1	2	2	1	2	1	1	2	2	2	1	1	2	2	2	2	2	1	2	1	1	2	2	1	1	1	1	1	1	1	1	1	1	1	1	1	1	1	1	1	1	1	1	2	1
24	2	2	2	2	2	1	2	2	1	1	1	1	2	1	1	1	1	1	1	1	1	1	1	1	2	2	2	1	1	2	1	2	1	2	2	1	2	1	1	2	1	1	1	1	2	1	1	1	1	2	1	1	2	1	1	1	1	2	1	1	2	2	2	2	2	1	2	1	1	2	2	1	1	1	1	1	1	1	1	1	1	1	1	1	1	1	1	1	1	1	1	2	1
24	2	2	2	2	2	1	2	2	1	1	1	1	2	1	1	1	1	1	1	1	1	1	1	1	2	2	2	1	1	2	1	2	1	2	1	1	2	1	1	2	1	1	1	1	2	1	1	1	1	1	2	1	2	1	2	1	1	2	1	1	2	2	2	2	2	1	2	1	1	2	2	1	1	1	1	1	1	1	1	1	2	1	1	1	1	1	2	1	1	1	1	2	1
25	2	2	2	2	2	1	2	2	1	1	1	1	1	1	1	1	1	1	1	1	2	1	1	1	2	2	2	1	1	2	1	2	1	2	1	1	2	1	1	2	1	1	1	1	1	1	1	1	1	1	1	1	2	1	2	1	1	1	1	1	2	2	2	2	2	1	2	1	1	2	2	1	1	1	1	1	1	1	1	1	1	1	1	1	1	1	1	1	1	1	1	2	1
25	2	2	2	2	2	1	2	2	1	1	1	2	1	1	1	1	1	1	1	1	2	1	1	1	2	2	2	1	1	2	1	2	1	2	1	1	2	1	1	2	1	1	1	1	2	2	1	1	1	1	1	1	2	2	1	1	1	2	2	1	2	2	2	2	2	1	2	1	1	2	2	1	1	1	1	1	1	1	1	1	2	1	1	1	1	1	1	1	1	1	1	2	1
25	2	2	2	2	2	1	2	2	1	1	1	2	1	1	1	1	1	1	1	1	1	1	1	1	2	2	2	1	1	2	1	2	1	2	1	1	2	1	1	2	1	1	1	1	2	2	1	1	1	1	1	1	1	2	1	1	1	2	1	1	2	2	2	2	2	1	2	1	1	2	2	1	1	1	1	1	1	1	1	1	1	1	1	1	1	1	1	1	1	1	1	2	1
26	2	2	2	2	2	1	2	2	1	1	1	1	1	1	1	1	1	1	1	1	2	1	1	1	2	2	2	1	1	2	1	2	1	2	1	1	2	1	1	2	1	1	1	1	2	1	1	1	1	1	1	1	2	1	1	1	1	2	1	1	2	2	2	2	2	1	2	1	1	2	2	1	1	1	1	1	1	2	1	1	1	1	1	1	1	1	1	2	1	1	1	2	1
26	2	2	2	2	2	1	2	2	1	1	1	1	1	1	1	1	1	1	1	1	1	1	1	1	2	2	2	1	1	2	1	2	1	2	1	1	2	1	1	2	1	1	1	1	2	1	1	1	1	1	1	1	2	1	1	1	1	2	1	1	2	2	2	2	2	1	2	1	1	2	2	1	1	1	1	1	1	2	1	1	1	1	1	1	1	1	1	1	1	1	1	2	1
26	2	2	2	2	2	1	2	2	1	1	1	1	1	1	1	1	1	1	1	1	1	1	1	1	2	2	2	1	1	2	1	2	1	2	1	1	2	1	1	2	1	1	1	1	2	1	1	1	1	1	1	1	2	1	1	1	1	2	1	1	2	2	2	2	2	1	2	1	1	2	2	1	1	1	1	1	1	2	1	1	1	1	1	1	1	1	1	1	1	1	1	2	1
27	2	2	1	2	2	1	2	2	1	1	1	1	1	1	1	1	1	1	1	1	1	1	1	1	1	1	1	1	1	1	1	1	1	1	1	1	1	1	1	1	1	1	1	1	1	1	1	1	1	1	1	1	1	1	1	1	1	1	1	1	2	2	1	2	2	1	2	1	1	2	2	1	1	1	1	1	1	2	1	1	1	1	1	1	1	1	1	1	1	1	1	1	1
27	2	2	2	2	2	1	2	2	1	1	1	1	1	1	1	1	1	1	1	1	1	1	1	1	2	2	2	1	1	2	1	2	1	2	1	1	2	1	1	2	1	1	1	1	2	1	1	1	1	1	1	1	2	1	1	1	2	2	1	1	2	2	2	2	2	1	2	1	1	2	2	1	1	1	1	1	1	2	1	1	1	1	1	1	1	1	2	1	1	1	1	2	1
27	2	2	2	2	2	1	2	2	1	1	1	2	1	1	1	1	1	1	1	1	1	1	1	1	2	2	2	1	1	2	1	2	1	2	1	1	2	1	1	2	1	1	1	1	2	1	1	1	1	1	1	1	2	1	2	1	1	2	1	1	2	2	2	2	2	1	2	1	1	2	2	1	1	1	1	1	1	2	1	1	1	1	1	1	1	1	1	1	1	1	1	2	1
28	2	2	2	2	2	1	2	2	1	2	1	1	2	1	1	1	1	1	1	1	1	1	1	1	2	2	2	1	1	2	1	2	1	2	2	1	2	1	1	2	1	1	1	1	1	1	1	1	1	1	1	1	2	1	1	1	1	2	1	1	2	2	2	2	2	1	2	1	1	2	2	1	1	1	1	1	1	1	1	1	1	1	1	1	1	1	1	1	1	1	1	2	1
28	2	2	2	2	2	1	2	2	1	1	1	1	1	1	1	1	2	1	1	1	1	1	1	1	2	2	2	1	1	2	1	2	1	2	2	1	2	1	1	2	1	1	1	1	1	1	1	1	1	1	2	2	2	1	2	2	2	2	1	1	2	2	2	2	2	1	2	1	1	2	2	1	1	1	1	1	1	2	1	1	1	1	1	1	1	1	1	1	2	1	1	2	1
28	2	2	2	2	2	1	2	2	1	1	1	1	1	1	1	1	1	1	1	1	1	1	1	1	2	2	2	1	1	2	1	2	1	2	2	1	2	1	1	2	1	1	1	1	1	1	1	1	1	1	1	1	2	1	1	2	1	2	1	1	2	2	2	2	2	1	2	1	1	1	2	1	1	1	1	1	1	1	1	1	1	1	1	1	1	1	1	1	2	1	1	2	1
29	2	2	2	2	2	1	2	2	1	2	1	1	2	1	1	1	1	1	1	1	1	1	1	1	2	2	2	1	1	1	1	2	1	2	1	1	2	1	1	2	1	1	1	1	1	1	1	1	2	1	1	1	2	1	2	1	1	2	1	1	2	2	2	2	2	1	2	1	1	2	2	1	1	1	1	1	1	1	1	1	1	1	1	1	1	1	1	1	1	1	1	2	1
29	2	2	2	2	2	1	2	2	1	2	1	1	2	1	1	1	1	1	1	1	1	1	1	1	2	2	2	2	1	1	1	2	1	2	2	1	2	1	1	2	1	1	1	1	1	1	1	1	1	1	1	1	2	1	1	1	2	2	1	1	2	2	2	2	2	1	2	1	1	2	2	1	1	1	1	1	1	1	1	1	2	1	1	1	1	1	1	1	1	1	1	2	1
29	2	2	2	2	2	1	2	2	1	1	1	1	2	1	1	1	2	1	1	1	1	1	1	1	2	2	2	1	1	2	1	2	1	2	2	1	2	1	1	2	2	1	1	1	2	1	1	1	1	1	1	2	2	1	2	2	1	2	1	1	2	2	2	2	2	1	2	1	1	2	2	1	1	1	1	1	1	1	1	1	1	1	1	1	1	1	1	1	1	1	1	2	1
30	2	2	2	2	2	1	2	2	1	1	1	1	2	1	1	1	1	1	1	1	1	1	1	1	2	2	2	1	1	2	1	2	2	2	2	1	2	1	1	2	1	1	1	1	2	1	1	1	2	1	2	1	2	1	1	1	1	2	1	1	2	2	2	2	2	1	2	1	1	2	2	1	1	1	1	1	1	1	1	1	1	1	1	1	1	1	2	1	1	1	1	2	1
30	2	2	2	2	2	1	2	2	1	1	1	1	2	1	1	1	1	1	2	1	1	1	1	1	2	2	2	1	1	2	1	2	1	2	2	1	2	1	1	2	1	1	1	1	2	1	1	1	1	1	1	1	2	1	2	1	2	2	1	1	2	2	2	2	2	1	2	1	1	2	2	1	1	1	1	1	1	1	1	1	2	2	1	1	1	1	1	1	1	1	1	1	1
30	2	2	2	2	2	1	2	2	1	1	1	1	2	1	1	1	1	1	1	1	1	1	1	1	2	2	2	1	1	2	1	2	1	2	1	1	2	1	1	2	1	1	1	1	2	1	1	1	1	1	1	1	2	1	2	1	2	2	1	1	2	2	2	2	2	1	2	1	1	2	2	1	1	1	1	1	1	1	1	1	2	1	1	1	1	1	1	1	1	1	1	1	1
31	2	2	2	2	2	1	1	2	1	1	1	1	2	1	1	1	1	1	1	1	1	1	1	1	2	2	2	1	1	2	1	2	2	2	1	1	2	1	1	2	1	1	1	1	1	1	1	1	1	1	1	2	2	2	2	1	2	2	1	1	2	2	2	2	2	1	2	1	1	2	2	1	2	1	1	1	1	1	1	1	1	1	1	1	1	1	1	2	1	1	1	2	1
31	2	2	2	2	2	1	2	2	2	1	1	1	1	1	2	1	1	1	1	1	1	1	1	1	2	2	2	1	1	2	1	2	1	2	1	1	2	1	1	2	1	1	1	1	1	1	1	1	1	2	1	2	2	2	2	1	1	2	1	1	2	2	2	2	2	1	2	1	1	2	2	1	1	1	1	1	1	1	1	1	1	1	1	1	1	1	1	1	1	1	1	2	1
31	2	2	2	2	2	1	2	2	2	1	1	1	2	1	2	1	1	1	1	1	1	1	1	1	2	2	2	1	1	2	1	2	2	2	1	1	2	1	1	2	1	1	1	1	1	1	1	1	1	2	1	2	2	1	2	1	2	2	1	1	2	2	2	2	2	1	2	1	1	2	2	1	2	2	1	1	1	1	1	1	2	1	1	1	1	1	1	1	1	1	1	2	1
32	2	2	2	2	2	1	2	2	2	1	1	1	1	1	1	1	1	1	1	1	1	1	1	1	2	2	2	1	1	2	1	2	1	2	1	1	2	1	1	2	1	1	1	1	1	2	1	1	1	2	2	2	2	2	1	1	1	2	1	2	2	2	2	2	2	1	2	1	1	2	2	1	1	1	1	1	1	1	1	1	1	1	1	1	1	1	1	2	1	1	1	2	1
32	2	2	2	2	2	1	2	2	1	1	1	1	2	1	1	1	1	1	1	1	1	1	1	1	2	2	2	1	1	2	1	2	1	2	1	1	2	1	1	2	1	1	1	1	1	1	1	1	1	2	2	2	2	1	1	1	1	2	1	1	2	2	2	2	2	1	2	1	1	2	2	1	1	1	1	1	1	1	1	1	1	1	1	1	1	1	1	1	1	1	1	2	1
32	2	2	2	2	2	1	2	2	1	1	2	1	2	1	1	1	1	1	1	1	1	1	1	1	2	2	2	1	1	2	1	2	2	2	1	1	2	1	1	2	1	1	1	1	1	1	1	1	1	1	2	2	2	2	1	1	1	2	1	1	2	2	2	2	2	1	2	1	1	2	2	1	1	1	1	1	1	1	1	1	2	1	1	1	1	1	1	2	1	1	1	2	1
33	2	2	2	2	2	1	2	2	1	1	1	1	2	1	1	1	1	1	1	1	1	1	1	1	2	2	2	1	1	2	2	2	1	2	1	1	2	1	1	2	1	1	1	1	1	1	1	1	1	1	1	1	2	2	2	1	2	2	1	1	2	2	2	2	1	1	2	1	1	2	2	1	2	1	1	1	1	1	1	1	2	1	1	1	1	1	1	2	1	1	1	2	1
33	2	2	1	2	2	1	2	2	1	1	1	1	2	1	1	1	1	1	1	1	1	1	1	1	2	2	2	1	1	2	1	2	1	2	2	1	2	1	1	2	1	1	1	1	1	1	1	1	1	1	2	2	1	2	1	1	1	2	1	1	2	2	2	2	2	1	2	1	1	2	2	1	1	1	1	1	1	1	1	1	1	1	1	1	1	1	1	2	1	1	1	2	1
33	1	1	1	2	2	1	2	2	1	1	1	1	1	1	1	1	1	1	1	1	1	1	1	1	1	1	1	1	1	1	1	1	1	1	1	1	1	1	1	1	1	1	1	1	1	1	1	1	1	1	1	1	1	1	1	1	1	1	1	1	1	2	1	2	2	1	2	1	1	2	1	1	1	1	1	1	1	1	1	1	1	1	1	1	1	1	1	1	1	1	1	2	1
34	2	2	2	2	2	1	2	2	1	1	1	1	2	1	1	1	1	1	1	1	1	1	1	1	2	2	2	1	1	2	1	2	2	2	2	1	2	1	1	2	1	1	1	1	1	2	1	1	1	2	2	1	2	2	2	1	1	2	1	2	2	2	2	2	2	1	2	1	1	2	2	1	1	1	1	1	1	1	1	1	2	1	1	1	1	1	1	1	1	1	1	2	1
34	2	2	2	2	2	1	2	2	1	1	1	1	2	1	1	1	1	1	1	1	1	1	1	1	2	2	2	1	1	2	1	2	2	2	1	1	2	1	1	2	1	1	1	1	1	1	1	1	1	1	2	2	2	1	2	1	1	2	1	1	2	2	2	2	2	1	2	1	1	2	1	1	1	1	1	1	1	1	1	1	1	1	1	1	1	1	1	2	1	1	1	2	1
34	2	2	2	2	2	1	2	2	1	1	1	1	2	1	1	1	1	1	1	1	1	1	1	1	2	2	2	1	1	2	1	2	1	2	1	1	2	1	1	2	1	1	1	1	1	2	1	1	1	2	1	1	2	2	2	1	1	2	1	2	2	2	2	2	2	1	2	1	1	2	2	1	1	1	1	1	1	1	1	1	1	1	1	1	1	1	1	2	1	1	1	2	1
35	2	2	2	2	2	1	2	2	1	1	1	1	2	1	1	1	1	1	1	1	1	1	1	1	2	2	2	1	1	2	1	2	1	2	1	1	2	1	1	2	1	1	1	1	1	2	1	2	1	1	1	2	2	2	2	1	1	2	1	1	2	2	2	2	2	1	2	1	1	2	2	1	1	1	1	1	1	1	1	1	1	1	1	1	1	1	1	1	1	1	1	2	1
35	2	2	2	2	2	1	2	2	1	1	1	1	2	1	2	1	1	1	1	1	1	1	1	1	2	2	2	1	1	2	1	2	2	2	1	1	2	1	1	2	1	1	1	1	1	2	1	1	1	1	2	2	2	2	2	1	2	2	1	2	2	2	2	2	2	1	2	1	1	2	2	1	1	1	1	1	1	1	1	1	1	1	1	1	1	1	1	2	1	1	1	2	1
35	2	2	2	2	2	1	2	2	1	1	1	1	2	1	1	1	1	1	1	1	1	1	1	1	2	2	2	1	1	2	1	2	2	2	1	1	2	1	1	2	1	1	1	1	1	1	1	1	1	1	1	2	2	2	2	1	2	2	1	1	2	2	2	2	2	1	2	1	1	2	2	1	1	1	1	1	1	1	1	1	2	1	1	1	1	1	1	2	1	1	1	2	1
36	2	2	2	2	2	1	2	2	1	1	1	1	1	1	1	1	1	1	1	1	1	1	1	1	2	2	2	1	1	2	1	2	1	2	1	1	2	1	1	2	1	1	1	1	2	1	1	1	1	1	1	1	2	2	2	1	1	2	1	1	2	2	2	2	2	1	2	1	1	2	2	1	1	1	1	1	1	1	1	1	1	1	1	1	1	1	1	1	1	1	1	2	1
36	2	2	2	2	2	1	2	2	1	1	1	1	1	1	1	1	1	1	1	1	1	1	1	1	2	2	2	1	1	2	1	2	1	2	1	1	2	1	1	2	1	1	1	1	1	2	1	1	1	1	1	1	2	1	2	1	1	1	1	1	2	2	2	2	2	1	2	1	1	2	2	1	1	1	1	1	1	1	1	1	1	1	1	1	1	1	1	2	1	1	1	2	1
36	2	2	2	2	2	1	2	2	1	1	1	1	1	1	1	1	1	1	1	1	1	1	1	1	2	2	2	1	1	2	1	2	1	2	1	1	2	1	1	2	1	1	1	1	1	2	1	1	1	1	2	1	1	1	1	1	1	2	1	1	2	2	2	2	2	1	2	1	1	2	2	1	1	1	1	1	1	1	1	1	1	1	1	1	1	1	1	1	1	1	1	2	1
37	2	2	2	2	2	1	2	2	1	1	1	1	1	1	1	1	1	1	1	1	2	1	1	1	2	2	2	1	1	2	1	2	1	2	1	1	2	1	1	2	1	1	1	1	2	1	1	1	1	1	1	1	2	1	2	1	1	2	2	1	2	2	2	2	2	1	2	1	1	2	2	1	1	1	1	1	1	2	1	1	1	1	1	1	1	1	1	1	1	1	1	2	1
37	2	2	2	2	2	1	2	2	1	1	1	2	1	1	1	1	1	1	1	1	2	1	1	1	2	2	2	1	1	2	1	2	1	2	1	1	2	1	1	2	1	1	1	1	2	1	1	1	1	1	1	1	2	1	1	2	1	2	1	1	2	2	2	2	2	1	2	1	1	2	2	1	1	1	1	1	1	2	1	1	1	1	1	1	1	1	1	1	1	1	1	2	1
37	2	2	2	2	2	1	2	2	1	1	1	2	1	1	1	1	1	1	1	1	1	1	1	1	2	2	2	1	1	2	1	2	1	2	1	1	2	1	1	2	1	1	1	1	2	1	1	1	1	1	1	1	1	1	1	1	1	2	1	1	2	2	2	2	2	1	2	1	1	2	2	1	1	1	1	1	1	2	1	1	1	1	1	1	1	1	1	1	1	1	1	2	1
38	2	2	2	2	2	1	2	2	1	1	1	1	1	1	1	1	1	1	1	1	1	1	1	1	2	2	2	1	2	2	1	2	1	2	1	1	2	1	1	2	1	1	1	1	1	1	1	1	1	1	1	1	2	1	2	1	1	2	1	1	2	2	2	2	2	1	2	1	1	2	2	1	1	1	1	1	1	2	1	1	1	1	1	1	1	1	1	1	1	1	1	2	1
38	2	2	2	2	2	1	2	2	1	1	1	1	1	1	1	1	1	1	1	1	1	1	1	1	2	2	2	1	1	2	1	2	1	2	1	1	2	1	1	2	1	1	1	1	2	1	1	1	1	1	2	1	2	1	1	1	1	2	1	1	2	2	2	2	2	1	2	1	1	2	2	1	1	1	1	1	1	2	1	1	1	1	1	1	1	1	1	1	1	1	1	2	1
38	2	2	1	2	2	1	2	2	1	1	1	2	2	1	1	1	1	1	1	1	1	1	1	1	2	2	2	1	1	2	1	2	1	2	1	1	2	1	1	2	1	1	1	1	2	1	1	1	1	1	1	1	2	1	1	1	1	2	1	1	2	2	2	2	2	1	2	1	1	2	2	1	1	1	1	1	1	2	1	1	1	1	1	1	1	1	1	1	1	1	1	2	1
39	2	2	2	2	2	1	2	2	1	1	1	1	1	1	1	1	1	1	2	1	1	1	1	1	2	2	2	1	1	2	1	2	1	2	1	1	2	1	1	2	1	1	1	1	2	1	1	1	1	1	1	1	2	1	2	2	1	2	1	1	2	2	2	2	2	1	2	1	1	2	2	1	1	1	1	1	1	2	1	1	1	1	1	1	1	1	2	1	1	1	1	2	1
39	2	2	2	2	2	1	2	2	1	2	1	1	2	1	1	1	2	1	1	1	1	1	1	1	2	2	2	1	2	2	1	2	1	2	2	1	2	1	1	2	1	1	1	1	2	1	1	1	1	1	1	2	2	1	1	1	2	2	1	1	2	2	2	2	2	1	2	1	1	2	2	1	1	1	1	1	1	2	1	1	1	2	1	1	1	1	1	1	1	1	1	1	1
39	2	2	2	2	2	1	2	2	1	2	1	1	1	1	1	1	2	1	2	1	1	1	1	1	2	2	2	1	1	2	1	2	1	2	1	1	2	1	1	2	1	1	1	1	1	1	1	1	1	1	1	1	1	1	1	1	1	2	1	1	2	2	2	2	2	1	2	1	1	2	2	1	1	1	1	1	1	2	1	1	1	1	1	1	1	1	1	1	1	1	1	2	1
40	2	2	2	2	2	1	2	2	1	1	1	1	2	1	1	1	1	1	1	1	1	1	1	1	2	2	2	1	1	2	1	2	2	2	2	1	2	1	1	2	2	1	1	1	2	1	1	1	2	1	1	1	2	1	1	1	1	2	1	1	2	2	2	2	2	1	2	1	1	2	2	1	1	1	1	1	1	1	1	1	2	2	1	1	1	1	1	1	1	1	1	2	1
40	2	2	2	2	2	1	2	2	1	2	1	1	2	1	1	1	1	1	2	1	1	1	1	1	2	2	2	1	1	2	1	2	1	2	2	1	2	1	1	2	1	1	1	1	2	1	1	1	1	1	2	1	1	1	1	1	2	2	1	1	2	2	2	2	2	1	2	1	1	2	2	1	1	1	1	1	1	1	1	1	1	1	1	1	1	1	1	1	1	1	1	2	1
40	2	2	2	2	2	1	2	2	1	2	1	1	1	1	1	1	1	1	1	1	1	1	1	1	2	2	2	1	1	2	1	2	1	2	2	1	2	1	1	2	1	1	1	1	1	1	1	1	1	1	1	1	2	1	2	1	2	2	1	1	2	2	2	2	2	1	2	1	1	2	2	1	1	1	1	1	1	2	1	1	1	1	1	1	1	1	1	1	2	1	1	2	1
41	2	2	2	2	2	2	2	2	1	1	1	1	2	1	1	1	2	1	2	1	1	1	1	1	2	2	2	1	1	2	1	2	1	2	2	1	2	1	1	2	1	1	1	1	2	1	1	1	1	1	1	1	2	1	2	2	1	2	1	1	2	2	2	2	2	1	2	1	1	2	2	1	1	1	1	1	1	1	1	1	2	2	1	1	1	1	1	1	1	1	1	1	1
41	2	2	2	2	2	1	2	2	1	1	1	1	2	1	1	1	1	1	1	1	1	1	1	1	2	2	2	1	1	2	1	2	1	2	2	1	2	1	1	2	1	1	1	1	1	1	1	1	1	1	1	1	2	1	2	1	2	2	1	1	2	2	2	2	2	1	2	1	1	2	2	1	1	1	1	1	1	1	1	1	2	2	1	1	1	1	1	1	1	1	1	2	1
41	2	2	1	2	2	1	2	2	1	2	1	1	1	1	1	1	1	1	2	1	1	1	1	1	2	2	2	2	1	1	1	2	1	2	2	1	2	1	1	2	1	1	1	1	1	1	1	1	1	1	1	1	2	1	2	2	2	2	1	1	2	2	2	2	2	1	2	1	1	2	1	1	1	1	1	1	1	1	1	1	2	1	1	1	1	1	1	1	1	1	1	1	1
42	2	2	2	2	2	1	2	2	1	1	1	1	1	1	1	1	1	1	2	2	1	1	1	1	2	2	2	1	1	1	1	2	1	2	1	1	2	1	1	2	1	1	1	1	1	1	1	1	1	1	1	2	2	1	1	1	1	2	1	1	2	2	2	2	2	1	2	1	1	2	2	1	1	1	1	1	1	1	1	1	1	1	1	1	1	1	1	1	1	1	1	1	1
42	2	2	2	2	2	1	2	2	1	1	1	1	2	1	1	1	1	1	2	1	1	1	1	1	2	2	2	1	1	2	1	2	1	2	1	1	2	1	1	2	2	1	1	2	1	1	1	1	1	1	2	1	2	1	2	1	1	2	1	1	2	2	2	2	2	1	2	1	1	2	2	1	1	1	1	1	1	1	1	1	1	1	1	1	1	1	1	1	1	1	1	1	1
42	2	2	2	2	2	1	2	2	1	1	1	1	2	1	1	1	1	1	1	1	1	1	1	1	2	2	2	1	1	2	1	2	1	2	2	1	2	1	1	2	1	1	1	1	1	1	1	1	1	1	1	1	2	1	1	1	1	2	1	1	2	2	2	2	2	1	2	1	1	2	2	1	1	1	1	1	2	1	1	1	1	2	1	1	1	1	1	1	1	1	1	2	1
43	2	2	2	2	2	1	2	2	1	1	2	1	2	1	1	1	1	1	1	1	1	1	1	1	2	2	2	1	1	2	1	2	1	2	2	1	2	1	1	2	1	1	1	1	1	2	2	1	1	2	2	1	1	1	2	1	1	2	1	1	2	2	2	2	2	1	2	1	1	2	2	1	1	1	1	1	1	1	1	1	2	1	1	1	1	1	1	2	1	1	1	2	1
43	2	2	2	2	2	1	2	2	1	1	1	1	2	1	1	1	1	1	1	1	1	1	1	1	2	2	2	1	1	2	1	2	1	2	1	1	2	1	1	2	1	1	1	1	1	1	1	1	1	1	1	2	2	2	2	1	1	2	1	2	2	2	2	2	2	2	2	1	1	2	2	1	2	2	1	1	1	1	1	1	1	1	1	1	1	1	1	2	1	1	1	2	1
43	2	2	2	2	2	1	2	2	1	1	2	1	2	1	1	1	1	1	1	1	1	1	1	1	2	2	2	1	1	2	1	2	1	2	2	1	2	1	1	2	1	1	1	1	1	2	1	1	1	1	2	2	2	2	2	1	1	2	1	2	2	2	2	2	2	1	2	1	1	2	2	1	2	2	1	1	1	1	1	1	1	1	1	1	2	1	1	1	1	1	1	2	1
44	2	2	2	2	2	1	2	2	2	1	1	1	2	1	1	1	1	1	1	1	1	1	1	1	2	2	2	1	1	2	1	2	1	2	1	1	2	1	1	2	1	1	1	1	1	2	2	1	1	1	2	2	2	2	1	1	1	2	1	1	2	2	2	2	2	1	2	1	1	2	2	1	2	1	1	1	1	1	1	1	2	1	1	1	1	1	1	1	1	1	1	2	1
44	2	2	2	2	2	1	2	2	1	1	1	1	2	1	1	1	1	1	1	1	1	1	1	1	2	2	2	1	1	2	1	2	1	2	1	1	2	1	1	2	1	1	2	1	1	1	1	1	1	1	1	1	2	1	2	1	1	2	1	1	2	2	2	2	2	1	2	1	1	2	2	1	1	1	1	1	1	1	1	1	2	1	1	1	1	1	1	2	1	1	1	1	1
44	2	2	2	2	2	1	1	2	1	1	1	1	2	1	1	1	1	1	1	1	1	1	1	1	2	2	2	1	1	2	1	2	2	2	2	1	2	1	1	2	1	1	1	1	1	2	1	1	1	1	1	2	2	2	1	1	1	1	1	1	2	2	2	2	2	1	2	1	1	2	2	1	1	1	1	1	1	1	1	1	2	1	1	1	1	1	1	2	1	1	1	2	1
45	2	2	1	2	2	1	2	2	1	1	1	1	2	1	1	1	1	1	1	1	1	1	1	1	2	2	2	1	1	2	1	2	2	2	1	1	2	1	1	2	1	1	1	1	1	1	1	1	1	1	2	2	2	2	2	1	1	2	1	1	2	2	2	2	2	1	2	1	1	2	2	1	1	1	1	1	1	1	1	1	2	1	1	1	1	1	1	1	1	1	1	2	1
45	2	2	1	2	2	1	2	2	1	1	1	1	2	1	1	1	1	1	1	1	1	1	1	1	2	2	2	1	1	2	1	2	2	2	1	1	2	1	1	2	1	1	1	1	1	1	1	1	1	1	2	2	2	2	2	1	1	2	1	1	2	2	2	2	2	1	2	1	1	2	2	1	2	1	1	1	1	1	1	1	1	1	1	1	1	1	1	1	1	1	1	2	1
45	2	2	1	2	2	1	2	2	1	1	1	1	2	1	1	1	1	1	1	1	1	1	1	1	2	2	2	1	1	2	1	2	2	2	1	1	2	1	1	2	1	1	1	1	1	1	1	1	1	1	1	2	2	2	2	1	2	2	1	2	2	2	2	2	2	1	2	1	1	2	2	1	1	1	1	1	1	1	1	1	1	1	1	1	2	1	1	2	1	1	1	2	1
46	2	2	2	2	2	1	2	2	2	1	1	1	2	1	1	1	1	1	1	1	1	1	1	1	2	2	2	1	1	2	1	2	2	2	2	1	2	1	1	2	1	1	1	1	1	1	1	1	1	2	1	2	2	1	2	1	1	2	1	1	2	2	2	2	2	1	2	1	1	2	2	1	2	1	1	1	1	1	1	1	2	1	1	1	1	1	1	2	1	1	1	2	1
46	2	2	2	2	2	1	2	2	1	1	1	1	2	1	1	1	1	1	1	1	1	1	1	1	2	2	2	1	1	2	1	2	2	2	1	1	2	1	1	2	1	1	1	1	1	2	1	1	1	2	1	1	2	1	1	1	2	2	1	2	2	2	2	2	2	1	2	1	1	2	2	1	1	1	1	1	1	1	1	1	1	1	1	1	1	1	1	2	1	1	1	2	1
46	2	2	2	2	2	1	2	2	1	1	1	1	2	1	1	1	1	1	1	1	1	1	1	1	2	2	2	1	1	2	1	2	1	2	1	1	2	1	1	2	1	1	1	1	1	1	1	1	1	2	1	1	2	2	2	1	2	2	1	1	2	2	2	2	2	1	2	1	1	2	2	1	1	1	1	1	1	1	1	1	2	1	1	1	1	1	1	2	1	1	1	2	1
47	2	2	2	2	2	1	2	2	1	1	1	1	2	1	1	1	1	1	1	1	1	1	1	1	2	2	2	2	1	2	1	2	1	2	2	1	2	1	1	2	1	1	1	1	2	1	1	1	1	1	1	1	2	1	2	1	1	2	1	2	2	2	2	2	2	1	2	1	1	2	2	1	1	1	1	1	1	1	1	1	2	1	1	1	1	1	1	1	1	1	1	2	1
47	2	2	2	2	2	1	2	2	1	1	1	1	2	1	1	1	1	1	1	1	1	1	1	1	2	2	2	1	1	2	1	2	1	2	2	1	2	1	1	2	1	1	1	1	2	2	1	1	1	2	1	2	2	2	2	1	1	2	1	1	2	2	2	2	2	1	2	1	1	2	2	1	1	1	1	1	1	1	1	1	2	1	1	1	1	1	1	2	1	2	1	2	1
47	2	2	2	2	2	1	2	2	1	1	1	1	2	1	1	1	1	1	1	1	1	1	1	1	2	2	2	1	1	2	1	2	1	2	2	1	2	1	1	2	1	1	1	1	2	2	1	1	1	2	1	2	2	2	2	1	1	2	1	1	2	2	2	2	2	1	2	1	1	2	2	1	1	1	1	1	1	1	1	1	2	1	1	1	1	1	1	2	1	1	1	2	1
48	2	2	2	2	2	1	2	2	1	1	1	1	2	1	1	1	1	1	1	1	1	1	1	1	2	2	2	1	1	2	1	2	1	2	2	1	2	1	1	2	1	1	1	1	2	2	1	1	1	2	1	1	2	1	2	1	1	2	1	1	2	2	2	2	2	1	2	1	1	2	2	1	1	1	1	1	1	1	1	1	1	1	1	1	1	1	1	2	1	1	1	2	1
48	2	2	2	2	2	1	2	2	1	1	1	1	2	1	1	1	1	1	1	1	1	1	1	1	2	2	2	1	1	2	1	2	2	2	1	1	2	1	1	2	1	1	1	1	2	1	1	1	1	2	2	2	2	2	2	1	2	2	1	1	2	2	2	2	2	1	2	1	1	2	2	1	1	2	1	1	1	1	1	1	1	1	1	1	1	1	1	2	1	1	1	2	1
48	2	2	2	2	2	1	2	2	1	1	1	1	2	1	1	1	1	1	1	1	1	1	1	1	2	2	2	1	1	2	1	2	2	2	1	1	2	1	1	2	1	1	1	1	2	2	1	1	1	1	1	2	2	1	2	1	1	2	1	1	2	2	2	2	2	1	2	1	1	2	2	1	1	1	1	1	1	1	1	1	2	1	1	1	1	1	1	2	1	1	1	2	1
49	2	2	2	2	2	1	2	2	1	1	1	1	1	1	1	1	1	1	1	1	1	1	1	1	2	2	2	1	1	2	1	2	1	2	1	1	2	1	1	2	1	1	1	1	1	1	1	1	1	1	2	1	1	2	1	1	1	2	1	1	2	2	2	2	2	1	2	1	1	2	2	1	1	1	1	1	1	1	1	1	1	1	1	1	1	1	1	2	1	1	1	2	1
49	2	2	2	2	2	1	2	2	1	1	1	1	1	1	1	1	1	1	1	1	2	1	1	1	2	2	2	1	1	2	1	2	1	2	2	1	2	1	1	2	1	1	1	1	2	1	1	1	1	1	1	1	1	1	2	1	1	2	1	1	2	2	2	2	2	1	2	1	1	2	2	1	1	1	1	1	1	1	1	1	1	1	1	1	1	1	1	1	1	1	1	2	1
49	2	2	2	2	2	1	2	2	1	1	1	1	1	1	1	1	1	1	1	1	2	1	1	1	2	2	2	1	1	2	1	2	1	2	1	1	2	1	1	2	1	1	1	1	2	1	1	1	1	1	1	1	1	1	1	1	1	2	1	1	2	2	2	2	2	1	2	1	1	2	2	1	1	1	1	1	1	2	1	1	1	1	1	1	1	1	1	1	1	1	1	2	1
50	2	2	2	2	2	1	2	2	1	1	1	1	1	1	1	1	1	1	1	1	1	1	1	1	2	2	2	1	1	2	1	2	1	2	1	1	2	1	1	2	1	1	1	1	2	1	1	1	1	1	1	1	2	1	1	1	1	2	1	1	2	2	2	2	2	1	2	1	1	2	2	1	1	1	1	1	1	2	1	1	2	1	1	1	1	1	1	1	1	1	1	2	1
50	2	2	2	2	2	1	2	2	1	1	1	1	1	1	1	1	1	1	1	1	1	1	1	1	2	2	2	1	1	2	1	2	1	2	1	1	2	1	1	2	1	1	1	1	2	2	1	1	1	1	1	1	2	1	1	1	1	2	1	1	2	2	2	2	2	1	1	1	1	2	2	1	1	1	1	1	1	2	1	1	1	1	1	1	1	1	1	1	1	1	1	2	1
50	2	2	2	2	2	1	2	2	1	1	1	1	2	1	1	1	1	1	1	1	1	1	1	1	2	2	2	1	1	2	1	2	1	2	1	1	2	1	1	2	1	1	1	1	2	1	1	1	1	1	1	1	2	1	1	1	1	2	1	1	2	2	2	2	2	1	2	1	1	2	2	1	1	1	1	1	1	1	2	1	1	1	1	1	1	1	1	1	2	1	1	2	1
51	2	2	2	2	2	1	2	2	1	2	1	2	1	1	1	1	1	1	1	1	1	1	1	1	2	2	2	1	1	2	1	2	1	2	1	2	2	1	1	2	1	1	1	1	2	1	1	1	1	1	1	1	2	1	1	1	1	2	1	1	2	2	2	2	2	1	2	1	1	2	2	1	1	1	1	1	1	2	1	1	1	1	1	1	1	1	1	1	1	1	1	2	1
51	2	2	2	2	2	1	2	2	1	1	1	1	1	1	1	1	1	1	1	1	1	1	1	1	2	2	2	1	2	2	1	2	1	2	1	1	2	1	1	2	1	1	1	1	2	1	1	1	1	1	1	1	2	1	1	1	1	2	1	1	2	2	2	2	2	1	2	2	1	2	2	1	1	1	1	1	1	1	1	1	1	1	1	1	1	1	1	1	1	1	1	2	1
51	2	2	2	2	2	1	2	2	1	1	1	1	1	1	1	1	1	1	1	1	1	1	1	1	2	2	2	1	1	2	1	2	1	2	1	1	2	1	1	2	1	1	1	1	1	1	1	1	1	1	1	1	2	1	1	1	1	2	1	1	2	2	2	2	2	1	2	1	1	2	2	1	1	1	1	1	1	2	1	1	1	2	1	1	1	1	1	1	1	1	1	2	1
52	2	2	2	2	2	1	2	2	1	2	1	1	2	2	1	1	1	1	1	1	1	1	1	1	2	2	2	1	2	2	1	2	1	2	2	1	2	1	1	2	1	1	1	1	2	1	1	1	1	1	2	1	2	1	2	2	2	2	1	1	2	2	2	2	2	1	2	1	1	2	2	1	1	1	2	1	1	1	1	1	1	1	1	1	1	1	2	1	1	1	1	2	1
52	2	2	2	2	2	1	2	2	1	1	1	1	2	1	1	1	1	1	1	1	1	1	1	1	2	2	2	1	1	2	1	2	1	2	2	1	2	1	1	2	1	1	1	1	1	1	1	1	1	1	1	1	2	1	2	1	2	2	1	1	2	2	2	2	2	1	2	1	1	2	2	1	1	1	2	1	1	1	1	1	2	1	1	1	1	1	2	1	2	1	1	2	1
52	2	2	2	2	2	1	2	2	1	2	1	1	2	1	1	1	1	1	1	1	1	1	1	1	2	2	2	1	1	1	1	2	1	2	1	1	2	1	1	2	1	1	1	1	2	1	1	1	1	1	1	2	2	1	2	2	1	2	1	1	2	2	2	2	2	1	2	1	1	2	2	1	1	1	1	1	1	1	1	1	1	1	1	1	1	1	1	1	2	1	1	2	1
53	2	2	2	2	2	1	2	2	1	2	1	1	2	1	1	1	2	1	2	2	1	1	1	1	2	2	2	1	1	2	1	2	1	2	1	1	2	1	1	2	1	1	1	1	2	1	1	1	1	1	1	1	1	1	1	1	2	2	1	1	2	2	2	2	2	1	2	1	1	2	2	1	1	1	1	1	1	1	1	1	1	2	1	1	1	1	2	1	1	1	1	1	1
53	2	2	2	2	2	1	2	2	1	1	1	1	2	1	1	1	1	1	1	1	1	2	1	1	2	2	2	1	1	1	1	2	1	2	2	1	1	1	1	2	1	1	1	1	1	1	1	1	1	1	1	1	2	1	1	2	1	2	1	1	2	2	2	2	2	1	2	1	1	2	2	1	1	1	1	1	1	1	1	1	2	2	1	1	1	1	1	1	1	1	1	1	1
53	2	2	2	2	2	1	2	2	1	2	1	1	2	1	1	1	1	1	1	1	1	1	1	1	2	2	2	1	1	2	1	2	1	2	2	1	2	1	1	2	1	1	1	1	1	1	1	1	1	1	1	1	1	1	1	1	1	2	1	1	2	2	2	2	2	1	2	1	1	2	2	1	1	1	1	1	1	1	1	1	2	2	1	1	1	1	2	1	1	1	1	2	1
54	2	2	1	2	2	1	2	2	1	1	1	1	2	1	2	1	1	1	1	1	1	1	1	1	2	2	2	1	1	2	1	2	1	2	1	1	2	1	1	2	1	1	1	1	1	1	1	1	1	2	2	2	2	1	2	1	1	2	1	1	2	2	2	2	2	1	2	1	1	2	2	1	1	1	1	1	1	1	1	1	2	1	1	1	1	1	1	2	1	1	1	2	1
54	2	2	2	2	2	1	1	2	1	1	1	1	2	1	1	1	1	1	1	1	1	1	1	1	2	2	2	1	1	2	1	2	1	2	1	1	2	1	1	2	1	1	1	1	1	1	1	1	1	2	2	2	2	1	2	1	1	2	1	2	2	2	2	2	2	1	2	1	1	2	2	1	1	2	1	1	1	1	1	1	2	1	1	1	2	1	1	1	1	1	1	2	1
54	2	2	1	2	2	1	2	2	1	1	1	1	2	1	1	1	1	1	1	1	1	1	1	1	2	2	2	1	1	2	1	2	2	2	1	1	2	1	1	2	1	1	1	1	1	1	1	1	1	1	2	2	1	1	2	1	1	2	1	2	2	2	2	1	2	1	2	1	1	2	2	1	1	1	1	1	1	1	1	1	1	1	1	1	1	1	1	2	1	1	1	2	1
55	2	2	2	2	2	1	2	2	1	1	1	1	2	1	1	1	1	1	1	1	1	1	1	1	2	2	2	1	1	2	1	2	1	2	2	1	2	1	1	2	1	1	1	1	1	1	1	1	1	1	1	2	2	2	2	1	1	2	1	2	2	2	2	2	2	1	2	1	1	2	2	1	2	1	1	1	1	1	1	1	2	1	1	1	1	1	1	1	1	1	1	2	1
55	2	2	1	2	2	1	2	2	1	1	1	1	2	1	2	1	1	1	1	1	1	1	1	1	2	2	2	1	1	2	1	2	1	2	1	1	2	1	1	2	1	1	1	1	1	2	1	1	1	2	1	2	2	1	2	1	1	2	1	2	2	2	2	2	2	1	2	1	1	2	2	1	1	2	1	1	1	1	1	1	2	1	1	1	2	1	1	2	1	1	1	2	1
55	2	2	2	2	2	1	2	2	1	1	1	1	2	1	2	1	1	1	1	1	1	1	1	1	1	1	1	1	1	1	1	1	1	1	1	1	1	1	1	1	1	1	1	1	1	1	1	1	1	1	1	1	1	1	1	1	1	1	1	1	2	2	2	2	2	1	2	1	1	2	2	1	2	2	1	1	1	1	1	1	2	1	1	1	2	1	1	2	1	1	1	2	1
56	2	2	2	2	2	1	2	2	1	1	1	1	2	1	1	1	1	1	1	1	1	1	1	1	2	2	2	1	1	2	1	2	2	2	1	1	2	1	1	2	1	1	1	1	2	2	2	1	1	2	2	1	2	2	1	1	2	2	1	1	2	2	2	2	2	1	2	1	1	2	2	1	2	1	1	1	1	1	1	1	2	1	1	1	1	1	1	2	1	1	1	2	1
56	2	2	2	2	2	1	2	2	1	1	1	1	2	1	1	1	1	1	1	1	1	1	1	1	2	2	2	2	1	2	1	2	2	2	1	1	2	1	1	2	1	1	1	1	2	2	1	1	1	2	1	2	2	2	2	1	2	2	1	1	2	2	2	1	2	1	2	1	1	1	2	1	2	1	1	1	1	1	1	1	2	1	1	1	1	1	1	2	1	1	1	2	1
56	2	2	1	2	2	1	2	2	2	1	1	1	1	1	1	1	1	1	1	1	1	1	1	1	2	2	2	1	1	2	1	2	1	2	1	1	2	1	1	2	1	1	1	1	1	2	1	1	1	2	1	2	2	2	2	1	2	2	1	2	2	2	2	2	2	1	2	1	1	2	2	1	1	2	1	1	1	1	1	1	2	1	1	1	1	1	1	2	1	1	1	2	1
57	2	2	2	2	2	1	2	2	1	1	1	1	2	1	1	1	1	1	1	1	1	1	1	1	2	2	2	1	1	2	1	2	1	2	1	1	2	1	1	2	1	1	1	1	1	2	1	1	1	1	2	2	2	2	2	1	2	2	1	2	2	2	2	2	2	1	2	1	1	2	2	1	1	1	1	1	1	1	1	1	1	1	1	1	1	1	1	1	1	1	1	1	1
57	2	2	2	2	2	1	2	2	1	1	1	1	2	1	1	1	1	1	1	1	1	1	1	1	2	2	2	1	1	2	1	2	2	2	1	1	2	1	1	2	1	1	1	1	1	1	1	1	1	2	2	2	2	2	2	2	2	2	1	1	2	2	2	2	2	1	2	2	1	2	2	1	1	1	1	1	1	1	1	1	1	1	1	1	1	1	1	2	1	1	1	2	1
57	2	2	2	2	2	1	2	2	1	1	1	1	2	1	1	1	1	1	1	1	1	1	1	1	2	2	2	1	1	2	1	2	2	2	1	1	2	1	1	2	1	1	1	1	1	2	1	1	1	2	2	1	2	1	2	1	2	2	1	1	2	2	2	2	2	1	2	1	1	2	2	1	1	1	1	1	1	1	1	1	1	1	1	1	1	1	1	1	1	1	1	2	1
58	2	2	2	2	2	1	2	1	1	1	1	1	2	1	1	1	1	1	1	1	1	1	1	1	2	2	2	1	1	2	1	2	2	2	1	1	2	1	1	2	1	1	1	1	1	2	1	1	1	1	2	2	2	2	2	1	1	2	1	2	2	2	2	2	2	1	2	1	1	2	2	1	2	1	1	1	1	1	1	1	2	1	1	1	1	1	1	1	1	1	1	2	1
58	2	2	2	2	2	1	2	2	1	1	1	1	2	1	2	1	1	1	1	1	1	1	1	1	2	2	2	1	1	2	1	2	1	2	1	1	2	1	1	2	1	1	1	1	1	1	1	1	1	2	2	2	2	2	2	1	1	2	1	1	2	2	2	2	2	1	2	1	1	2	2	1	1	1	1	1	1	1	1	1	2	1	1	1	1	1	1	2	1	1	1	2	1
58	2	2	2	2	2	1	2	2	1	1	1	1	2	1	1	1	1	1	1	1	1	1	1	1	2	2	2	1	1	2	1	2	1	2	1	1	2	1	1	2	1	1	1	1	1	1	1	1	1	2	1	2	2	2	2	1	1	2	1	2	2	2	2	2	2	1	2	1	1	2	2	1	1	1	1	1	1	1	1	1	2	1	1	1	1	1	1	1	1	1	1	2	1
59	2	2	2	2	2	1	2	2	1	1	1	1	2	1	1	1	1	1	1	1	1	1	1	1	2	2	2	1	1	2	1	2	1	2	1	1	2	1	1	2	1	1	1	1	1	1	1	1	1	1	1	2	2	2	2	1	2	2	1	2	2	2	2	2	2	1	2	1	1	2	2	1	2	1	1	1	1	1	1	1	1	1	1	1	1	1	1	2	1	1	1	2	1
59	2	2	2	2	2	1	1	2	1	1	1	1	2	1	1	1	1	1	1	1	1	1	1	1	2	2	2	1	1	2	1	2	2	2	1	1	2	1	1	2	1	1	1	1	1	2	1	1	1	1	2	2	2	2	2	1	2	1	1	1	2	2	2	2	2	1	2	1	1	2	2	1	1	1	1	1	1	1	1	1	1	1	1	1	1	1	1	2	1	2	1	2	1
59	2	2	2	2	2	1	2	2	1	1	1	1	2	1	1	1	1	1	1	1	1	1	1	1	2	2	2	1	1	2	1	2	2	2	1	1	2	1	1	2	1	1	1	1	1	2	1	1	1	2	2	1	2	2	2	1	2	2	1	2	2	2	2	2	2	1	2	1	1	2	2	1	1	1	1	1	1	1	1	1	2	1	1	1	1	1	1	1	1	1	1	2	1
60	2	2	2	2	2	1	2	2	1	1	1	1	1	1	1	1	1	1	1	1	1	1	1	1	2	2	2	1	1	2	1	2	1	2	1	1	2	1	1	2	1	1	1	2	1	1	1	1	1	1	1	1	2	2	2	1	1	2	1	1	2	2	2	2	2	1	2	1	1	2	2	1	1	1	1	1	1	1	1	1	1	1	1	1	1	1	1	1	2	1	1	2	1
60	2	2	2	2	2	1	2	2	1	1	1	1	2	1	1	1	1	1	1	1	1	1	1	1	2	2	2	1	1	2	1	2	2	2	1	1	2	1	1	2	1	1	1	1	1	1	1	1	1	1	1	1	2	1	2	1	1	1	1	1	2	2	2	2	2	1	2	1	1	2	2	1	1	1	1	1	1	1	1	1	1	1	1	1	1	1	1	1	1	1	1	2	1
60	2	2	2	2	2	1	2	2	1	1	1	1	1	1	1	1	1	1	1	1	1	1	1	1	2	2	2	1	1	2	1	2	2	2	1	1	2	1	1	2	1	1	1	1	1	1	1	1	1	1	1	2	2	1	2	1	1	1	1	1	2	2	2	2	2	1	2	1	1	2	2	1	1	1	1	1	1	1	1	1	2	1	1	1	1	1	1	2	1	1	1	2	1
61	2	2	2	2	2	1	2	2	1	1	1	1	1	1	1	1	1	1	1	1	1	1	1	1	2	2	2	1	1	2	1	2	1	2	1	1	2	1	1	2	1	1	1	1	2	1	1	1	1	1	1	1	2	1	1	1	1	2	1	1	2	2	2	2	2	1	2	1	1	2	2	1	1	1	1	1	1	2	1	1	1	1	1	1	1	1	1	1	1	1	1	2	1
61	2	2	2	2	2	1	2	2	1	1	1	2	1	1	1	1	1	1	1	1	1	1	1	1	2	2	2	1	1	1	1	2	1	2	2	1	2	1	1	2	1	1	1	1	2	1	1	1	1	1	1	1	1	1	1	1	1	2	1	1	2	2	2	2	2	1	2	1	1	2	2	1	1	1	1	1	1	2	1	1	1	1	1	1	1	1	1	1	1	1	1	2	1
61	1	1	1	1	1	1	1	1	1	1	1	1	1	1	1	1	1	1	1	1	1	1	1	1	1	1	1	1	1	1	1	1	1	1	1	1	1	1	1	1	1	1	1	1	1	1	1	1	1	1	2	1	1	1	1	1	1	1	1	1	2	2	2	2	1	1	2	1	1	1	1	1	1	1	1	1	1	1	1	1	1	1	1	1	1	1	1	1	1	1	1	2	1
62	2	2	2	2	2	1	2	2	1	1	1	1	2	1	1	1	1	1	1	1	1	1	1	1	2	2	2	1	1	2	1	2	1	2	1	1	2	1	1	2	1	1	1	1	2	1	1	1	1	1	1	1	2	1	1	2	1	2	1	1	2	2	2	2	2	1	2	2	1	2	2	1	1	1	1	1	1	2	1	1	1	1	1	1	1	1	1	1	1	1	1	2	1
62	2	2	2	2	2	1	2	2	1	1	1	2	1	1	1	1	1	1	1	1	1	1	1	1	2	2	2	1	1	2	1	2	1	2	1	1	2	1	1	2	1	1	1	1	1	1	1	1	1	1	1	1	2	1	1	1	1	2	1	1	2	2	2	2	2	1	2	1	1	2	2	1	1	1	1	1	1	2	1	1	1	1	1	1	1	1	1	1	1	1	1	2	1
62	2	2	2	2	2	1	2	2	1	1	1	1	1	1	1	1	1	1	1	1	1	1	1	1	2	2	2	1	1	2	1	2	1	2	1	1	2	1	1	2	1	1	1	1	2	1	1	1	1	1	1	1	2	1	1	1	1	2	1	1	2	2	2	2	2	1	2	1	1	2	2	1	1	1	1	1	1	2	1	1	1	1	1	1	1	1	1	1	1	1	1	2	1
63	2	2	2	2	2	1	2	2	1	1	1	1	2	1	1	1	1	2	2	1	1	1	1	1	2	2	2	1	2	2	1	2	1	2	2	1	2	1	1	2	1	1	1	1	1	1	1	1	1	1	2	1	2	1	2	1	1	2	1	1	2	2	2	2	2	1	2	1	1	2	2	1	1	1	1	1	1	1	1	1	1	1	1	1	1	1	1	1	1	1	1	2	1
63	2	2	2	2	2	1	2	2	1	1	1	1	2	1	1	1	1	1	2	1	1	1	1	1	2	2	2	1	1	2	1	2	1	2	1	1	2	1	1	2	1	1	1	1	1	1	1	1	1	1	2	1	2	1	2	1	2	2	1	1	2	2	2	2	2	1	2	1	1	2	2	1	1	1	2	1	1	2	1	1	1	1	1	1	1	1	1	1	1	1	1	2	1
63	2	2	2	2	2	1	1	2	1	1	1	1	2	1	1	1	1	1	1	1	1	1	1	1	2	2	2	1	1	2	1	2	1	2	2	1	2	1	1	2	1	1	1	1	1	1	1	1	1	1	1	1	1	1	2	1	1	2	1	1	2	2	2	2	2	1	2	1	1	2	2	1	1	1	1	1	1	2	1	1	1	2	1	1	1	1	2	1	1	1	1	2	1
64	2	2	2	2	2	1	2	2	1	2	1	1	1	1	1	1	2	1	2	1	1	1	1	1	2	2	2	1	2	2	1	2	1	2	2	1	2	1	1	2	1	1	1	1	1	1	1	1	1	1	1	2	1	1	2	2	1	2	1	1	2	2	2	2	2	1	2	1	1	2	2	1	1	1	1	1	1	2	1	1	1	1	1	1	1	1	1	1	1	1	1	1	1
64	2	2	2	2	2	1	2	2	1	1	1	1	2	1	1	1	1	1	1	1	1	1	1	1	2	2	2	1	2	2	1	2	1	2	2	1	2	1	1	2	1	1	1	1	1	1	1	1	1	1	2	1	2	1	1	1	1	2	1	1	2	2	2	2	2	1	2	1	1	2	2	1	1	1	1	1	1	1	1	1	2	2	1	1	1	1	1	1	1	1	1	2	1
64	2	2	1	2	2	1	2	2	1	1	1	1	2	1	1	1	1	1	2	1	1	1	1	1	2	2	2	1	2	2	1	2	1	2	2	1	2	1	1	2	1	1	1	1	2	1	1	1	1	1	1	2	2	1	2	2	1	2	1	1	2	2	2	2	2	1	2	1	1	2	2	1	1	1	2	1	1	2	2	1	1	1	1	1	1	1	1	1	1	1	1	1	1
65	2	2	1	2	2	1	2	2	1	1	1	1	2	1	2	1	1	1	1	1	1	1	1	1	2	2	2	1	1	2	1	2	1	2	2	1	2	1	1	2	1	1	1	1	1	2	1	1	1	1	2	2	2	2	2	1	1	2	1	2	2	2	2	2	2	1	2	1	1	2	2	1	1	1	1	1	1	2	1	1	2	1	1	1	2	1	1	1	1	1	1	2	1
65	2	2	2	2	2	1	2	2	1	1	1	2	2	1	2	1	1	1	1	1	1	1	1	1	2	2	2	1	1	2	1	2	1	2	1	1	2	1	1	2	1	1	1	1	1	1	1	1	1	2	1	2	2	2	2	1	1	2	1	2	2	2	2	1	2	1	2	1	1	2	2	1	1	1	1	1	1	1	1	1	2	1	1	1	2	1	1	2	1	1	1	2	1
65	2	2	2	2	2	1	2	2	1	1	1	1	2	1	2	1	1	1	1	1	1	1	1	1	2	2	2	1	1	2	1	2	1	2	1	1	2	1	1	2	1	1	1	1	1	1	1	1	1	2	1	2	2	2	2	1	1	2	1	1	2	2	2	2	2	1	2	1	1	2	2	1	1	1	1	1	1	1	1	1	2	1	1	1	2	1	1	2	1	1	1	2	1
66	2	2	1	2	2	1	2	2	1	1	2	1	1	1	1	1	1	1	1	1	1	1	1	1	2	2	2	2	1	1	1	2	1	1	1	1	2	1	1	2	1	1	1	1	1	1	1	1	1	2	1	2	2	1	1	1	1	2	1	1	2	2	2	2	2	1	2	1	1	2	2	1	1	1	1	1	1	1	1	1	1	1	1	1	1	1	1	1	1	1	1	2	1
66	2	2	2	2	2	1	2	2	1	1	2	1	1	1	1	1	1	1	1	1	1	1	1	1	2	2	2	1	1	2	1	2	2	2	1	1	2	1	1	2	1	1	1	1	1	1	1	1	1	1	1	1	2	2	2	1	1	2	1	2	2	2	2	2	2	1	2	1	1	2	2	1	2	1	1	1	1	1	1	1	2	1	1	1	1	1	1	2	1	1	1	2	1
66	2	2	1	2	2	1	2	2	1	1	2	1	1	1	1	1	1	1	1	1	1	1	1	1	2	2	2	1	1	2	1	2	1	2	1	1	2	1	1	2	1	1	1	1	1	1	1	1	1	1	1	2	2	2	2	1	1	2	1	2	2	2	2	2	2	1	2	1	1	2	2	1	1	1	1	1	1	2	1	1	2	1	1	1	1	1	1	1	1	1	1	2	1
67	2	2	2	2	2	1	2	2	1	1	1	1	2	1	2	1	1	1	1	1	1	1	1	1	2	2	2	1	1	2	1	2	2	2	1	1	2	1	1	2	1	1	1	1	1	1	1	1	1	1	1	2	2	2	2	1	1	2	1	1	2	2	2	2	2	1	2	1	1	2	2	1	1	1	1	1	1	1	1	1	2	1	1	1	1	1	1	1	1	1	1	2	1
67	2	2	2	2	2	1	2	2	2	1	1	1	2	1	1	1	1	1	1	1	1	1	1	1	2	2	2	1	1	2	1	2	1	2	1	1	2	1	1	2	1	1	1	1	1	2	1	1	1	2	1	2	2	1	1	1	1	2	1	2	2	2	2	2	2	1	2	1	1	2	2	1	1	1	1	1	1	1	1	1	2	1	1	1	1	1	1	1	1	1	1	2	1
67	2	2	2	2	2	1	2	2	1	1	1	1	2	1	1	1	1	1	1	1	1	1	1	1	2	2	2	2	1	2	1	2	1	2	2	1	2	1	1	2	1	1	1	1	1	1	1	1	1	2	1	2	2	2	1	1	1	2	1	2	2	2	2	2	2	1	2	1	1	2	2	1	1	2	1	1	1	1	1	1	2	1	1	1	1	1	1	1	1	1	1	2	1
68	2	2	2	2	2	1	2	2	2	1	1	1	1	1	1	1	1	1	1	1	1	1	1	1	2	2	2	1	1	2	1	2	2	2	1	1	2	1	1	2	1	1	1	1	1	2	1	1	1	1	2	2	1	2	2	1	2	2	1	2	2	2	2	2	2	1	2	1	1	2	2	1	2	1	1	1	1	1	1	1	2	1	1	1	1	1	1	1	1	1	1	2	1
68	2	2	1	2	2	1	2	2	2	1	1	1	2	1	2	1	1	1	1	1	1	1	1	1	2	2	2	1	1	2	1	2	2	2	1	1	2	1	1	2	1	1	1	1	1	2	2	1	1	2	1	2	2	2	2	1	1	2	1	1	2	2	2	2	2	1	2	1	1	2	2	1	2	2	1	1	1	1	1	1	2	1	1	1	1	1	1	2	1	1	1	2	1
68	2	2	1	2	2	1	2	2	1	1	2	1	2	1	1	1	1	1	1	1	1	1	1	1	2	2	2	1	1	2	1	2	2	2	1	1	2	1	1	2	1	1	1	1	1	1	2	1	1	1	2	2	2	2	2	1	2	2	1	1	2	2	2	2	2	1	2	1	1	2	2	1	1	1	1	1	1	1	1	1	2	1	1	1	1	1	1	2	1	1	1	2	1
69	2	2	2	2	2	1	2	2	1	1	1	1	2	1	1	1	1	1	1	1	1	1	1	1	2	2	2	1	1	2	1	2	2	2	1	1	2	1	1	2	1	1	1	1	1	2	1	1	1	2	1	2	2	2	2	1	1	2	1	1	2	2	2	2	2	1	2	1	1	2	2	1	2	1	1	1	1	1	1	1	1	1	1	1	1	1	1	1	1	1	1	2	1
69	2	2	2	2	2	1	1	2	1	1	1	1	2	1	1	1	1	1	1	1	1	1	1	1	2	2	2	1	1	2	1	2	1	2	1	1	2	1	1	2	1	1	1	1	1	2	1	1	1	1	2	2	2	2	2	1	2	2	1	2	2	2	2	2	2	1	2	1	1	2	2	1	1	1	1	1	1	1	1	1	2	1	1	1	1	1	1	1	1	1	1	2	1
69	2	2	2	2	2	1	2	2	2	1	1	1	2	1	1	1	1	1	1	1	1	1	1	1	2	2	2	2	1	2	1	2	2	2	1	1	2	1	1	2	1	1	1	1	1	1	1	1	1	2	1	2	2	2	2	1	2	2	1	1	2	2	2	2	2	1	2	2	1	2	2	1	2	1	1	1	1	1	1	1	1	1	1	1	1	1	1	2	1	1	1	2	1
70	2	2	2	2	2	1	2	2	1	1	1	1	2	1	1	1	1	1	1	1	1	1	1	1	2	2	2	1	1	2	1	2	1	2	1	1	2	1	1	2	1	1	1	1	1	2	1	1	1	2	2	2	1	2	2	1	2	2	1	2	2	2	2	2	2	1	2	1	1	2	2	1	1	1	1	1	1	1	1	1	2	1	1	1	1	1	1	2	1	1	1	2	1
70	2	2	2	2	2	1	2	2	1	2	1	1	2	1	2	1	1	1	1	1	2	1	1	1	2	2	2	1	1	2	1	2	2	2	1	1	2	1	1	2	1	1	1	1	1	2	1	1	1	1	2	2	2	2	2	1	1	2	1	1	2	2	2	2	2	1	2	1	1	2	2	1	1	1	1	1	1	1	1	1	2	1	1	1	1	1	1	2	1	1	1	2	1
70	2	2	2	2	2	1	2	2	1	1	1	1	2	1	1	1	1	1	1	1	1	1	1	1	2	2	2	1	1	2	1	2	1	2	2	1	2	1	1	2	1	1	1	1	1	2	1	1	1	2	1	1	2	2	2	1	1	2	1	2	2	2	2	1	2	1	2	1	1	1	2	1	1	2	1	1	1	1	1	1	1	1	1	1	1	1	1	2	1	1	1	2	1
71	2	2	2	2	2	1	2	2	1	1	1	1	1	1	1	1	1	1	1	1	2	1	1	1	2	2	2	1	1	2	1	2	1	2	2	1	2	1	1	2	1	1	1	1	1	2	1	1	1	1	1	1	2	2	2	1	1	2	1	2	2	2	2	2	2	1	2	1	1	2	2	1	1	1	1	1	1	1	1	1	2	1	1	1	1	1	2	1	1	1	1	2	1
71	2	2	2	2	2	1	2	2	1	1	1	1	1	1	1	1	1	1	1	1	1	1	1	1	2	2	2	1	1	2	1	2	1	2	1	1	2	1	1	2	1	1	1	1	2	1	1	1	1	1	1	2	2	1	2	1	1	2	1	1	2	2	2	2	2	1	2	1	1	2	2	1	1	1	1	1	1	1	1	2	2	1	1	1	1	1	1	2	1	1	1	2	1
71	2	2	2	2	2	1	2	2	1	1	1	1	1	1	1	1	1	1	1	1	1	1	1	2	2	2	2	1	1	2	1	2	1	2	1	1	2	1	1	2	1	1	1	1	1	1	1	1	1	1	1	1	2	1	2	1	1	2	1	2	2	2	2	2	2	1	2	1	1	1	2	1	1	1	1	1	1	1	1	1	2	1	1	1	1	1	1	2	1	1	1	2	1
72	2	2	2	2	2	1	2	2	1	1	1	1	1	1	1	1	1	1	1	1	1	1	1	1	2	2	2	1	1	2	1	2	1	2	1	1	2	1	1	2	1	1	1	1	2	1	1	1	1	2	1	1	1	1	1	1	1	2	1	1	2	2	2	2	2	1	2	1	1	2	2	1	1	1	1	1	1	2	1	1	1	1	1	1	1	1	1	1	1	1	1	2	1
72	2	2	2	2	2	1	2	2	1	1	1	1	1	1	1	1	1	1	1	1	1	1	1	1	2	2	2	1	1	2	1	2	1	2	1	1	2	1	1	2	1	1	1	1	2	1	1	1	1	1	1	1	1	1	1	1	1	2	1	1	2	2	2	2	2	1	2	1	1	2	2	1	1	1	1	1	1	2	1	1	1	1	1	1	1	1	1	1	1	1	1	2	1
72	2	2	2	2	2	1	2	2	1	1	1	1	1	1	1	1	1	1	1	1	1	1	1	1	2	2	2	1	1	2	1	2	1	2	1	1	2	1	1	2	1	1	1	1	2	1	1	1	1	1	1	1	2	1	1	1	1	2	1	1	2	2	2	2	2	1	2	1	1	2	2	1	1	1	1	1	1	2	1	1	1	1	1	1	1	1	1	1	1	1	1	2	1
73	2	2	2	2	2	1	1	2	1	1	1	1	1	1	1	1	1	1	1	1	1	1	1	1	2	2	2	1	1	2	1	2	1	2	1	1	2	1	1	2	1	1	1	1	2	1	1	1	1	1	1	1	1	1	1	2	1	2	1	1	2	2	2	2	2	1	2	1	1	2	2	1	1	1	1	1	1	2	1	1	1	1	1	1	1	1	1	1	1	1	1	2	1
73	2	2	2	2	2	1	2	2	1	1	1	1	1	1	1	1	1	1	1	1	1	1	1	1	2	2	2	1	1	2	1	2	1	2	1	1	2	1	1	2	1	1	1	1	2	1	1	1	1	1	1	1	2	1	1	1	1	2	1	1	2	2	2	2	2	1	2	1	1	2	2	1	1	1	1	1	1	2	1	1	1	1	1	1	1	1	1	1	1	1	1	2	1
73	2	2	2	2	2	1	2	2	1	1	1	1	1	1	1	1	1	1	1	1	1	1	1	1	2	2	2	1	1	2	1	2	1	2	1	1	2	1	1	2	1	1	1	1	2	1	1	1	1	1	1	1	2	1	1	1	1	2	1	1	2	2	2	2	2	1	2	1	1	2	2	1	1	1	1	1	1	2	1	1	1	1	1	1	1	1	1	1	1	1	1	2	1
74	2	2	2	2	2	1	2	2	1	1	1	1	1	1	1	1	1	1	1	1	1	1	1	1	2	2	2	1	1	2	1	2	1	2	1	1	2	1	1	2	1	1	1	1	2	1	1	1	1	1	1	1	2	1	1	1	1	2	1	1	2	2	2	2	2	1	2	1	1	2	2	1	1	1	1	1	1	2	1	1	1	1	1	1	1	1	1	1	1	1	1	2	1
74	2	2	2	2	2	1	2	2	1	1	1	1	1	1	1	1	1	1	1	1	1	1	1	1	2	2	2	1	1	2	1	2	1	2	1	1	2	1	1	2	1	1	1	1	2	1	1	1	1	1	1	1	1	1	1	1	1	2	1	1	2	2	2	2	2	1	2	1	1	2	2	1	1	1	1	1	1	2	1	1	1	1	1	1	1	1	1	1	1	1	1	2	1
74	2	2	2	2	2	1	2	2	1	1	1	1	2	1	1	1	1	1	1	1	1	1	1	1	2	2	2	1	1	2	1	2	1	2	1	1	2	1	1	2	1	1	1	1	2	1	1	1	1	1	1	1	2	1	1	1	1	2	1	1	2	2	2	2	2	1	2	1	1	2	2	1	1	1	1	1	1	2	1	1	1	1	1	1	1	1	1	1	1	1	1	2	1
75	2	2	2	2	2	1	2	2	1	1	2	1	2	1	1	1	1	1	1	1	1	1	1	1	2	2	2	1	1	2	1	2	2	2	1	1	2	1	1	2	1	1	1	1	1	1	1	1	1	1	1	2	2	1	2	1	1	2	1	2	2	2	2	2	2	1	2	1	1	2	2	2	2	2	1	1	1	1	1	1	2	1	1	1	2	1	1	2	1	1	1	2	1
75	2	2	2	2	2	1	2	2	1	1	1	1	2	1	2	1	1	1	1	1	1	1	1	1	2	2	2	1	1	2	1	2	2	2	2	1	2	1	1	2	1	1	1	1	1	1	1	1	1	2	2	2	2	1	2	1	1	2	1	2	2	2	2	2	2	1	2	1	1	2	2	1	2	2	1	1	1	1	1	1	2	1	1	1	2	1	1	1	1	1	1	2	1
75	2	2	1	2	2	1	2	2	1	1	1	1	2	1	2	1	1	1	1	1	1	1	1	1	2	2	2	1	1	2	1	2	2	2	2	1	2	1	1	2	1	1	1	1	1	2	1	1	1	2	1	2	2	1	2	1	1	2	1	1	2	2	2	2	2	1	2	1	1	2	2	1	1	1	1	1	1	1	1	1	2	1	1	1	2	1	1	2	1	1	1	2	1
76	2	2	2	2	2	1	2	2	1	1	1	1	2	1	2	1	1	1	1	1	1	1	1	1	2	2	2	1	1	2	1	2	2	2	1	1	2	1	1	2	1	1	1	1	1	1	1	1	1	1	1	2	2	2	2	1	1	2	1	2	2	2	2	2	2	1	2	1	1	2	2	1	2	2	1	1	1	1	1	1	2	1	1	1	2	1	1	2	1	1	1	2	1
76	2	2	1	2	2	1	2	2	1	1	2	1	2	1	1	1	1	1	1	1	1	1	1	1	2	2	2	1	1	2	1	2	1	2	1	1	2	1	1	2	1	1	1	1	1	1	2	1	1	1	1	2	2	1	2	1	1	2	1	2	2	2	2	2	2	1	2	1	1	2	2	1	1	1	1	1	1	1	1	1	2	1	1	1	1	1	1	2	1	1	1	2	1
76	2	2	1	2	2	1	2	2	1	1	1	1	2	1	1	1	1	1	1	1	1	1	1	1	2	2	2	1	1	2	1	2	1	2	1	1	2	1	1	2	1	1	1	1	1	2	2	1	1	1	1	2	2	2	2	1	1	2	1	2	2	2	2	2	2	1	2	1	2	2	2	1	2	2	1	1	1	1	1	1	2	1	1	1	2	1	1	2	1	1	1	2	1
77	2	2	2	2	2	1	2	2	1	1	1	1	1	1	1	1	1	1	1	1	1	1	1	1	2	2	2	1	1	2	1	2	2	2	1	1	2	1	1	2	1	1	1	1	1	1	2	1	1	2	1	1	2	1	2	1	1	2	1	2	2	2	2	2	2	1	2	1	1	1	2	2	2	2	1	1	1	1	1	1	1	1	1	1	1	1	1	2	1	1	1	2	1
77	2	2	2	2	2	1	2	2	1	1	1	1	2	1	1	1	1	1	1	1	1	1	1	1	2	2	2	1	1	2	1	2	1	2	1	1	2	1	1	2	1	1	1	1	1	2	1	1	1	2	1	1	2	1	2	1	1	2	1	1	2	2	2	2	2	1	2	1	1	2	2	2	2	1	1	1	1	1	1	1	2	1	1	1	1	1	1	2	1	1	1	2	1
77	2	2	1	2	2	1	2	2	1	1	1	1	1	1	1	1	1	1	1	1	1	1	1	1	2	2	2	1	1	2	1	2	1	2	2	1	2	1	1	2	1	1	1	1	1	1	1	1	1	2	1	1	2	1	1	1	1	2	1	2	2	2	2	2	2	1	2	1	1	2	2	1	2	2	1	1	1	1	1	1	2	1	1	1	1	1	1	2	1	1	1	2	1
78	2	2	2	2	2	1	2	2	1	1	1	1	2	1	1	1	1	1	1	1	1	1	1	1	2	2	2	1	1	2	1	2	1	2	1	1	2	1	1	2	1	1	1	1	1	1	2	1	1	2	1	2	2	2	2	1	1	2	1	1	2	2	2	2	2	1	2	1	1	2	2	1	2	1	1	1	1	1	1	1	2	1	1	1	1	1	1	2	1	1	1	2	1
78	2	2	2	2	2	1	2	2	2	1	1	1	1	1	1	1	1	1	1	1	1	1	1	1	2	2	2	1	1	2	1	2	1	2	1	1	2	1	1	2	1	1	1	1	1	1	2	1	1	2	1	2	2	1	1	1	1	1	1	2	2	2	2	2	2	1	2	1	1	2	2	1	1	1	1	1	1	1	1	1	2	1	1	1	1	1	1	1	1	1	1	2	1
78	2	2	1	2	2	1	2	2	2	1	1	1	1	2	2	1	1	1	1	1	1	1	1	1	2	2	2	1	1	2	1	2	1	2	1	1	2	1	1	2	1	1	1	1	1	1	1	2	1	1	1	2	2	2	2	1	1	2	1	2	2	2	2	2	2	2	2	1	1	2	1	1	2	1	1	1	1	1	1	1	2	1	1	1	1	1	1	1	1	1	1	2	1
79	2	2	2	2	2	1	2	2	1	1	1	1	2	1	1	1	1	1	1	1	1	1	1	1	2	2	2	1	1	2	1	2	2	2	1	1	2	1	1	2	1	1	1	1	1	1	1	1	1	1	1	2	2	2	2	1	1	2	1	1	2	2	2	2	2	1	2	2	1	2	2	1	1	1	1	1	1	1	1	1	2	1	1	1	2	1	1	2	1	1	1	2	1
79	2	2	2	2	2	1	2	2	1	1	1	1	2	1	1	1	1	1	1	1	1	1	1	1	2	2	2	1	1	2	1	2	2	2	1	1	2	1	1	2	1	1	1	1	1	2	1	1	1	1	2	2	2	2	2	1	2	2	1	1	2	2	2	2	2	1	2	1	1	2	2	1	1	1	1	1	1	1	1	1	2	1	1	1	2	1	1	2	1	1	1	2	1
79	2	2	2	2	2	1	2	2	1	1	1	2	2	1	1	1	1	1	1	1	1	1	1	1	2	2	2	1	1	2	1	2	1	2	1	1	2	1	1	2	1	1	1	1	1	2	1	1	1	2	1	2	2	2	2	1	1	2	1	1	2	2	2	2	2	1	2	1	1	2	2	1	1	1	1	1	1	1	1	1	2	1	1	1	1	1	1	2	1	1	1	2	1
80	2	2	1	2	2	1	2	2	1	1	1	1	2	2	1	1	1	1	1	1	1	1	1	1	2	2	2	1	1	2	1	2	1	2	1	1	2	1	1	2	1	1	1	1	1	2	1	1	1	2	2	2	1	1	2	1	1	2	1	1	2	2	2	2	2	1	2	1	1	2	2	1	1	1	1	1	1	1	1	1	2	1	1	1	2	1	1	2	1	1	1	2	1
80	2	2	2	2	2	1	2	2	1	1	1	1	2	1	1	1	1	1	1	1	1	1	1	1	2	2	2	1	1	2	1	2	2	2	1	1	2	1	1	2	1	1	1	1	1	1	1	1	1	1	1	1	2	2	1	1	1	1	1	2	2	2	2	2	2	1	2	1	1	2	1	1	2	1	1	1	1	1	1	1	1	1	1	1	1	1	1	1	1	1	1	2	1
80	2	2	2	2	1	1	2	2	1	1	1	1	2	1	1	1	1	1	1	1	1	1	1	1	2	2	2	1	1	2	1	2	1	2	2	1	2	1	1	2	1	1	1	1	1	1	1	1	1	2	1	1	2	2	2	1	1	2	1	1	2	2	2	2	2	1	2	1	1	2	2	1	1	2	1	1	1	1	1	1	2	1	1	1	1	1	1	2	1	1	1	2	1
81	2	2	2	2	1	1	2	2	1	2	1	1	2	1	1	1	1	1	1	1	1	1	1	1	2	2	2	1	1	2	1	2	1	2	1	1	2	1	1	2	1	1	1	1	1	1	1	1	1	1	1	1	2	2	2	1	1	2	1	1	2	2	2	2	2	1	2	1	1	2	2	1	1	1	1	1	1	1	1	1	1	1	1	1	1	1	1	2	1	1	1	2	1
81	2	2	2	2	2	1	2	2	1	1	1	1	2	1	1	1	1	1	1	1	1	1	1	1	2	2	2	1	1	2	1	2	1	2	1	1	2	1	1	2	1	1	1	1	2	1	1	1	1	1	2	2	2	2	2	1	1	2	1	2	2	2	2	2	2	1	2	1	1	2	2	1	1	1	1	1	1	1	1	1	1	1	1	1	1	1	1	1	1	1	1	2	1
81	2	2	2	2	2	1	2	2	1	1	1	1	1	1	1	1	1	1	1	1	1	1	1	1	2	2	2	1	1	2	1	2	1	2	1	1	2	1	1	2	1	1	1	1	1	1	1	1	1	1	1	1	2	2	2	1	1	2	1	2	2	2	2	2	2	1	2	2	1	2	2	1	1	1	1	1	1	1	1	1	2	1	1	1	1	1	1	2	1	1	1	2	1
82	2	2	1	2	2	1	2	2	1	1	1	1	1	1	1	1	2	1	1	1	1	1	1	1	2	2	2	1	1	2	1	2	1	2	1	1	2	1	1	2	1	1	1	1	1	1	1	1	1	1	1	1	2	1	2	1	1	2	1	1	2	2	2	2	2	1	2	1	1	2	2	1	1	2	1	1	1	1	1	1	1	1	1	1	1	1	1	2	1	1	1	2	1
82	2	2	2	2	2	1	2	2	1	2	1	1	1	1	1	1	1	1	1	1	1	1	1	1	2	2	2	2	1	2	1	2	1	2	1	1	2	1	1	2	1	1	1	1	1	1	1	1	1	1	1	1	1	1	2	1	1	2	1	1	2	2	2	2	2	1	2	1	1	2	2	1	1	2	1	1	1	1	1	1	2	1	1	1	1	1	1	2	1	1	1	2	1
82	2	2	2	2	2	1	2	2	1	1	1	2	1	1	1	1	1	1	1	1	1	1	1	1	2	2	2	1	1	2	1	2	1	2	1	1	2	1	1	2	1	1	1	1	1	1	1	1	1	1	2	1	1	1	2	1	1	2	1	1	2	2	2	2	2	1	2	1	1	2	2	1	1	1	1	1	1	1	1	1	1	1	1	1	1	2	1	2	1	1	1	2	1
83	2	2	2	2	2	1	2	2	1	1	1	2	1	1	1	1	1	1	1	1	1	1	1	1	2	2	2	1	1	2	1	2	1	2	1	1	2	1	1	2	1	1	1	1	2	1	1	1	1	1	1	1	1	1	1	1	1	2	1	1	2	2	2	2	2	1	2	1	1	2	2	1	1	1	2	1	1	2	1	1	1	1	1	1	1	1	1	1	1	1	1	2	1
83	2	2	2	2	2	1	2	2	1	1	1	1	1	1	1	1	1	1	1	1	1	1	1	1	2	2	2	1	1	2	1	2	1	2	1	1	2	1	1	2	1	1	1	1	2	1	1	1	1	1	1	1	1	1	1	1	1	2	1	1	2	2	2	2	2	1	2	1	1	2	2	1	1	1	1	1	1	2	1	1	1	1	1	1	1	1	1	1	1	1	1	2	1
84	2	2	2	2	2	1	2	2	1	1	1	1	1	1	1	1	1	1	1	1	1	1	1	1	2	2	2	1	1	2	1	2	1	2	1	1	2	1	1	2	1	1	1	1	2	1	1	1	1	1	1	1	2	1	1	2	1	2	1	1	2	2	2	2	2	1	2	1	1	2	2	1	1	1	1	1	1	2	1	1	1	1	1	1	1	1	1	1	1	1	1	2	1
84	2	2	2	2	2	1	2	2	1	1	1	1	1	1	1	1	1	1	1	1	1	1	1	1	2	2	2	1	1	2	1	2	1	2	1	1	2	1	1	2	1	1	1	1	2	1	1	1	1	1	1	1	2	1	1	2	1	2	1	1	2	2	2	2	2	1	2	1	1	2	2	1	1	1	1	1	1	2	1	1	1	1	1	1	1	1	1	1	1	1	1	2	1
84	2	2	2	2	2	1	2	2	1	1	1	1	1	1	1	1	1	1	1	1	2	1	1	1	2	2	2	1	1	2	1	2	1	2	1	1	2	1	1	2	1	1	1	1	2	1	1	1	1	1	1	1	2	1	1	2	1	2	1	1	2	2	2	2	2	1	2	1	1	2	2	1	1	1	1	1	1	2	1	1	1	1	1	1	1	1	1	1	1	1	1	2	1
85	2	2	2	2	2	1	2	2	1	1	2	1	2	1	2	1	1	1	1	1	1	1	1	1	2	2	2	1	1	2	1	2	1	2	1	1	2	1	1	2	1	1	1	1	1	2	2	1	1	1	2	1	2	2	2	1	1	2	1	2	2	2	2	2	2	2	2	1	1	2	2	1	1	2	1	1	1	2	1	1	2	1	1	1	1	1	1	2	1	1	1	2	1
85	2	2	1	1	2	1	2	2	1	1	1	1	2	1	2	1	1	1	1	1	1	1	1	1	2	2	2	1	1	2	1	2	2	2	1	1	2	1	1	2	1	1	1	1	1	1	1	1	1	1	2	2	2	1	2	1	1	2	1	2	2	2	2	2	2	1	2	1	1	2	2	1	2	2	1	1	1	2	1	1	2	1	1	1	1	1	1	2	1	1	1	2	1
85	2	2	2	2	2	1	2	2	1	1	2	1	2	1	2	1	1	1	1	1	1	1	1	1	2	2	2	1	1	2	1	2	1	2	1	1	2	1	1	2	1	1	1	1	1	1	2	1	1	1	2	1	2	2	2	1	1	2	1	2	2	2	2	2	2	1	2	1	1	2	2	1	2	1	1	1	1	1	1	1	2	1	1	1	1	1	1	2	1	1	1	2	1
86	2	2	2	2	2	2	2	2	1	1	1	1	2	1	1	1	1	1	1	1	1	1	1	1	2	2	1	1	1	2	1	2	1	2	1	1	2	1	1	2	1	1	1	1	1	1	2	1	1	1	1	1	2	1	2	1	1	1	1	2	2	2	1	2	2	1	2	1	1	2	2	1	2	2	1	1	1	1	1	1	2	1	1	1	2	1	1	1	1	1	1	2	1
86	2	2	2	2	2	1	2	2	1	1	1	1	1	1	1	1	1	1	1	1	1	1	1	1	2	2	2	1	1	2	1	2	1	2	2	1	2	1	1	2	1	1	1	1	1	1	1	1	1	1	1	1	1	1	2	1	1	2	1	2	1	1	2	2	2	1	2	1	1	2	1	1	1	1	1	1	1	1	1	1	2	1	1	1	1	1	1	1	1	1	1	1	1
86	2	2	2	2	2	1	2	2	1	1	1	1	2	1	1	1	1	1	1	1	1	1	1	1	2	2	2	1	1	2	1	2	1	2	2	1	2	1	1	2	1	1	1	1	1	1	1	1	1	1	1	1	2	1	1	1	1	1	1	1	2	1	2	2	2	1	2	1	1	2	1	1	2	1	1	1	1	1	1	2	2	1	1	1	1	1	1	1	1	1	1	2	1
87	2	2	2	2	2	2	2	2	1	1	1	1	2	1	1	1	1	1	1	1	1	1	1	1	2	2	2	1	1	2	1	2	1	2	2	1	2	1	1	2	1	1	1	2	1	1	1	1	1	1	1	2	2	2	2	1	2	2	1	1	2	2	2	2	2	1	2	1	1	2	2	1	1	1	1	1	1	1	1	1	2	1	1	1	2	1	1	2	1	1	1	2	1
87	1	2	2	1	2	2	2	2	1	1	1	1	1	1	1	1	1	1	1	1	1	1	1	1	2	2	2	1	1	2	1	2	1	1	1	1	2	1	1	2	1	1	1	1	1	1	1	1	1	1	1	1	1	1	1	1	1	2	1	1	2	2	2	2	2	1	2	1	1	2	2	2	1	1	1	1	1	1	1	1	2	1	1	1	1	1	1	1	1	1	1	2	1
88	2	2	1	1	2	1	2	1	1	1	1	1	1	1	1	1	1	1	1	1	1	1	1	1	2	1	2	1	1	1	1	2	2	2	1	1	2	1	1	1	1	1	1	1	1	1	1	1	1	2	1	1	2	1	2	1	1	2	1	1	2	2	2	2	2	1	2	1	1	2	2	1	1	1	1	1	1	1	1	1	2	1	1	1	1	1	1	1	1	1	1	1	1
88	2	2	1	2	1	1	2	2	1	1	1	1	2	1	1	1	1	1	1	1	1	1	1	1	2	2	2	1	1	2	1	2	1	2	1	1	2	1	1	2	1	1	1	1	1	2	1	1	1	2	1	1	2	1	2	1	1	2	1	2	2	2	2	2	2	1	2	1	1	1	2	1	1	1	1	1	1	1	1	1	2	1	1	1	1	1	1	1	1	1	1	2	1
88	2	2	2	2	2	1	2	2	1	1	1	2	2	1	1	1	1	1	1	1	1	1	1	1	2	2	2	1	1	2	1	2	2	2	1	1	2	1	1	2	1	1	1	1	1	2	1	1	1	2	2	1	2	2	2	1	1	2	1	2	2	2	2	2	2	1	2	1	1	2	2	1	1	1	1	1	1	1	1	1	2	1	1	1	1	1	1	1	1	1	1	2	1
89	2	2	2	2	2	1	2	2	1	1	1	1	1	1	1	1	1	1	1	1	1	1	1	1	2	2	2	1	1	2	1	2	1	2	1	1	2	1	1	2	1	1	1	1	1	1	1	1	1	1	1	1	2	1	1	1	1	1	1	1	2	2	2	2	2	1	2	1	1	2	2	1	2	1	1	1	1	2	1	1	1	1	1	1	1	1	1	2	1	1	1	2	1
89	2	2	2	2	2	1	2	2	1	1	1	1	1	1	1	1	1	1	1	1	1	1	1	1	2	2	2	1	1	2	1	2	1	2	2	1	2	1	1	2	1	1	1	1	1	1	1	1	1	1	1	1	2	2	2	1	1	1	1	1	2	2	2	2	2	1	2	1	1	1	2	1	1	1	1	1	1	1	1	1	1	1	1	1	1	1	1	2	1	1	1	2	1
89	2	2	2	2	1	1	2	2	1	2	1	1	1	1	1	1	1	1	1	1	1	1	1	1	2	2	2	1	1	2	1	2	1	2	1	1	2	1	1	2	1	1	1	1	1	1	1	1	1	1	2	1	2	1	2	1	1	1	1	1	2	2	2	2	2	1	2	1	1	2	2	1	1	1	1	1	1	1	1	1	2	1	2	1	2	1	1	2	1	1	1	2	1
90	2	2	2	2	2	1	2	2	1	1	1	1	2	1	1	1	1	1	1	1	1	1	1	1	2	2	2	1	1	2	1	2	1	2	1	1	2	1	1	2	1	1	1	1	1	1	1	1	1	2	1	1	2	1	2	1	1	2	1	1	2	2	2	2	2	1	2	1	1	2	2	1	1	1	1	1	1	1	1	1	1	1	1	1	2	1	1	2	1	1	1	2	1
90	2	2	2	2	2	1	2	2	1	1	1	1	1	1	1	1	1	1	1	1	1	1	1	1	2	2	2	1	1	1	1	2	1	2	1	1	2	1	1	2	1	1	1	1	1	1	1	1	1	1	1	1	2	1	2	1	1	2	1	1	2	2	2	2	2	1	2	1	1	2	2	1	1	1	1	1	1	1	1	1	1	1	1	1	1	1	2	2	1	1	1	2	1
90	2	2	2	2	2	1	2	2	1	1	1	1	2	1	1	1	1	1	1	1	1	1	1	1	2	2	2	1	1	2	1	2	1	2	1	1	2	1	1	2	1	1	1	1	1	1	1	1	1	2	2	1	1	1	2	1	1	2	1	1	2	2	2	2	2	1	2	1	1	2	2	1	1	1	1	1	1	1	1	1	1	1	1	1	1	1	1	1	1	1	1	2	1
91	2	2	2	2	2	1	2	2	1	1	1	1	1	1	1	1	1	1	1	1	1	1	1	1	2	2	2	1	1	2	1	2	1	2	1	1	2	1	1	2	1	1	1	1	2	1	1	1	1	1	1	1	1	1	2	1	1	2	1	1	2	2	2	2	2	1	2	1	1	2	2	1	1	1	1	1	1	2	1	1	1	1	1	1	1	1	1	1	1	1	1	2	1
91	2	2	2	2	2	1	2	2	1	1	1	1	1	1	1	1	1	1	1	1	1	1	1	1	2	2	2	1	1	2	1	2	1	2	1	1	2	1	1	2	1	1	1	1	2	1	1	1	1	1	1	1	2	1	2	1	1	2	1	1	2	2	2	2	2	1	2	1	1	2	2	1	1	1	1	1	1	2	1	1	1	1	1	1	1	2	1	1	1	1	1	2	1
91	2	2	2	2	2	1	2	2	1	1	1	1	1	1	1	1	1	1	1	1	1	1	1	1	2	2	2	1	1	2	1	2	1	2	1	1	2	1	1	2	1	1	1	1	2	1	1	1	1	1	1	1	2	1	2	1	1	2	1	1	2	2	2	2	2	1	2	1	1	2	2	1	1	1	1	1	1	2	1	1	1	1	1	1	1	1	1	2	1	1	1	2	1
92	2	2	1	2	2	1	2	2	1	1	1	1	2	1	2	1	1	1	1	1	1	1	1	1	2	2	2	1	1	2	1	2	2	2	1	1	2	1	1	2	1	1	1	1	1	2	1	1	1	2	2	1	2	1	2	1	1	2	1	2	2	2	2	2	2	1	2	1	1	2	2	1	1	1	1	1	1	1	1	1	2	1	1	1	1	1	1	2	1	1	1	2	1
92	2	2	2	2	2	1	2	2	1	1	1	1	2	1	2	1	1	1	1	1	1	2	1	2	2	2	2	1	1	2	1	2	2	2	1	1	2	1	1	2	1	1	1	1	2	1	1	1	1	2	2	2	2	2	2	1	1	2	1	2	2	2	2	2	2	1	2	1	1	2	2	1	1	2	1	1	1	1	1	1	2	1	1	1	2	1	1	1	1	1	1	2	1
92	2	2	2	2	2	1	2	2	1	1	1	1	2	1	1	1	2	1	1	1	1	2	1	2	2	2	2	1	1	2	1	2	1	2	1	1	2	1	1	2	1	1	1	1	1	2	2	1	1	2	2	1	2	1	2	1	1	2	1	2	2	2	2	2	2	1	2	1	1	2	2	1	2	2	1	1	1	1	1	1	2	1	1	1	2	1	1	2	1	1	1	2	1
93	2	2	1	2	2	1	2	2	1	1	1	1	2	1	2	1	1	1	1	1	1	1	1	1	2	2	2	1	1	2	1	2	2	2	1	1	2	1	1	2	1	1	2	1	1	1	1	1	1	2	2	2	2	2	2	1	1	2	1	2	2	2	2	2	2	1	2	1	1	2	2	1	2	2	1	1	1	1	1	1	2	1	1	1	1	1	1	2	1	1	1	2	1
93	2	2	2	2	2	1	2	2	1	1	1	1	2	1	2	1	1	1	1	1	1	1	1	1	2	2	2	1	1	2	1	2	1	2	1	1	2	1	1	2	1	1	1	1	1	2	2	1	1	1	1	1	2	2	2	1	1	2	1	2	2	2	2	2	2	1	2	1	1	2	2	1	1	2	1	1	1	1	2	1	2	1	1	1	2	1	1	2	1	1	1	2	1
93	2	2	1	2	2	1	2	2	1	2	1	1	2	1	1	1	1	1	1	1	1	1	1	1	1	2	2	1	1	2	1	2	1	2	1	1	2	1	1	2	1	1	1	1	1	1	1	1	1	1	1	1	1	1	2	1	1	2	1	2	2	1	1	2	2	1	2	1	1	1	2	1	2	1	1	1	1	1	1	1	2	1	1	1	1	1	1	1	1	1	1	2	1
94	2	2	2	2	2	1	2	2	1	1	2	1	1	1	1	1	1	1	1	1	1	1	1	1	2	2	2	1	1	2	1	2	1	2	1	1	2	1	1	2	1	1	1	1	1	1	1	1	1	2	1	1	2	1	1	1	1	2	1	1	2	2	2	2	2	1	2	1	1	2	2	1	1	2	1	1	1	1	1	1	2	1	1	1	1	1	1	1	1	1	1	1	1
94	2	2	1	2	2	2	2	2	1	1	1	2	2	1	1	1	1	1	1	1	1	1	1	1	2	2	2	1	1	2	1	2	1	2	1	1	2	1	2	2	1	1	1	1	1	2	1	1	1	1	1	1	2	1	2	1	1	2	1	1	2	2	2	2	2	1	2	1	1	2	2	1	1	1	1	1	1	1	1	1	2	1	1	1	2	1	1	1	1	1	1	2	1
94	2	2	2	2	2	2	2	2	1	1	1	1	2	1	1	1	1	1	1	1	1	1	1	1	2	2	2	1	2	2	1	2	1	2	2	1	2	1	1	2	1	1	1	1	1	2	1	1	1	2	1	2	2	1	2	1	1	2	1	2	2	2	2	2	2	1	2	1	1	2	2	1	1	1	1	1	1	1	1	1	1	1	1	1	1	1	1	2	1	1	1	2	1
95	2	2	2	2	2	1	2	2	1	1	1	1	1	1	1	1	1	1	1	1	1	1	1	1	2	2	2	1	1	1	1	2	1	2	1	1	2	1	1	2	1	1	1	1	2	1	1	1	1	1	2	1	2	2	1	1	1	2	1	1	2	2	2	2	2	1	2	1	1	2	2	1	1	1	1	1	1	1	1	1	2	1	1	1	1	1	1	2	1	1	1	2	1
95	2	2	2	2	2	1	2	2	1	1	1	1	1	1	1	1	1	1	1	1	1	1	1	1	2	2	2	1	1	2	1	2	1	2	1	1	2	1	1	2	1	1	1	1	1	1	1	1	1	1	1	1	2	1	1	1	1	2	1	1	2	2	2	2	2	1	2	1	1	2	2	1	1	2	1	1	1	1	1	1	1	1	1	1	1	1	1	1	1	1	1	2	1
95	2	2	2	2	2	1	2	2	1	1	1	1	1	1	1	1	1	1	1	1	1	1	1	1	2	2	2	1	1	2	1	2	1	2	2	1	2	1	1	2	1	1	1	1	1	1	1	1	1	1	2	1	2	2	2	1	1	2	1	1	2	2	2	2	2	1	2	1	1	2	2	1	1	1	1	1	1	1	1	1	1	1	1	1	1	1	1	2	1	1	1	2	1
96	2	2	2	2	2	1	2	2	1	1	1	1	1	1	1	1	1	1	1	1	1	1	1	1	2	2	2	1	1	2	1	2	1	2	1	1	2	1	1	2	1	1	1	1	1	1	1	1	1	1	2	1	1	1	2	1	1	1	1	1	2	2	2	2	2	1	2	1	1	2	2	1	1	1	1	1	1	2	1	1	1	1	1	1	1	1	1	1	1	1	1	2	1
96	2	2	2	2	2	1	2	2	1	1	1	1	1	1	1	1	1	1	1	1	1	1	1	1	2	2	2	1	1	2	1	2	1	2	1	1	2	1	1	2	1	1	1	1	1	1	1	1	1	1	1	1	2	1	1	1	1	2	1	1	2	2	2	2	2	1	2	1	1	2	2	1	1	1	1	1	1	2	1	1	1	1	1	1	1	1	1	1	1	1	1	2	1
96	2	2	2	2	2	1	2	2	1	1	1	1	1	1	1	1	1	1	1	1	1	1	1	1	2	2	2	1	1	2	1	2	1	2	1	1	2	1	2	2	1	1	1	1	2	1	1	1	1	1	1	1	2	2	1	1	1	2	1	1	2	2	2	2	2	2	2	1	1	2	2	1	1	1	1	1	1	2	1	1	1	1	1	1	1	1	1	1	1	1	1	2	1
97	2	2	2	2	2	1	2	2	1	1	1	1	2	1	2	1	1	1	1	1	1	1	1	1	2	2	2	1	1	2	1	2	1	2	1	1	2	1	1	2	1	1	1	1	2	1	1	1	1	2	2	1	2	1	2	1	1	2	1	2	2	2	2	2	2	1	2	1	1	2	2	1	1	1	1	1	1	1	1	1	2	1	1	1	2	1	1	2	1	1	1	2	1
97	2	2	2	2	2	1	2	2	1	1	1	1	2	1	2	1	1	1	1	1	1	1	1	1	2	2	2	1	1	2	1	2	1	2	1	1	2	1	1	2	1	1	1	1	1	1	1	1	1	2	2	1	2	1	2	1	1	2	1	2	2	2	2	2	2	1	2	1	1	2	2	1	2	1	1	1	1	2	1	1	2	1	1	1	1	1	1	2	1	1	1	2	1
97	2	2	2	2	2	1	2	2	1	1	1	1	2	1	2	1	1	1	1	1	1	1	1	1	2	2	2	1	1	2	1	2	1	1	1	1	1	1	1	2	1	1	1	1	2	1	1	1	1	1	1	1	1	2	1	1	1	2	1	1	1	1	2	2	2	2	2	1	1	2	1	1	1	1	1	1	1	1	1	1	1	1	1	1	1	1	1	1	1	1	1	2	1
98	1	1	1	1	1	1	1	1	1	1	1	1	1	1	1	1	1	1	1	1	1	1	1	1	2	2	2	1	1	2	1	2	2	2	1	1	2	1	1	2	1	1	1	1	1	1	1	1	1	2	2	1	2	1	1	1	1	2	1	1	2	2	2	2	2	1	2	1	1	2	2	1	1	1	1	1	1	2	1	1	2	1	1	1	1	1	1	1	1	1	1	2	1
98	1	1	1	1	1	1	1	1	1	1	1	1	1	1	1	1	1	1	1	1	1	1	1	1	2	2	2	1	1	2	1	2	2	2	1	1	2	1	1	2	1	1	1	1	2	1	2	1	2	2	1	1	2	1	2	1	1	2	1	1	2	2	2	2	2	1	2	1	1	2	2	1	2	2	1	1	1	1	1	1	2	1	1	1	2	1	1	1	1	1	1	2	1
98	1	1	1	1	1	1	1	1	1	1	1	1	1	1	1	1	1	1	1	1	1	1	1	1	2	2	2	1	1	2	1	2	1	2	1	1	2	1	1	2	1	1	1	1	1	2	1	1	1	2	1	2	2	2	2	1	1	2	1	2	2	2	2	2	2	1	2	1	1	2	2	1	1	1	1	1	1	2	1	1	2	1	1	1	2	1	1	1	1	1	1	2	1
99	2	2	2	2	2	2	2	2	1	1	1	1	1	1	1	1	1	1	1	1	1	1	1	1	2	2	2	1	1	1	1	2	1	2	1	1	2	1	1	2	1	1	1	1	1	1	1	2	1	2	1	2	2	1	2	1	1	2	1	2	2	2	2	1	2	1	1	1	1	2	2	1	1	1	1	1	1	1	1	1	2	1	1	1	1	1	1	1	1	1	1	1	1
99	2	2	1	2	2	1	2	2	1	1	1	1	2	1	1	1	1	1	1	1	1	1	1	1	2	2	2	1	1	2	1	2	1	2	2	1	2	1	1	2	1	1	1	1	1	1	2	1	1	2	2	1	2	2	2	1	1	2	1	2	2	2	2	1	2	1	2	1	1	2	2	1	2	1	1	1	1	1	1	1	2	1	1	1	1	1	1	1	1	1	1	2	1
99	2	2	1	2	2	1	2	2	1	1	1	1	2	1	2	1	1	1	1	1	1	1	1	1	2	2	2	1	1	2	1	2	1	2	1	1	2	1	1	2	1	1	1	1	1	1	1	2	1	1	1	2	2	1	2	1	1	2	1	2	2	2	1	2	2	1	2	1	1	2	2	1	2	1	1	1	1	1	1	1	2	1	1	1	2	1	1	2	1	1	1	2	1
100	2	2	2	2	2	1	2	2	1	1	1	1	2	1	1	1	1	1	1	1	1	1	1	1	2	2	2	1	1	2	1	2	1	2	1	1	2	1	1	2	1	1	1	1	2	1	1	1	1	1	2	1	2	1	2	1	1	2	1	1	2	2	2	2	2	1	2	1	1	2	2	1	1	1	1	1	1	1	1	1	2	1	1	1	2	1	1	2	1	1	1	2	1
100	2	2	2	2	2	1	2	2	1	1	1	1	2	1	1	1	1	1	1	1	1	1	1	1	2	2	2	1	1	2	1	2	2	2	1	1	2	1	1	2	1	1	1	1	2	1	1	1	1	2	2	1	2	1	2	1	2	2	1	2	2	2	2	2	2	1	2	1	1	2	2	1	1	1	1	1	1	2	1	1	1	1	1	1	1	1	1	1	1	1	1	2	1
100	1	2	2	2	2	1	2	2	1	1	1	1	2	1	1	1	1	1	1	1	1	1	1	1	2	2	2	1	1	2	1	2	1	2	1	1	2	1	1	2	1	1	1	1	2	1	1	1	1	2	2	1	2	2	1	1	1	2	1	2	2	2	2	2	2	1	2	1	1	2	2	1	1	2	1	1	1	2	1	1	2	1	1	1	2	1	1	2	1	1	1	2	1
101	2	2	2	2	2	1	2	2	1	1	1	1	2	1	2	1	1	1	1	1	1	1	1	2	2	2	2	1	1	2	1	2	1	2	1	1	2	1	1	2	1	1	1	1	2	1	1	1	1	2	2	1	2	1	2	1	1	2	1	2	2	2	2	2	2	1	2	1	1	2	2	1	1	1	1	1	1	1	1	1	2	1	1	1	1	1	1	1	1	1	1	2	1
101	1	1	1	1	1	1	1	1	1	1	1	1	1	1	1	1	1	1	1	1	1	1	1	1	2	2	2	1	1	2	1	2	2	2	1	1	2	1	1	2	1	1	1	1	1	1	1	1	1	1	2	1	1	1	1	1	1	2	1	1	2	2	2	2	2	1	2	1	1	2	2	1	1	1	1	1	1	2	1	1	2	1	1	1	2	1	1	1	1	1	1	2	1
101	1	1	1	1	1	1	1	1	1	1	1	1	1	1	1	1	1	1	1	1	1	1	1	1	2	2	2	1	1	2	1	2	1	2	1	1	2	1	1	2	1	1	1	1	2	1	1	1	1	1	2	1	2	1	2	1	1	2	1	1	2	2	2	2	2	1	2	1	1	2	2	1	2	1	1	1	1	2	1	1	2	1	1	1	2	1	1	2	1	1	1	2	1
102	2	2	2	2	2	1	2	2	1	1	1	1	2	1	2	1	1	1	1	1	1	1	1	1	2	2	2	1	1	2	1	2	1	2	1	1	2	1	1	2	1	1	1	1	1	1	1	1	1	2	2	1	2	1	2	1	1	2	1	2	2	2	2	2	2	1	2	1	1	2	2	1	1	2	1	1	1	1	1	1	2	1	1	1	1	1	1	2	1	1	1	2	1
102	2	2	2	2	2	1	2	2	1	1	1	1	2	1	1	1	1	2	1	1	1	1	1	1	2	2	2	1	1	2	1	2	2	2	1	1	2	1	1	2	1	1	1	1	1	2	1	1	1	2	1	2	2	1	2	1	1	2	1	1	2	2	2	2	2	1	2	1	1	2	2	1	1	1	1	1	1	1	1	1	2	1	1	1	1	1	1	1	1	1	1	2	1
102	2	2	2	2	2	1	2	2	1	1	1	2	2	1	1	1	1	1	1	1	1	1	1	1	2	2	2	1	1	2	1	2	1	2	1	1	2	1	1	2	1	1	1	1	1	1	1	1	1	1	2	2	2	2	2	1	1	2	1	2	2	2	2	2	2	1	2	1	1	2	2	1	1	1	1	1	2	1	1	1	2	1	1	1	2	1	1	2	1	1	1	2	1
103	2	2	2	2	2	1	2	2	1	1	1	2	2	1	1	1	1	1	1	1	1	1	1	1	2	2	2	1	1	2	1	2	2	2	1	1	2	1	1	2	1	1	1	1	2	1	1	1	1	2	1	1	2	1	2	1	1	2	1	1	2	2	2	2	2	1	2	1	1	2	2	1	2	1	1	1	1	1	1	1	2	1	1	1	1	1	1	1	1	1	1	2	1
103	2	2	2	2	2	1	2	2	1	1	1	1	2	1	1	1	1	1	1	1	1	1	1	1	2	2	2	1	1	2	1	2	1	2	2	1	2	1	1	2	1	1	1	1	2	1	1	1	1	2	2	1	1	1	2	1	1	2	1	1	2	2	2	2	2	1	2	1	1	2	2	1	1	1	1	1	1	2	1	1	2	1	1	1	1	1	1	1	1	1	1	2	1
103	2	2	2	2	2	1	2	2	1	1	2	1	2	1	2	1	1	1	1	1	1	1	1	1	2	2	2	1	1	2	1	2	1	1	1	1	2	1	1	2	1	1	1	1	2	1	1	1	1	2	2	1	1	1	1	1	1	1	1	1	2	2	2	2	2	1	2	1	1	2	2	1	1	1	1	1	1	2	1	1	2	1	1	1	2	1	1	1	1	1	1	1	1
104	2	2	2	2	2	1	2	2	1	1	1	1	1	1	1	1	1	1	1	1	1	1	1	1	2	2	2	1	1	2	1	2	1	2	1	1	2	1	1	2	1	1	1	1	1	1	1	1	1	1	1	1	2	1	2	1	1	2	1	1	2	2	2	2	2	1	2	1	1	2	2	1	1	1	1	1	1	2	1	1	2	1	1	1	2	1	1	2	1	1	1	2	1
104	2	2	2	2	2	1	2	2	1	1	1	1	2	1	2	1	1	1	1	1	1	1	1	1	2	2	2	1	1	2	1	2	2	2	1	1	2	1	1	2	1	1	1	1	1	1	1	1	1	1	1	1	2	2	2	1	1	2	1	1	2	2	2	2	2	1	2	1	1	2	2	1	2	2	1	1	1	1	1	1	1	1	1	1	1	1	1	1	1	1	1	2	1
104	2	2	2	2	2	1	2	2	1	1	1	1	1	1	2	1	1	1	1	1	1	1	1	1	2	2	2	1	1	2	1	2	1	2	1	1	2	1	1	2	1	1	1	1	2	2	2	1	1	2	1	1	2	2	2	2	1	2	1	1	2	2	2	2	2	1	2	1	1	2	2	1	2	1	1	1	1	2	1	1	2	1	1	1	1	1	1	2	1	1	1	2	1
105	2	2	1	2	2	2	2	2	1	1	1	2	2	1	1	1	1	2	1	1	1	1	1	1	2	2	2	1	1	2	1	2	1	2	1	1	2	1	1	2	1	1	1	1	2	1	1	1	1	2	2	2	1	1	2	1	1	2	1	2	2	2	2	2	2	1	2	1	1	2	2	1	1	1	1	1	1	1	1	1	2	1	1	1	1	1	1	1	1	1	1	2	1
105	2	2	2	2	2	2	2	2	1	2	1	1	2	1	1	1	1	2	1	1	1	1	1	1	2	2	2	1	1	1	1	2	1	2	2	1	2	1	1	2	1	1	1	1	2	1	1	1	1	2	2	1	1	1	1	1	1	2	1	2	2	2	2	2	2	1	2	1	1	2	2	1	1	1	1	1	1	1	1	1	2	1	1	1	2	1	1	2	1	1	1	2	1
106	2	2	1	2	2	1	2	2	1	1	1	1	2	1	1	1	1	1	1	1	1	1	1	1	2	2	2	1	1	2	1	2	1	2	1	1	2	1	1	2	1	1	1	1	2	1	1	1	1	2	2	1	2	1	2	1	1	2	1	1	2	2	2	2	2	1	2	1	1	2	2	1	1	1	1	1	1	1	1	1	2	1	1	1	1	1	1	1	1	1	1	2	1
106	2	2	2	2	2	1	2	2	1	1	1	1	2	1	1	1	1	1	1	1	1	1	1	1	2	2	2	1	1	2	1	2	1	2	1	1	2	1	1	2	1	1	1	1	2	1	1	1	1	2	2	1	2	2	1	1	1	2	1	1	2	2	2	2	2	1	2	1	1	2	2	1	2	1	1	1	1	2	1	1	2	1	1	1	2	1	1	1	1	1	1	2	1
106	2	2	2	2	2	1	2	2	1	1	1	1	1	1	2	1	1	1	1	1	1	1	1	1	2	2	2	1	1	2	1	2	1	2	1	1	2	1	1	2	1	1	1	1	1	1	1	1	1	2	2	1	2	1	2	1	1	2	1	1	2	2	2	2	2	1	2	1	1	2	2	1	2	1	1	1	1	2	1	1	1	1	1	1	2	1	1	2	1	1	1	2	1
107	2	2	2	2	2	1	2	2	1	1	1	2	2	1	2	1	1	1	1	1	1	1	1	1	2	2	2	1	1	2	1	2	1	2	2	1	2	1	1	2	1	1	1	1	2	1	1	1	1	2	2	1	2	2	2	1	1	2	1	2	2	2	2	2	2	1	2	1	1	2	2	1	1	1	1	1	1	2	1	1	2	1	1	1	2	1	1	2	1	1	1	2	1
107	2	2	2	2	2	1	2	2	1	1	1	2	2	1	1	1	1	1	1	1	1	1	1	1	2	2	2	1	1	2	1	2	1	2	1	1	2	1	1	2	1	1	1	1	2	1	1	1	1	2	2	1	1	1	2	1	1	2	1	1	2	2	2	2	2	1	2	1	1	2	2	1	1	1	1	1	1	2	1	1	2	1	1	1	1	1	1	1	1	1	1	2	1
107	2	2	2	2	2	1	2	2	1	1	1	2	2	1	1	1	1	1	1	1	1	1	1	1	2	2	2	1	1	2	1	2	1	2	1	1	2	1	1	2	1	1	1	1	2	1	1	1	1	2	1	1	2	1	2	2	1	2	1	2	2	2	2	2	2	1	2	1	1	2	2	1	2	1	1	1	1	1	1	1	2	1	1	1	2	1	1	2	1	1	1	2	1
108	2	2	2	2	2	1	2	2	1	1	1	2	1	1	1	1	1	1	1	1	1	1	1	1	2	2	2	1	1	2	1	2	1	2	1	1	2	1	1	2	1	1	1	1	2	1	1	1	1	2	2	1	2	1	2	1	1	2	1	2	2	2	2	2	2	1	2	1	1	2	2	1	1	1	1	1	1	1	1	1	2	1	1	1	1	1	1	2	1	1	1	2	1
108	2	2	2	2	2	1	2	2	1	1	1	2	2	1	1	1	1	1	1	1	1	1	1	1	2	2	2	1	1	2	1	2	1	2	1	1	2	1	1	2	1	1	1	1	1	1	1	1	1	2	1	1	2	1	2	2	1	2	1	1	2	2	2	2	2	1	2	1	1	2	2	1	2	1	1	1	1	2	1	1	2	1	1	1	1	1	1	1	1	1	1	2	1
108	2	2	2	2	2	1	2	2	1	1	1	2	2	1	1	1	1	1	1	1	1	1	1	1	2	2	2	1	1	2	1	2	1	2	1	1	2	1	1	2	1	1	1	1	1	1	1	1	1	2	2	1	2	2	2	1	1	2	1	2	2	2	2	2	2	1	2	1	1	2	2	1	2	1	1	1	1	1	1	1	2	1	1	1	1	1	1	2	1	1	1	2	1
109	2	2	2	2	2	1	2	2	1	1	1	1	2	1	1	1	1	1	1	1	1	1	1	1	2	2	2	1	1	2	1	2	1	2	1	1	2	1	1	2	1	1	1	1	2	2	1	1	1	1	2	2	1	2	2	1	1	2	1	2	2	2	2	2	2	1	2	1	1	2	2	1	2	1	1	1	1	1	1	1	2	1	1	1	2	1	1	1	1	1	1	2	1
109	2	2	2	2	2	1	2	2	1	1	1	1	2	1	1	1	1	1	1	1	1	1	1	1	2	2	2	1	1	2	1	2	1	2	1	1	2	1	1	2	1	1	1	1	1	1	1	1	1	2	2	1	1	1	2	1	1	2	1	1	2	2	2	2	2	1	2	1	1	2	2	1	2	1	1	1	1	2	1	1	2	1	1	1	1	1	1	2	1	1	1	2	1
109	2	2	2	2	2	1	2	2	1	1	1	1	2	1	1	1	1	1	1	1	1	1	1	1	2	2	2	1	1	2	1	2	1	2	1	1	2	1	1	2	1	1	1	1	1	1	1	1	1	2	1	1	1	1	2	1	1	2	1	1	2	2	2	2	2	1	2	1	1	2	2	1	1	1	1	1	1	1	1	1	2	1	1	1	1	1	1	1	1	1	1	2	1
110	2	2	2	2	2	1	2	2	1	1	1	1	2	1	1	1	1	1	1	1	1	1	1	1	2	2	2	2	1	2	1	2	1	2	1	1	2	1	1	1	1	1	1	1	1	1	1	1	1	1	1	1	2	2	1	1	1	2	1	1	2	2	2	2	2	1	2	1	1	2	2	1	1	1	1	1	1	2	1	1	2	1	1	1	1	1	1	1	1	1	1	2	1
110	2	2	2	2	2	1	2	2	1	1	1	1	2	1	1	1	1	1	1	1	1	1	1	1	2	2	2	1	1	2	1	2	1	2	1	1	2	1	1	2	1	1	1	1	2	1	1	1	1	2	1	2	2	1	2	1	1	2	1	1	2	2	2	2	2	1	2	1	1	2	2	1	1	2	1	1	1	1	1	1	2	1	1	1	1	1	1	1	1	1	1	2	1
110	2	2	2	2	2	1	2	2	1	1	1	1	2	1	1	1	1	1	1	1	1	1	1	1	2	2	2	1	1	2	1	2	1	2	1	1	2	1	1	2	1	1	1	1	2	1	1	1	1	1	1	2	2	1	2	1	1	2	1	1	2	2	2	2	2	1	2	1	1	2	2	1	1	2	1	1	1	2	1	1	2	1	1	1	2	1	1	2	1	1	1	2	1
111	2	2	2	2	2	1	2	2	1	1	1	2	2	1	2	1	1	1	1	1	1	1	1	1	2	2	2	1	1	2	1	2	1	2	1	1	2	1	1	2	1	1	1	1	2	1	1	1	1	2	2	1	2	1	2	1	1	2	1	1	2	2	2	2	2	1	2	1	1	2	2	1	1	1	1	1	1	2	1	1	2	1	1	1	1	1	1	2	1	1	1	2	1
111	2	2	2	2	2	1	2	2	1	1	1	1	2	1	1	1	1	1	1	1	1	1	1	1	2	2	2	1	1	2	1	2	1	2	1	1	2	1	1	2	1	1	1	1	2	1	1	1	1	2	2	1	2	1	2	1	1	2	1	1	2	2	2	2	2	1	2	1	1	2	2	1	2	1	1	1	1	1	1	1	2	1	1	1	1	1	1	2	1	1	1	2	1
111	2	2	2	2	2	1	2	2	1	1	1	2	2	1	1	1	1	1	1	1	1	1	1	1	2	2	2	1	1	2	1	2	2	2	1	1	2	1	1	2	1	1	1	1	2	1	1	1	1	2	1	1	2	1	1	1	1	2	1	1	2	2	2	2	2	1	2	1	1	2	2	1	1	2	1	1	1	2	1	1	2	1	1	1	1	1	1	1	1	1	1	2	1
112	2	2	2	2	2	1	2	2	1	1	1	1	2	1	1	1	1	1	1	1	1	1	1	1	2	2	2	1	1	2	1	2	1	2	1	1	2	1	1	2	1	1	1	1	1	1	1	1	1	2	1	1	1	1	2	1	1	2	1	2	2	2	2	2	2	1	2	1	1	2	2	1	1	2	1	1	1	1	1	1	2	1	1	1	2	1	1	1	1	1	1	2	1
112	2	2	2	2	2	1	2	2	1	1	1	2	2	1	2	1	1	1	1	1	1	1	1	1	2	2	2	1	1	2	1	2	1	2	1	1	2	1	1	2	1	1	1	1	2	1	1	1	1	2	1	1	1	2	2	1	1	2	1	1	2	2	2	2	2	1	2	1	1	2	2	1	1	2	1	1	1	1	1	1	1	1	1	1	2	1	1	1	1	1	1	2	1
112	2	2	2	2	2	1	2	1	1	1	1	2	2	1	1	1	1	1	1	1	1	1	1	1	2	2	2	2	1	2	1	2	2	2	1	1	2	1	1	2	1	1	1	1	1	1	1	1	1	1	1	1	2	1	2	1	1	2	1	2	2	2	2	2	2	1	2	1	1	2	2	1	2	2	1	1	1	2	1	1	2	1	1	1	2	1	1	1	1	1	1	2	1
113	2	2	2	2	2	1	2	2	1	1	1	1	1	1	1	1	1	1	1	1	1	1	1	1	2	2	2	1	1	2	1	2	2	2	1	1	2	1	1	2	1	1	1	1	2	1	1	1	1	2	1	1	2	2	1	1	1	2	1	2	2	2	2	2	2	1	2	1	1	2	2	1	1	2	1	1	1	2	1	1	1	1	1	1	2	1	1	1	1	1	1	2	1
113	2	2	2	2	2	1	2	2	1	1	1	1	2	1	1	1	1	1	1	1	1	1	1	1	2	2	2	1	1	2	1	2	1	2	1	1	2	1	1	2	1	1	1	1	2	1	1	1	1	2	1	1	2	1	1	1	1	2	1	1	2	2	2	2	2	1	2	1	1	2	2	1	1	1	1	1	1	2	1	1	2	1	1	1	2	1	1	1	1	1	1	2	1
113	2	2	2	2	2	1	2	2	1	1	1	1	2	1	1	1	1	1	1	1	1	1	1	1	2	2	2	1	1	2	1	2	1	2	1	1	2	1	1	2	1	1	1	1	1	1	1	1	1	2	2	1	2	1	1	1	1	2	1	2	2	2	2	2	2	1	2	1	1	2	2	1	2	2	1	1	1	2	1	1	2	1	1	1	2	1	1	1	1	1	1	2	1
114	2	2	2	2	2	1	2	2	1	1	1	1	2	1	1	1	1	1	1	1	1	1	1	1	2	2	2	1	1	2	1	2	1	2	1	1	2	1	1	2	1	1	1	1	1	1	1	1	1	2	2	1	2	1	1	1	1	2	1	1	2	2	2	2	2	1	2	1	1	2	2	1	1	2	1	1	1	1	1	1	2	1	1	1	1	1	1	2	1	1	1	2	1
114	2	2	2	2	2	1	2	2	1	1	1	1	2	1	1	1	1	1	1	1	1	1	1	1	2	2	2	1	1	2	1	2	2	2	1	1	2	1	1	2	1	1	1	1	1	1	1	1	1	2	2	2	1	1	2	1	1	2	1	2	2	2	2	2	2	1	2	1	1	2	2	1	1	1	1	1	1	1	1	1	2	1	1	1	1	1	1	2	1	1	1	2	1
114	2	2	2	2	2	1	2	2	1	1	1	1	2	1	1	1	1	1	1	1	1	1	1	1	2	2	2	1	1	2	1	2	2	2	1	1	2	1	1	2	1	1	1	1	2	1	1	1	1	2	2	2	1	1	2	1	1	2	1	1	2	2	2	2	2	1	2	1	1	2	2	1	1	1	1	1	1	2	1	1	2	1	1	1	1	1	1	2	1	1	1	2	1
115	2	2	2	1	2	1	2	2	1	1	1	1	2	1	1	1	1	2	1	1	1	1	1	1	2	2	2	1	1	2	1	2	1	2	1	1	2	1	1	2	1	1	1	1	1	1	1	1	1	2	2	1	1	1	1	1	1	2	1	2	2	2	2	2	2	1	2	2	1	2	2	1	1	1	1	1	1	1	1	1	2	1	1	1	2	1	1	1	1	1	1	2	1
115	2	2	2	1	2	1	2	2	1	1	1	1	2	1	1	1	1	1	1	1	1	1	1	1	2	2	2	1	1	2	1	2	1	2	1	1	2	1	1	2	1	1	1	1	1	1	1	1	1	2	1	2	1	1	2	1	1	2	1	2	2	2	2	2	2	1	2	1	1	2	2	1	2	1	1	1	1	1	1	1	1	1	1	1	2	1	2	2	1	1	1	2	1
115	2	2	2	1	2	1	2	2	1	1	1	1	2	1	1	1	2	1	1	1	1	1	1	1	2	2	2	1	1	2	1	2	1	2	1	1	2	1	1	2	1	1	1	1	1	1	1	1	1	2	2	2	1	1	2	1	1	2	1	2	2	2	2	2	2	1	2	1	1	2	2	1	1	1	1	1	1	1	1	1	2	1	1	1	2	1	1	1	1	1	2	2	1
116	2	2	2	2	2	1	2	2	1	1	1	1	2	1	1	1	1	1	1	1	1	1	1	1	2	2	2	2	1	2	1	2	1	2	1	1	2	1	1	2	1	1	1	1	1	1	1	1	1	2	1	2	2	2	2	1	1	2	1	2	2	2	2	2	2	1	2	1	1	2	2	1	1	2	1	1	1	1	1	1	1	1	1	1	2	1	1	2	1	1	1	2	1
116	2	2	2	2	2	1	2	2	1	1	1	1	2	1	2	1	1	1	1	1	1	1	1	1	2	2	2	1	1	2	1	2	1	2	1	1	2	1	1	1	1	1	1	1	1	1	1	1	1	2	2	2	2	1	2	1	1	2	1	1	2	2	2	2	2	1	2	1	1	2	2	1	1	1	1	1	1	1	1	1	2	1	1	1	1	1	1	1	1	1	1	2	1
116	2	2	2	2	2	1	2	2	1	1	1	1	2	1	1	1	1	1	1	1	1	1	1	1	2	2	2	1	1	2	1	2	1	2	1	1	2	1	1	2	1	1	1	1	2	1	1	1	1	2	2	1	2	1	2	1	1	2	1	1	2	2	2	2	2	1	2	1	1	2	2	1	1	1	1	1	1	2	1	1	2	1	1	1	1	1	1	2	1	1	1	2	1
117	2	2	2	2	2	1	2	2	1	1	1	1	2	1	1	1	1	1	1	1	1	1	1	1	2	2	2	1	1	2	1	2	1	2	1	1	2	1	1	2	1	1	1	1	2	1	1	1	1	2	2	2	2	2	1	1	1	2	1	1	2	2	2	2	2	1	2	1	1	2	2	1	1	1	1	1	1	1	1	1	2	1	1	1	2	1	1	1	1	1	2	2	1
117	2	2	2	2	2	1	2	2	1	1	1	1	2	1	1	1	1	1	1	1	1	1	1	1	2	2	2	1	1	2	1	2	1	2	1	2	2	1	1	2	1	1	1	1	2	1	1	1	1	2	2	2	2	1	1	1	1	2	1	2	2	2	2	2	2	1	2	1	1	2	2	1	1	1	1	1	1	1	1	1	2	1	1	1	2	1	1	1	1	1	2	2	1
117	2	2	2	2	2	1	2	2	1	1	1	1	2	1	1	1	1	1	1	1	1	1	1	1	2	2	2	1	1	2	1	2	1	2	1	1	2	1	1	2	1	1	1	1	2	1	1	1	1	2	2	2	1	1	1	1	1	2	1	1	2	2	2	2	2	1	2	1	1	2	2	1	1	1	1	1	1	1	1	1	1	1	1	1	2	1	1	2	1	1	1	2	1
118	2	2	2	1	2	1	2	2	1	1	1	1	2	1	1	1	1	1	2	1	1	1	1	1	2	2	1	1	1	2	1	2	2	2	1	1	2	1	1	2	1	1	1	1	2	1	1	1	1	2	2	2	1	2	1	1	1	2	1	1	2	2	2	2	2	1	2	1	1	2	2	1	1	1	1	1	1	1	1	1	2	1	1	1	2	1	1	2	1	1	1	2	1
118	2	2	2	2	2	1	2	2	1	1	1	1	2	1	1	1	1	1	1	1	1	1	1	1	2	2	2	1	1	2	1	2	1	2	1	2	2	1	1	2	1	1	1	1	2	1	1	1	1	2	2	2	2	1	1	1	1	2	1	2	2	2	2	2	2	1	2	1	1	2	2	1	1	1	1	1	1	1	1	1	2	1	1	1	2	1	1	2	1	1	2	2	1
118	2	2	2	2	2	1	2	2	1	1	1	1	1	1	1	1	2	1	1	1	1	1	1	1	2	2	2	1	1	2	1	2	1	2	1	1	2	1	1	2	1	1	1	1	2	1	1	1	1	2	2	1	1	1	1	1	1	2	1	1	2	2	2	2	2	1	2	1	2	2	2	1	1	1	1	1	1	1	1	1	2	1	1	1	2	1	1	2	1	1	1	2	1
119	2	2	2	2	2	1	2	2	1	1	1	1	2	1	1	1	1	1	1	1	1	1	1	1	2	2	2	1	1	2	1	2	1	2	1	1	2	1	1	2	1	1	1	1	1	1	1	1	1	2	1	1	2	1	2	1	1	2	1	2	2	2	2	2	2	1	2	1	1	2	2	1	1	1	1	1	1	1	1	1	2	1	1	1	2	1	1	1	1	1	1	2	1
119	2	2	2	2	2	1	2	2	1	1	1	1	2	1	1	1	1	1	1	1	1	1	1	1	2	2	2	1	1	2	1	2	2	2	1	1	2	1	1	2	1	1	1	1	1	1	1	1	1	1	2	1	2	2	2	1	1	2	1	2	2	2	2	2	2	1	2	1	1	2	2	1	1	2	1	1	1	1	1	1	2	1	1	1	2	1	1	1	1	1	1	2	1
119	2	2	2	2	2	1	2	2	1	1	1	1	2	1	1	1	1	1	1	1	1	1	1	1	2	2	2	1	1	2	1	2	2	2	2	1	2	1	1	2	1	1	1	1	2	1	1	1	1	2	1	2	2	2	2	1	1	2	1	2	2	2	2	2	2	1	2	1	1	2	2	1	1	2	1	1	1	1	1	1	2	1	1	1	1	1	1	2	1	1	1	2	1
120	2	2	2	2	2	1	2	2	1	1	1	1	2	1	1	1	1	1	1	1	1	1	1	1	2	2	2	1	1	2	1	2	1	2	1	1	2	1	2	2	1	1	1	1	2	1	1	1	1	1	2	2	1	1	1	1	1	2	1	2	2	2	2	2	2	1	2	1	1	2	2	1	1	1	1	1	1	1	1	1	2	1	1	1	2	1	1	2	1	1	1	2	1
120	2	2	2	2	2	1	2	2	1	1	1	1	2	1	1	1	1	1	1	1	1	1	1	1	2	2	2	1	1	2	1	2	1	2	1	2	2	1	1	2	1	1	1	1	2	1	1	1	1	2	2	1	1	1	1	1	1	2	1	2	2	2	2	2	2	1	2	1	1	2	2	1	1	1	1	1	1	1	1	1	2	1	1	1	2	1	1	2	1	1	1	2	1
120	2	2	2	2	2	1	2	2	1	1	1	1	2	1	1	1	1	1	1	1	1	2	1	1	2	2	2	1	1	2	1	2	1	2	1	2	2	1	1	2	1	1	1	1	2	1	1	1	1	2	2	2	1	1	1	1	1	2	1	2	2	2	2	2	2	1	2	1	1	2	2	1	1	2	1	1	1	1	1	1	1	1	1	1	2	1	1	1	1	1	1	2	1
121	2	2	2	2	2	1	2	2	1	1	1	1	2	1	1	1	2	2	1	1	1	1	1	1	2	2	2	1	1	2	1	2	1	2	1	1	2	1	1	2	1	1	1	1	1	1	1	1	1	2	2	2	1	2	1	1	1	2	1	2	2	2	2	2	2	1	2	1	1	2	2	1	1	1	1	1	1	1	1	1	2	1	1	1	2	1	1	2	1	1	2	2	1
121	2	2	2	1	2	1	2	2	1	1	1	2	2	1	1	1	1	1	1	1	2	1	1	1	2	2	2	1	1	2	1	2	1	2	1	2	2	1	1	2	1	1	2	1	1	1	1	1	1	1	2	2	1	1	1	1	1	2	1	2	2	2	2	2	2	1	2	1	1	2	2	1	1	1	2	1	1	1	1	1	2	1	1	1	2	1	1	2	1	1	1	2	1
121	2	1	2	2	2	1	2	2	1	1	1	1	2	1	1	1	1	1	1	1	1	1	1	1	2	2	1	1	1	2	1	2	1	2	1	2	2	1	1	2	1	1	1	1	2	1	1	1	1	2	2	1	1	1	1	1	1	2	1	1	2	2	2	2	2	1	2	1	1	2	2	1	1	1	1	1	1	1	1	1	2	1	1	1	2	1	1	2	1	1	2	2	1
122	2	2	2	2	2	1	2	2	1	1	1	1	2	1	1	1	2	1	1	1	1	2	1	1	2	2	1	1	1	2	1	2	1	1	1	1	2	1	1	2	1	1	1	1	2	1	1	1	1	1	1	2	1	1	1	1	1	2	1	2	2	2	2	2	2	1	1	2	1	1	2	1	1	1	1	1	1	1	1	1	1	1	1	1	2	1	2	1	1	1	1	2	2
122	2	1	1	1	2	1	2	2	1	1	1	1	1	1	1	1	1	1	1	1	1	1	1	1	2	2	1	1	1	2	1	2	1	2	1	1	2	1	1	2	1	1	1	1	2	1	1	1	1	2	2	2	1	1	1	1	1	2	1	2	2	2	2	2	2	1	2	1	1	2	2	1	2	1	1	1	1	1	1	1	2	1	1	1	2	1	1	2	1	1	1	2	1
122	2	2	2	1	2	1	2	2	1	1	1	1	2	1	1	1	1	1	1	1	1	1	1	1	2	2	2	1	1	2	1	2	1	2	1	2	2	1	1	2	1	1	1	1	2	1	1	1	1	2	2	2	1	1	1	1	1	2	1	2	2	2	2	2	2	1	2	2	1	2	2	1	1	1	1	1	1	1	1	1	2	1	1	1	2	1	1	2	1	1	1	2	1
