107	94	2	1
ACA_CTN_52.0
ACA_CTN_59.0
ACA_CTN_79.0
ACA_CTN_81.0
ACA_CTN_83.0
ACA_CTN_89.0
ACA_CTN_98.0
ACA_CTN_109.0
ACA_CTN_113.0
ACA_CTN_125.0
ACA_CTN_132.0
ACA_CTN_135.0
ACA_CTN_136.0
ACA_CTN_137.0
ACA_CTN_155.0
ACA_CTN_165.0
ACA_CTN_167.0
ACA_CTN_178.0
ACA_CTN_181.0
ACA_CTN_193.0
ACA_CTN_204.0
ACA_CTN_207.0
ACA_CTN_215.0
ACA_CTN_233.0
ACA_CTN_236.0
ACA_CTN_242.0
ACA_CTN_254.0
ACA_CTN_258.0
ACA_CTN_261.0
ACA_CTN_270.0
ACA_CTN_278.0
ACA_CTN_280.0
ACA_CTN_338.0
ACA_CTN_446.0
ACT_CAN_51.0
ACT_CAN_52.0
ACT_CAN_67.0
ACT_CAN_70.0
ACT_CAN_73.0
ACT_CAN_88.0
ACT_CAN_95.0
ACT_CAN_98.0
ACT_CAN_134.0
ACT_CAN_142.0
ACT_CAN_170.0
ACT_CAN_184.0
ACT_CAN_186.0
ACT_CAN_190.0
ACT_CAN_198.0
ACT_CAN_202.0
ACT_CAN_204.0
ACT_CAN_208.0
ACT_CAN_209.0
ACT_CAN_213.0
ACT_CAN_223.0
ACT_CAN_226.0
ACT_CAN_232.0
ACT_CAN_233.0
ACT_CAN_234.0
ACT_CAN_265.0
ACT_CAN_276.0
ACT_CAN_281.0
ACT_CAN_341.0
ACT_CAN_345.0
ATG_CTN_63.0
ATG_CTN_73.0
ATG_CTN_75.0
ATG_CTN_91.0
ATG_CTN_94.0
ATG_CTN_113.0
ATG_CTN_131.0
ATG_CTN_152.0
ATG_CTN_173.0
ATG_CTN_175.0
ATG_CTN_201.0
ATG_CTN_224.0
ATG_CTN_226.0
ATG_CTN_235.0
ATG_CTN_236.0
ATG_CTN_243.0
ATG_CTN_249.0
ATG_CTN_253.0
ATG_CTN_254.0
ATG_CTN_255.0
ATG_CTN_257.0
ATG_CTN_258.0
ATG_CTN_281.0
ATG_CTN_286.0
ATG_CTN_288.0
ATG_CTN_295.0
ATG_CTN_299.0
ATG_CTN_359.0
ATG_CTN_407.0
ATG_CTN_449.0
1	2	1	2	2	2	2	2	1	2	2	2	1	2	1	1	2	1	1	1	1	1	1	1	1	1	2	1	1	1	1	2	1	1	1	1	1	2	2	2	2	2	1	2	1	2	2	1	2	1	1	1	2	1	2	1	1	1	1	1	1	1	1	1	2	1	2	2	1	2	2	2	2	2	1	1	2	1	1	1	2	1	1	2	1	1	1	1	1	1	1	1	1	2	2
1	2	2	2	2	2	2	2	1	2	2	2	1	1	1	2	2	1	1	1	1	1	1	2	1	1	2	1	1	1	2	2	1	1	1	2	1	2	2	2	2	2	2	2	2	2	2	1	2	1	1	1	2	1	2	1	1	1	1	1	1	1	1	1	2	1	2	2	1	2	2	2	2	2	1	2	2	1	1	1	2	1	1	1	1	1	1	1	1	1	1	1	1	2	2
1	2	2	2	2	2	2	2	1	1	2	1	1	2	1	1	2	1	1	1	1	1	1	1	1	1	2	1	1	1	2	2	1	1	1	1	2	2	2	2	1	2	2	2	1	2	2	1	2	1	1	1	1	2	1	1	1	1	1	1	1	1	1	1	2	2	2	2	1	2	2	1	2	1	1	1	2	1	1	1	2	1	1	2	1	1	1	1	1	1	1	1	2	2	2
2	2	2	2	2	2	2	1	1	2	1	2	1	1	1	2	2	1	2	1	1	1	1	1	1	1	2	2	1	1	2	2	1	1	1	1	2	2	2	2	2	2	1	2	2	2	2	2	2	1	1	1	1	1	1	1	1	1	1	1	1	1	1	1	2	2	2	2	1	2	2	2	2	2	2	2	2	1	1	2	2	1	2	2	1	1	1	1	1	1	1	1	1	2	2
2	2	2	2	2	2	2	2	1	2	1	2	1	1	1	1	2	1	2	1	1	1	1	1	1	1	1	2	1	1	2	2	1	1	1	1	1	2	2	2	2	2	2	2	1	2	1	1	2	1	1	1	1	2	1	1	1	1	1	1	1	1	1	1	2	2	2	2	1	2	1	2	2	2	2	2	2	1	1	1	2	1	2	2	1	1	1	1	1	1	2	1	1	2	2
2	2	2	2	2	2	2	2	2	2	1	2	1	1	2	1	2	1	2	1	1	1	1	1	1	1	2	1	1	1	2	2	1	1	1	1	2	2	2	2	2	2	2	2	2	2	2	2	1	1	1	1	1	1	1	1	1	1	2	1	1	1	1	1	2	1	2	2	1	2	2	2	2	2	1	2	2	1	1	2	2	1	2	1	1	1	1	1	1	1	1	1	1	2	2
3	1	2	2	2	2	2	2	1	2	1	2	1	1	1	2	2	1	2	1	1	1	1	1	1	1	1	2	1	1	2	2	1	2	1	1	2	2	2	2	2	2	2	2	1	2	2	2	2	1	2	1	2	1	1	1	1	1	1	1	1	1	1	1	2	1	1	2	1	2	2	2	2	2	2	2	2	1	1	1	2	1	1	1	1	1	1	1	1	1	1	1	1	2	2
3	2	2	2	2	2	2	2	1	2	1	2	1	1	1	2	2	1	2	1	1	1	1	1	1	1	1	1	1	1	2	2	1	1	1	1	2	2	2	2	2	2	1	2	1	2	2	1	2	1	2	1	2	1	1	2	1	1	1	1	1	1	1	1	2	1	2	2	1	2	2	2	2	2	1	2	2	1	1	2	2	1	2	1	1	1	1	2	1	1	1	1	1	2	2
3	2	2	2	2	2	2	2	1	2	1	2	1	1	1	2	2	1	1	1	1	1	1	1	1	1	1	2	1	1	2	2	1	1	1	1	2	2	2	2	2	2	1	2	1	2	2	1	2	1	2	1	2	1	1	1	1	1	1	1	1	1	1	1	2	1	2	2	1	2	2	2	2	2	1	1	2	1	1	2	2	1	1	1	1	1	1	1	1	1	1	1	2	2	2
4	2	2	2	2	2	2	1	1	2	1	2	1	1	1	2	2	1	2	1	1	1	1	1	1	1	1	2	1	1	2	2	1	1	1	1	2	2	2	2	2	2	1	2	1	2	1	1	1	1	1	1	2	1	1	2	1	1	1	1	1	1	1	1	2	1	2	2	1	2	2	2	2	2	1	1	2	1	1	2	2	1	2	1	1	1	1	2	1	1	1	1	1	2	2
4	1	2	2	2	2	2	2	1	2	1	2	1	1	1	1	2	1	2	1	1	1	1	1	1	1	1	1	1	1	2	2	1	1	1	1	2	2	2	2	2	2	2	2	1	2	1	1	2	1	1	1	1	1	1	1	1	1	1	1	1	1	1	1	2	1	2	2	1	2	2	2	2	2	1	2	2	1	1	1	2	1	2	1	1	1	1	1	1	1	2	1	1	2	2
4	2	2	2	2	2	2	2	1	2	1	2	1	1	1	2	2	1	1	1	1	1	1	1	1	1	1	1	1	1	2	2	1	1	1	1	2	2	2	2	2	2	2	2	1	2	1	1	2	1	1	1	1	1	1	2	1	1	1	1	1	1	1	1	1	1	2	2	1	2	2	2	2	2	1	2	2	1	1	1	1	1	1	1	1	1	1	1	1	1	1	1	1	2	2
5	2	2	2	2	2	2	2	1	2	2	2	1	1	1	1	2	1	2	1	1	1	1	1	1	1	1	2	1	1	2	2	1	1	1	1	1	2	2	2	2	2	2	2	1	2	2	2	2	1	1	1	2	1	1	2	1	1	1	1	1	1	1	1	2	1	2	2	1	2	2	2	2	2	1	1	2	1	1	1	2	1	1	1	1	1	1	1	1	1	1	1	1	2	2
5	2	2	2	2	2	2	2	1	2	1	1	1	1	1	1	2	1	2	1	1	1	1	1	2	1	1	2	2	1	2	2	1	2	1	1	2	2	2	2	2	2	2	2	1	2	2	2	2	1	1	1	2	2	1	1	1	1	1	1	1	1	1	1	2	2	2	2	1	2	2	2	2	2	1	2	2	1	1	2	2	1	2	1	1	1	1	1	1	1	1	1	1	2	2
5	2	2	2	2	2	2	2	1	2	1	2	1	1	1	2	2	1	2	1	1	1	1	1	1	1	2	2	2	1	2	2	1	1	1	1	2	2	2	2	2	2	2	2	1	2	2	2	2	1	1	1	2	1	1	1	1	1	1	1	1	1	1	1	2	1	2	2	1	2	2	2	2	2	1	2	2	1	1	2	2	1	1	2	1	1	1	1	1	1	1	1	1	2	2
6	2	2	2	1	2	2	2	1	2	2	2	1	1	1	1	2	1	2	1	1	1	1	1	1	1	1	1	1	1	2	2	1	1	1	1	2	2	2	2	2	2	2	1	1	2	2	1	2	1	1	1	1	1	1	1	2	1	1	1	1	1	1	1	2	1	2	2	1	2	2	2	2	2	1	1	2	1	1	2	2	1	1	2	1	1	1	1	1	1	1	1	1	2	2
6	2	2	2	2	2	2	2	1	2	2	2	1	1	1	1	2	1	2	1	1	1	1	1	1	1	1	1	1	1	2	2	1	1	1	1	1	2	2	2	2	2	2	2	1	2	2	2	2	1	1	1	2	1	1	1	1	1	1	1	1	1	1	1	2	1	2	2	1	2	2	2	2	2	1	2	2	1	1	2	2	1	2	2	1	1	1	1	1	1	1	1	1	2	2
6	2	2	2	2	2	2	1	1	2	1	2	1	1	1	1	2	1	1	2	1	1	1	1	1	1	1	1	1	1	2	2	1	1	1	1	2	2	2	2	2	2	2	2	1	2	2	1	2	1	1	1	2	1	1	1	2	1	1	1	1	1	1	1	2	1	2	2	1	2	2	2	2	2	1	2	2	1	1	2	2	1	2	1	1	1	1	1	1	1	1	1	1	2	2
7	2	2	2	2	2	2	2	1	2	1	2	1	1	1	2	2	1	1	1	1	1	1	1	1	1	1	1	1	1	2	2	1	1	1	1	2	2	2	2	2	2	2	2	1	2	2	1	2	1	1	1	2	1	1	1	1	1	1	1	1	1	1	1	2	1	2	2	1	2	2	2	2	2	1	1	2	1	1	2	2	1	2	1	1	1	1	1	1	1	1	2	1	2	2
7	2	2	2	2	2	2	2	1	2	1	2	1	1	1	2	2	1	1	1	1	1	1	1	1	1	1	1	1	1	2	2	1	1	1	1	2	2	2	2	2	2	2	2	1	2	2	2	2	1	1	1	2	1	1	1	1	1	1	1	1	1	1	1	2	2	2	2	1	2	2	2	2	2	1	1	2	1	1	1	2	1	1	2	1	1	1	1	1	1	1	1	1	2	2
7	2	2	2	2	2	2	1	1	2	1	2	1	1	2	2	2	1	1	1	2	1	1	2	1	1	2	2	1	1	2	2	1	1	1	1	1	2	2	2	2	2	2	2	1	2	2	2	2	1	1	1	2	2	1	2	1	1	1	1	1	1	1	1	2	2	2	2	1	2	2	2	2	2	1	2	2	1	1	1	2	1	2	1	1	1	1	1	1	1	2	1	1	2	2
8	2	2	2	2	2	2	2	1	2	1	2	1	1	1	2	2	1	1	1	1	1	1	1	1	1	1	1	2	1	2	2	1	1	1	1	2	2	2	2	2	2	1	2	1	2	2	1	2	1	1	1	2	2	1	1	1	1	1	1	1	1	1	1	2	1	2	2	1	2	2	2	2	2	1	2	2	1	1	2	2	1	1	1	1	1	1	1	1	1	1	1	1	2	2
8	2	2	2	2	2	2	2	1	2	1	2	1	1	1	2	2	1	1	1	1	1	1	1	1	1	1	1	1	1	2	2	1	1	1	1	2	2	2	2	2	2	1	2	1	2	2	1	2	1	1	1	2	2	1	1	1	1	1	1	1	1	1	1	2	1	2	2	1	2	2	2	2	2	1	2	2	1	1	1	2	1	1	1	1	1	1	2	1	1	2	1	1	2	2
8	2	2	2	2	2	2	2	1	2	1	2	1	1	1	2	2	1	2	1	1	1	1	2	1	1	1	1	1	1	2	2	1	1	1	1	1	2	2	2	2	2	2	2	1	2	2	1	2	1	1	1	2	1	1	1	1	1	1	1	1	1	1	1	2	1	2	2	1	2	2	2	2	2	1	2	2	1	1	1	2	1	1	1	2	1	1	1	1	1	1	1	1	2	2
9	2	2	2	2	2	2	2	1	2	1	2	1	1	1	1	2	1	2	1	1	1	1	1	1	1	1	1	1	1	2	2	1	1	1	1	1	1	2	2	2	2	2	2	1	2	1	1	2	1	1	1	2	1	1	1	1	1	1	1	1	1	1	1	2	1	2	2	1	2	2	2	2	2	1	1	2	2	1	2	2	1	1	1	1	1	1	1	1	1	1	1	1	2	2
9	2	2	2	2	2	2	2	1	2	1	2	1	1	1	2	2	1	1	1	1	2	1	1	2	1	1	2	2	1	2	2	1	1	1	1	1	2	2	2	2	2	1	2	1	2	1	1	2	1	1	1	2	1	1	1	1	1	1	1	1	1	1	1	2	2	2	2	1	2	2	2	2	2	1	1	2	1	1	1	2	1	1	1	1	1	1	1	1	1	1	2	1	2	2
9	2	2	2	2	2	2	2	1	2	1	2	1	1	1	1	2	1	1	1	1	1	2	1	1	1	1	1	1	1	2	2	1	1	1	1	1	2	2	1	2	2	2	2	1	2	1	1	2	1	1	1	2	1	1	1	1	1	1	1	1	1	1	1	2	1	2	2	1	2	2	2	2	2	1	1	2	1	1	1	2	1	1	2	1	1	1	1	1	1	1	1	1	2	2
10	2	2	2	2	2	2	2	1	2	2	2	1	1	1	2	2	1	1	1	1	1	1	1	1	1	1	1	1	1	2	2	1	1	1	1	2	2	2	2	1	1	2	2	1	2	2	1	2	1	1	1	2	1	1	1	1	1	1	1	1	1	1	1	2	1	2	2	1	2	2	2	2	2	2	2	2	1	1	2	2	1	1	1	1	1	1	1	1	1	1	1	1	2	2
10	2	2	2	2	2	2	2	1	2	2	2	1	1	1	1	2	1	1	1	1	2	1	2	1	1	2	2	1	1	2	2	1	1	1	1	1	2	2	2	2	2	1	2	2	2	2	1	2	1	1	1	2	1	1	1	1	1	1	1	1	1	1	1	2	1	2	2	1	2	2	2	2	2	1	2	2	1	1	1	2	1	1	1	1	1	1	1	1	1	1	1	2	2	2
10	2	2	2	2	2	2	2	1	2	1	2	1	1	1	2	2	1	2	1	1	2	1	1	1	1	2	1	1	1	2	2	1	1	1	1	2	2	2	2	2	1	1	2	1	2	2	1	2	1	1	1	2	1	1	1	1	1	1	1	1	1	1	1	2	1	2	2	1	2	2	2	2	2	1	1	2	1	1	2	2	1	1	1	1	1	1	1	1	1	1	1	1	2	2
11	2	2	2	2	2	2	1	1	2	1	2	1	1	1	2	2	1	2	1	1	1	1	1	1	1	2	2	2	1	2	2	1	1	1	1	1	2	2	2	2	2	2	2	1	2	2	2	2	1	1	1	2	1	1	1	1	1	1	1	1	1	1	1	2	1	2	2	1	2	2	2	2	2	1	1	2	1	1	2	2	1	2	1	1	1	2	1	1	1	1	1	1	2	2
11	2	2	2	2	2	2	1	1	2	1	2	1	1	1	2	2	1	2	1	1	1	1	1	1	1	1	2	1	1	2	2	1	1	1	1	2	2	2	2	2	2	2	2	2	2	2	1	2	1	1	1	2	1	1	1	1	1	1	1	1	1	1	1	2	1	2	2	1	2	2	2	2	2	1	1	2	1	1	2	2	1	1	1	1	1	1	1	1	1	1	1	1	2	2
11	2	2	2	2	2	2	2	1	2	1	2	1	1	1	2	2	1	1	1	1	1	1	1	1	1	2	2	1	1	1	2	1	1	1	1	2	2	2	2	2	2	2	2	2	2	1	1	2	1	1	1	2	1	1	1	1	1	1	1	1	1	1	1	2	1	2	2	1	2	2	2	2	2	1	2	2	1	1	2	2	1	1	2	1	1	1	1	1	1	1	1	1	2	2
12	2	2	2	2	2	2	2	1	2	1	2	1	1	1	2	2	1	2	1	1	1	1	1	1	1	1	2	1	1	2	2	1	1	1	1	2	2	2	2	2	2	2	2	2	2	2	2	2	1	1	1	2	1	1	1	2	1	1	1	1	1	1	1	2	1	2	2	1	2	2	2	2	2	1	2	2	1	1	1	2	1	1	2	1	1	1	1	1	1	1	2	1	2	2
12	1	2	2	2	2	2	1	1	2	2	2	1	1	1	2	2	1	2	1	1	1	1	1	1	1	1	1	2	1	2	2	1	1	1	1	2	2	2	2	2	2	1	2	2	2	2	1	2	1	1	1	2	1	1	1	1	1	1	1	1	1	1	1	2	1	2	2	1	2	2	2	2	2	1	2	2	1	1	2	2	1	2	2	1	1	1	1	1	1	2	1	1	2	2
12	2	2	2	2	2	2	1	2	2	1	2	1	1	1	2	2	1	2	1	1	1	1	1	1	1	1	2	1	1	2	2	1	1	1	1	2	2	2	2	2	2	2	2	2	2	1	2	2	1	1	1	2	1	1	2	1	1	1	1	1	1	1	1	1	1	2	2	1	2	2	2	2	2	1	2	2	2	1	1	2	2	1	2	1	1	1	1	1	1	1	1	1	2	2
13	2	2	2	2	2	2	2	1	2	1	2	1	1	1	2	2	1	2	1	1	1	2	1	1	1	2	1	1	1	2	2	1	1	1	1	2	2	2	2	2	2	2	2	1	2	1	1	2	1	1	1	2	1	1	1	1	1	1	1	1	1	1	1	2	1	2	2	1	2	2	2	2	2	1	2	2	1	1	2	2	1	1	1	1	1	1	1	1	1	1	1	1	2	2
13	2	2	2	2	2	2	2	1	2	2	2	1	1	1	2	2	1	1	1	1	1	1	1	1	1	1	2	1	1	2	2	1	1	1	1	2	2	2	2	2	2	1	2	1	2	2	2	2	1	2	1	2	1	1	1	1	1	1	1	1	1	1	1	2	1	2	2	1	2	2	2	2	2	2	2	2	1	1	1	2	1	1	1	1	1	1	1	1	1	1	1	1	2	2
13	2	2	2	2	2	2	2	2	2	2	2	1	1	1	1	2	1	1	1	1	1	1	1	1	1	1	2	2	1	2	2	1	1	1	1	2	2	2	2	2	2	2	2	1	2	2	2	2	1	1	1	2	1	1	1	1	1	1	1	1	1	1	1	2	1	2	2	1	2	2	2	2	2	1	1	2	1	1	2	2	1	2	1	1	1	1	1	1	1	1	1	1	2	2
14	2	2	2	2	2	2	1	1	2	1	2	1	1	1	1	2	1	2	1	1	1	1	1	1	1	1	1	1	1	2	2	2	1	1	1	2	2	2	2	2	2	1	2	1	2	2	2	2	1	1	1	1	1	1	2	1	1	1	1	1	1	1	1	2	2	2	2	1	2	2	2	2	2	1	2	2	1	1	2	2	1	2	2	1	1	1	1	1	1	1	1	1	2	2
14	2	2	2	2	2	2	1	1	2	1	2	1	1	1	1	2	2	1	1	1	1	1	2	1	1	1	1	1	1	2	2	1	1	1	1	2	2	2	2	2	2	2	2	1	2	1	2	2	1	1	1	2	1	1	2	1	1	1	1	1	1	1	1	2	1	2	2	1	2	2	2	2	2	1	2	2	1	1	1	2	1	2	1	1	1	1	1	1	1	1	1	1	2	2
14	2	2	2	2	2	2	2	1	2	1	2	1	1	1	1	2	1	2	1	1	1	1	2	1	1	1	1	1	1	2	2	1	1	1	1	2	2	2	2	2	2	2	1	1	2	2	2	2	1	1	1	2	1	1	2	1	1	1	1	1	1	1	1	2	1	2	2	1	2	2	2	2	2	1	2	2	1	1	1	2	1	1	1	1	1	1	1	1	1	1	1	1	2	2
15	2	2	2	2	2	2	2	1	2	1	2	1	1	1	1	2	1	2	1	1	1	1	1	1	1	1	1	1	1	2	2	1	1	1	1	2	2	2	2	2	2	1	2	1	2	2	1	2	1	1	1	2	1	1	1	1	1	1	1	1	1	1	1	2	1	2	2	1	2	2	2	2	2	1	2	2	1	1	2	2	1	1	1	1	1	1	1	1	1	1	1	1	2	2
15	2	2	2	2	2	2	2	1	2	1	2	1	1	1	2	2	1	2	1	1	1	1	1	1	1	2	1	1	1	2	2	1	1	1	1	2	2	2	2	2	1	1	2	1	2	2	1	2	1	1	1	2	1	1	1	1	1	1	1	1	1	1	1	2	2	2	2	1	2	2	2	2	2	1	1	2	1	1	1	2	1	1	2	1	1	1	1	1	1	1	1	1	2	2
15	2	2	2	2	2	2	2	1	2	1	2	1	1	1	1	2	1	2	1	1	2	1	1	1	1	1	2	1	1	2	2	1	1	1	1	2	2	2	2	2	2	1	2	2	2	2	1	2	1	1	1	2	1	1	1	1	1	1	1	1	1	1	1	2	1	2	2	1	2	2	2	2	2	1	2	2	1	1	1	2	1	1	1	1	1	1	1	1	1	1	1	1	2	2
16	2	2	2	2	2	2	2	1	2	1	1	1	1	1	2	2	1	1	1	1	1	1	1	1	1	2	2	1	1	2	2	1	1	1	1	2	2	2	2	2	2	2	2	1	2	2	1	2	1	1	1	2	1	1	1	1	2	1	1	1	1	1	1	2	1	2	2	1	2	2	2	2	2	2	1	2	1	1	1	2	1	1	1	1	1	1	2	1	1	1	1	1	2	2
16	2	2	2	2	2	2	2	1	2	1	2	1	1	1	2	2	1	1	1	1	1	1	1	1	1	2	1	1	1	2	2	1	1	1	1	2	2	2	2	2	2	1	2	1	2	2	1	2	1	1	1	2	1	1	1	1	1	1	1	1	1	1	1	2	1	2	2	1	2	2	2	2	2	1	1	2	1	1	2	2	1	1	1	1	1	1	1	1	1	1	1	1	2	2
16	2	2	2	2	2	2	2	1	2	1	2	1	1	1	2	2	1	1	1	1	1	1	1	1	1	2	2	1	1	2	2	1	1	1	1	2	2	2	2	2	2	2	2	2	2	2	1	2	1	1	1	2	1	1	1	1	1	1	1	1	1	1	1	2	1	2	2	1	2	2	2	2	1	1	1	2	1	1	1	2	1	1	2	1	1	1	1	1	1	1	1	1	2	2
17	2	2	2	2	2	2	1	2	2	1	2	1	1	1	1	2	1	2	1	1	1	1	1	1	1	1	1	1	1	2	2	1	1	1	1	2	2	2	2	2	2	2	2	1	2	2	1	2	1	1	1	2	1	1	1	1	1	1	1	1	1	1	1	2	1	2	2	1	2	2	2	2	2	1	1	2	1	1	2	2	1	1	2	1	1	1	1	1	1	1	1	1	2	2
17	2	2	2	2	2	2	1	1	2	1	2	1	1	1	2	2	1	2	1	1	1	1	1	1	1	1	2	1	1	2	2	1	1	1	1	2	2	2	2	2	2	2	2	2	2	2	1	2	1	1	1	2	1	1	1	1	1	1	1	1	1	1	1	2	1	2	2	1	2	2	2	2	2	1	1	2	1	1	2	2	1	1	1	1	1	1	1	1	1	1	1	1	2	2
17	2	2	2	2	2	2	2	1	2	1	2	1	1	1	2	2	1	1	1	1	1	1	1	1	1	2	2	1	1	1	2	1	1	1	1	2	2	2	2	2	2	2	2	2	2	1	1	2	1	1	1	2	1	1	1	1	1	1	1	1	1	1	1	2	1	2	2	1	2	2	2	2	2	1	2	2	1	1	2	2	1	1	2	1	1	1	1	1	1	1	1	1	2	2
18	2	2	2	2	2	2	2	1	2	2	2	1	1	1	1	2	1	1	1	1	1	1	1	1	1	1	2	1	1	2	2	1	1	1	1	2	2	2	2	2	2	2	1	1	2	2	1	2	1	1	1	2	1	1	1	1	1	1	1	1	1	1	1	2	1	2	2	1	2	1	2	2	2	1	2	2	1	1	1	2	2	2	1	1	1	1	1	1	1	1	1	1	2	2
18	2	2	2	2	2	2	2	2	2	1	1	1	1	1	2	2	1	2	1	1	1	1	1	1	1	1	2	1	1	2	2	1	1	1	1	2	2	2	2	2	2	2	2	1	2	2	1	2	1	1	1	2	1	1	1	1	1	1	1	1	1	1	1	2	2	2	2	1	2	2	2	2	2	1	2	2	1	1	1	2	2	1	1	1	1	1	1	1	1	1	1	1	2	2
18	2	2	2	2	2	2	1	2	2	1	2	1	1	1	2	2	1	1	1	1	1	1	1	1	1	2	2	2	1	2	2	1	1	1	1	2	2	2	2	2	2	2	2	1	2	2	1	2	1	1	1	2	1	1	1	1	1	1	1	1	1	1	1	2	1	2	2	1	2	2	2	2	2	1	2	2	1	1	1	2	1	1	1	1	1	1	1	1	1	1	1	1	2	2
19	2	2	2	2	2	2	2	1	2	1	2	1	1	1	2	2	1	1	1	1	1	1	1	1	1	2	2	2	1	1	2	1	1	1	1	2	2	2	2	2	2	2	2	1	2	2	1	2	1	1	1	2	1	1	1	1	1	1	1	1	1	1	2	2	1	2	2	1	2	2	2	2	2	1	2	2	1	1	1	2	1	1	2	1	1	1	1	1	1	1	1	1	2	2
19	2	2	2	2	2	2	2	1	2	1	2	1	1	1	2	2	1	1	1	1	2	1	1	1	1	1	1	1	1	2	2	1	1	1	1	2	2	2	2	2	1	1	2	2	2	2	1	2	1	1	1	2	1	1	1	1	1	1	1	1	1	1	2	2	1	2	2	1	2	2	2	2	2	1	2	2	1	1	1	2	1	1	2	1	1	1	1	1	1	1	1	1	2	2
19	2	2	2	2	2	2	2	1	2	1	2	1	1	1	2	2	1	1	1	1	2	1	1	1	1	2	2	1	1	2	2	1	1	1	1	2	2	2	2	2	2	2	2	2	2	2	1	2	1	1	1	2	1	1	1	1	1	1	1	1	1	1	2	2	1	2	2	1	2	2	2	2	2	1	1	2	1	1	2	2	1	1	2	1	1	1	1	1	1	1	1	1	2	2
20	1	2	2	2	2	2	2	1	2	2	2	1	1	1	2	2	1	2	1	1	2	1	2	1	1	1	2	1	1	2	2	1	1	1	1	1	2	2	2	2	1	1	2	1	2	2	2	2	1	1	1	2	2	1	1	1	1	1	1	1	1	1	1	2	1	2	2	1	2	2	2	2	2	1	2	2	1	1	1	2	1	2	2	1	1	1	1	1	1	1	1	1	2	2
20	2	2	2	2	2	2	1	1	2	2	2	1	1	1	2	2	1	2	1	1	1	1	2	1	1	1	2	1	1	2	2	1	1	1	1	2	2	2	2	2	2	2	2	1	2	2	2	2	1	1	1	2	1	1	1	1	1	1	1	1	1	1	1	2	1	2	2	1	2	2	2	2	2	1	1	2	1	1	1	2	1	2	1	1	1	1	1	1	1	1	1	1	2	2
20	2	2	2	2	2	2	2	1	2	1	1	1	1	1	2	2	1	1	1	1	1	1	1	1	1	1	1	1	1	2	2	1	1	1	1	1	2	2	2	1	2	1	2	1	2	2	2	2	1	1	1	2	1	1	1	1	1	1	1	1	1	1	1	2	2	2	2	1	2	2	2	2	2	1	2	2	1	1	2	2	1	2	1	1	1	1	1	1	1	1	1	1	2	2
21	2	2	2	2	2	2	2	2	2	1	2	1	1	1	1	2	1	2	1	1	1	1	1	1	1	2	2	1	1	2	2	1	1	1	1	2	2	2	2	2	2	1	2	2	2	2	2	2	1	1	1	2	1	1	1	2	1	1	1	1	1	1	1	2	2	2	2	1	2	2	2	2	2	1	2	2	2	1	1	2	1	2	2	2	1	1	1	1	1	1	2	1	2	2
21	2	2	2	2	2	2	2	1	2	1	2	1	1	1	2	2	1	1	1	1	1	2	2	1	1	2	2	1	1	2	2	1	2	1	1	2	2	2	2	2	2	2	2	1	1	2	2	2	1	1	1	1	1	1	1	1	1	1	1	1	1	1	1	2	1	2	2	1	2	2	2	2	2	2	2	2	1	1	2	2	1	1	2	1	1	1	1	1	1	1	1	1	2	2
21	2	2	2	2	2	2	2	1	2	1	2	1	1	1	2	2	1	2	1	1	1	1	2	1	1	2	1	1	1	2	2	1	1	1	1	1	2	2	2	2	2	1	2	1	2	2	2	2	1	1	1	2	1	1	1	1	1	1	1	1	1	1	1	2	2	2	2	1	2	2	2	2	2	1	2	2	1	1	2	2	1	2	2	2	1	1	1	1	1	1	1	1	2	2
22	2	2	2	2	2	2	1	1	2	1	2	1	1	1	2	2	1	2	1	1	1	1	1	1	1	1	1	1	1	2	2	1	1	1	1	2	2	2	2	2	2	2	2	2	2	2	1	2	1	1	1	2	1	1	1	1	1	1	1	1	1	1	1	2	2	2	2	1	2	2	2	2	2	1	2	2	1	1	1	2	1	1	1	1	1	1	1	1	1	1	2	2	2	2
22	2	2	2	2	2	2	2	1	2	1	2	1	1	1	1	2	1	1	1	1	1	1	1	1	1	1	1	2	1	1	2	1	1	1	1	2	2	2	2	2	2	2	2	1	2	2	2	2	1	1	1	2	1	1	1	1	1	1	1	1	1	1	2	2	2	2	2	1	2	2	2	2	2	1	2	2	1	1	2	2	1	1	1	1	1	1	1	1	1	1	1	1	2	2
22	2	2	2	2	2	2	2	1	2	1	2	1	1	1	1	2	1	1	1	1	1	1	1	1	1	1	1	2	1	2	2	1	1	1	1	2	2	2	2	2	2	2	2	1	1	2	2	2	1	1	1	2	1	1	1	1	1	1	1	1	1	1	1	2	2	2	2	1	2	2	2	2	2	1	2	2	1	1	1	2	1	1	2	1	1	1	1	1	1	1	1	1	2	2
23	2	2	2	2	2	2	2	1	1	1	2	1	1	1	2	2	1	2	1	2	1	2	2	1	1	1	1	2	1	2	2	2	1	1	1	2	2	2	2	2	1	1	2	1	2	2	1	2	1	1	1	2	1	1	1	1	1	1	1	1	1	1	1	2	1	2	2	1	2	2	2	2	2	1	2	2	1	1	1	2	1	2	2	2	1	1	1	1	1	1	1	1	2	2
23	2	2	2	2	2	2	2	1	2	1	2	1	1	1	2	2	1	1	1	2	1	1	1	1	2	1	2	2	1	2	2	1	1	1	1	1	2	2	2	2	2	1	2	1	2	2	1	2	1	1	1	2	1	1	1	1	1	1	1	1	1	1	1	2	2	2	2	1	2	2	2	2	2	1	1	2	1	1	2	2	2	1	1	2	1	1	1	1	1	1	1	1	2	2
23	2	2	2	2	2	2	2	1	2	1	2	1	1	1	2	2	1	1	1	1	1	1	1	1	1	1	1	2	1	2	2	1	1	1	1	2	2	2	2	2	2	1	2	1	2	2	1	2	1	1	1	2	1	1	1	1	1	1	1	1	1	1	1	2	1	2	2	1	2	2	2	2	2	1	2	2	1	1	2	2	1	1	1	1	1	1	1	1	1	1	1	1	2	2
24	2	2	2	2	2	2	2	1	2	1	2	1	1	1	2	2	1	1	1	1	1	1	1	1	1	1	2	1	1	2	2	1	1	1	1	1	2	2	2	2	2	1	2	1	2	2	1	2	1	1	1	2	1	1	1	1	1	1	1	1	1	1	1	2	1	2	2	1	2	2	2	2	2	2	1	2	1	1	2	2	1	1	1	1	1	1	1	1	1	1	1	1	2	2
24	2	2	2	2	2	2	1	1	2	2	2	1	1	1	2	2	1	1	1	1	1	2	1	1	1	1	1	1	1	2	2	1	1	1	1	2	2	2	2	2	2	1	2	1	2	2	1	2	1	1	1	2	1	1	1	1	1	1	1	1	1	1	1	2	2	2	2	1	2	2	2	2	2	1	2	2	1	1	2	2	1	1	1	1	1	1	1	1	1	1	1	1	2	2
24	2	2	2	2	2	2	2	1	2	1	2	1	1	1	1	2	1	2	1	1	1	1	1	1	1	1	2	1	1	2	2	1	1	1	1	2	2	2	2	2	1	1	2	1	2	2	1	2	1	1	1	2	1	1	1	1	1	1	1	1	1	1	1	2	1	2	2	1	2	2	2	2	2	1	2	2	1	1	1	2	1	1	1	1	1	1	1	1	1	1	1	1	2	2
25	2	2	2	2	2	2	2	1	2	1	2	1	1	1	2	2	1	1	1	1	1	1	1	1	1	1	2	1	1	2	2	1	1	1	1	1	2	2	2	2	1	2	2	2	2	2	1	2	1	1	1	2	1	1	1	1	1	1	1	1	1	1	1	2	2	2	2	1	2	2	2	2	2	1	1	2	1	1	1	2	1	2	1	1	1	1	1	1	1	2	1	1	2	2
25	2	2	2	2	2	2	1	1	2	1	1	1	1	1	2	2	1	1	1	1	1	1	1	1	1	1	2	1	1	2	2	1	1	1	1	2	2	2	2	2	2	2	2	2	2	2	2	2	1	1	1	2	1	1	1	1	1	1	1	1	1	1	1	2	2	2	2	1	2	2	2	2	2	1	2	2	1	1	1	2	1	1	2	1	1	1	1	1	1	1	1	1	2	2
25	2	2	2	2	2	2	2	1	2	2	2	1	1	1	2	2	1	1	1	1	1	1	1	1	1	2	1	1	1	2	2	1	1	1	1	1	2	2	2	2	2	2	2	2	2	2	2	2	1	1	1	2	1	1	1	1	1	1	1	1	1	1	1	2	1	2	2	1	2	2	2	2	2	1	2	2	1	1	1	2	1	1	1	1	1	1	1	1	1	1	1	1	2	2
26	2	2	2	2	2	2	2	1	2	1	2	1	1	1	1	2	1	1	1	1	1	2	2	1	1	1	2	1	1	2	2	1	1	1	1	1	2	2	2	2	2	2	2	2	2	2	1	2	1	2	1	2	1	1	1	1	1	1	1	1	1	1	1	2	1	2	2	1	2	2	2	2	2	1	1	2	1	1	2	2	1	1	1	1	1	1	1	1	1	1	1	1	2	2
26	2	2	2	2	2	2	2	1	2	2	2	1	1	1	1	2	1	2	1	1	1	1	2	1	1	1	1	1	1	2	2	1	1	1	1	1	2	2	2	2	1	2	2	2	2	2	1	2	1	2	1	2	1	1	2	1	1	1	1	1	1	1	1	2	1	2	2	1	2	2	2	2	2	1	1	2	1	1	2	2	1	1	2	1	1	1	1	1	1	1	1	1	2	2
26	2	2	2	2	2	2	1	2	2	1	2	1	1	1	2	2	1	1	1	1	1	2	1	1	1	1	1	1	1	2	2	1	1	1	1	2	2	2	2	2	2	2	2	2	2	2	2	2	1	1	1	1	1	1	1	1	1	1	1	1	1	1	1	2	2	2	2	1	2	2	2	2	2	1	2	2	1	1	1	2	1	1	1	1	1	1	1	1	1	1	1	1	2	2
27	2	2	2	2	2	2	1	1	2	1	2	1	1	1	2	2	1	1	1	1	1	1	1	1	1	2	2	1	1	2	2	1	1	1	1	1	2	2	2	2	2	1	2	1	2	2	1	2	1	1	1	2	1	1	1	1	1	1	2	1	1	1	1	2	1	2	2	1	2	2	2	2	2	1	1	2	2	1	2	2	1	1	1	1	1	1	1	1	1	1	1	1	2	2
27	2	2	2	2	2	2	2	1	2	1	2	1	1	1	2	2	1	1	1	1	1	1	1	2	1	2	2	1	1	2	2	1	1	1	1	1	2	2	2	2	2	2	2	2	1	2	1	2	1	1	1	2	1	1	1	1	1	1	1	1	1	1	1	2	2	2	2	1	2	2	2	2	2	1	1	2	2	1	2	2	1	1	2	1	1	1	1	1	1	2	1	1	2	2
27	2	2	2	2	2	2	2	1	2	1	2	1	2	1	2	2	1	2	1	1	1	1	1	2	1	1	2	1	1	2	2	1	1	1	1	2	2	2	2	2	2	1	2	1	2	2	1	2	1	1	1	1	2	1	1	1	1	1	1	1	1	1	1	2	2	2	2	1	2	2	2	2	2	1	2	2	1	1	2	2	1	1	2	1	1	1	1	1	1	1	1	1	2	2
28	2	2	2	2	2	2	1	1	2	1	2	1	1	1	2	2	1	2	1	1	1	2	1	1	1	1	2	1	1	2	2	1	1	1	1	2	2	2	2	2	2	1	2	2	2	2	1	2	1	1	1	2	1	1	1	1	1	1	1	1	1	1	1	2	2	2	2	1	2	2	2	2	2	1	2	2	1	1	2	2	1	1	1	1	1	1	1	1	1	1	1	1	2	2
28	2	2	2	2	2	2	1	1	2	2	2	1	1	1	1	2	1	2	1	1	1	1	1	1	1	1	2	1	1	2	2	1	1	1	1	2	2	2	2	2	1	2	2	2	2	2	1	2	1	1	1	2	1	1	1	1	1	1	1	1	1	1	1	2	2	2	2	1	2	2	2	2	2	1	1	2	1	1	1	2	1	2	1	1	2	1	1	1	1	1	1	1	2	2
28	2	2	2	2	2	2	1	1	2	2	2	1	1	1	1	2	1	2	1	1	1	1	1	1	1	1	2	1	1	2	2	1	1	1	1	2	2	2	2	2	1	2	2	2	2	2	1	2	1	1	1	2	1	1	1	1	1	1	1	1	1	1	1	2	2	2	2	1	2	2	2	2	2	1	1	2	1	1	1	2	1	2	1	1	2	1	1	1	1	1	1	2	2	2
29	2	2	2	2	2	2	2	1	2	2	2	1	1	1	2	2	1	1	1	1	1	1	1	1	1	1	1	1	1	2	2	1	1	1	1	1	2	2	2	1	2	1	2	1	2	1	2	2	1	1	1	2	1	1	1	1	1	1	1	1	1	1	1	2	1	2	2	1	2	2	2	2	2	1	2	2	1	1	2	2	2	1	1	1	1	1	1	1	1	1	1	1	2	2
29	2	2	2	2	2	2	2	1	2	1	2	1	1	1	2	2	1	1	1	1	1	1	1	1	1	2	1	1	1	2	2	1	1	1	1	2	2	2	2	2	2	2	2	1	2	2	2	2	1	1	1	1	1	1	1	1	1	1	1	1	1	1	1	2	1	2	2	1	2	2	2	2	2	1	2	2	1	1	2	2	1	2	1	1	1	1	1	1	1	1	1	1	2	2
29	2	2	2	2	2	2	1	1	2	1	2	1	1	1	1	2	1	1	1	1	1	1	1	2	1	2	1	1	1	2	2	1	1	1	1	2	2	2	2	2	2	1	2	1	2	2	2	2	1	1	1	2	1	1	1	1	1	1	1	1	2	1	2	2	1	2	2	1	2	2	2	2	2	1	1	2	1	1	1	2	1	1	2	1	1	1	1	1	1	1	1	1	2	2
30	2	2	2	2	2	2	1	1	2	2	2	1	1	1	2	2	1	1	1	1	1	1	1	1	1	2	1	2	1	2	2	1	1	1	1	2	2	2	2	2	2	1	2	1	2	2	2	2	1	1	1	2	1	1	2	1	1	1	1	1	1	1	1	2	1	2	2	1	2	2	2	2	2	1	1	2	1	1	1	2	1	1	1	1	1	1	1	1	1	1	1	1	2	2
30	2	2	2	2	2	2	2	1	2	2	2	1	1	1	1	2	1	1	1	1	1	1	1	1	1	1	1	2	1	2	2	1	1	1	1	2	2	2	2	2	2	1	2	2	2	2	2	2	1	2	1	1	1	1	2	1	1	1	1	1	1	1	1	2	1	2	2	2	2	2	2	2	2	1	2	2	1	1	2	2	1	1	2	1	1	1	2	1	1	2	1	1	2	2
30	2	2	2	2	2	2	2	1	2	1	2	1	1	1	1	2	1	2	1	1	1	1	1	1	1	1	1	2	1	2	2	1	1	1	1	2	2	2	2	2	2	2	2	1	2	2	2	2	1	1	1	2	1	1	2	1	1	1	1	1	1	1	1	2	2	2	2	1	2	2	2	2	2	1	2	2	1	1	1	2	1	1	2	1	1	1	2	1	1	1	1	1	2	2
31	2	2	2	2	2	2	2	1	2	1	2	1	1	1	2	2	1	1	1	1	1	2	1	1	1	2	1	1	1	2	1	1	1	1	1	2	2	2	2	2	2	1	2	1	2	2	2	2	1	2	1	2	1	1	1	1	1	1	1	1	1	1	1	2	1	2	2	1	2	2	2	2	2	1	2	2	1	1	2	2	1	1	1	1	1	1	1	1	1	1	1	1	2	2
31	2	2	2	2	2	2	2	2	2	1	2	1	1	1	2	2	1	1	1	1	1	2	1	2	1	2	2	1	1	2	2	1	1	1	1	2	2	2	2	2	2	2	2	1	2	2	2	2	1	1	1	2	1	1	1	1	1	1	1	1	1	1	1	2	2	2	2	1	2	2	2	2	1	1	1	2	1	1	1	2	1	1	2	1	1	1	1	1	1	1	1	1	2	2
31	2	2	2	2	2	2	2	1	2	1	1	1	1	1	2	2	1	1	1	1	1	1	1	2	1	1	1	1	1	2	2	1	1	1	1	2	2	2	2	2	2	2	2	2	2	2	1	2	1	1	1	1	1	1	1	1	1	1	1	1	1	1	1	2	1	2	2	1	2	2	2	2	2	1	1	2	1	1	2	2	1	1	2	1	1	1	1	1	1	1	1	1	2	2
32	2	2	2	2	2	2	2	2	2	1	2	1	1	1	2	2	1	1	1	1	1	2	1	1	1	1	1	1	1	2	2	2	1	1	1	2	2	2	2	2	1	1	2	2	2	1	1	2	1	1	1	2	1	1	1	1	1	1	1	1	1	1	1	2	1	2	2	1	2	2	2	2	2	1	2	2	1	1	1	2	1	1	1	1	1	1	1	1	1	1	1	1	2	2
32	2	2	2	2	2	2	2	1	2	1	2	1	1	1	1	2	1	1	1	1	1	2	1	1	1	2	1	1	1	2	2	1	1	1	1	2	2	2	2	2	2	2	2	1	2	2	1	2	1	1	1	2	1	1	1	1	1	2	1	1	1	1	1	2	1	2	2	1	2	2	2	2	2	1	1	2	1	1	1	2	1	1	2	1	1	1	2	1	1	1	1	2	2	2
32	2	2	2	2	2	2	2	1	1	1	2	1	1	1	2	2	1	1	1	1	1	1	1	1	1	1	1	1	2	2	2	1	1	1	1	1	2	2	2	2	2	2	2	2	2	2	1	2	1	1	1	2	1	1	1	1	1	1	1	1	1	1	1	2	1	2	2	1	2	2	2	2	2	1	1	2	1	1	1	2	1	1	2	1	1	1	1	1	1	1	1	1	2	2
33	2	2	2	2	2	2	2	1	2	2	2	1	1	1	2	2	1	1	1	1	1	1	1	1	1	1	2	1	1	2	2	1	1	1	1	2	2	2	2	2	2	2	2	1	2	2	2	2	1	1	1	2	1	1	1	1	1	1	1	1	1	1	1	2	1	2	2	1	2	2	2	2	1	1	2	2	1	1	2	2	1	1	1	1	1	1	1	1	1	1	1	1	2	2
33	2	2	2	2	2	2	2	1	2	1	2	1	1	1	2	2	1	1	1	1	1	1	1	1	1	1	2	2	1	2	2	1	1	1	1	2	2	2	2	2	2	2	2	1	2	2	1	2	1	1	1	2	1	1	1	1	2	1	1	1	1	1	1	2	1	2	2	1	2	2	2	2	2	1	2	1	1	1	2	2	1	1	1	1	1	1	2	1	1	1	1	1	2	2
33	2	2	2	2	2	2	2	2	2	2	2	1	1	1	2	2	1	1	2	1	1	1	1	1	1	2	2	2	1	2	2	1	1	1	1	2	2	2	2	2	2	2	2	2	2	2	1	2	1	1	1	2	1	1	2	1	1	1	1	1	1	1	1	2	2	2	2	1	2	2	2	2	2	1	2	2	1	1	2	2	1	2	1	2	1	1	1	1	1	1	1	1	2	2
34	2	2	2	2	2	2	2	1	2	1	2	1	1	1	2	2	1	2	1	1	1	1	2	1	1	1	1	1	1	2	2	1	1	1	1	2	2	2	2	2	1	2	2	1	2	2	1	2	1	1	1	2	1	1	1	1	1	1	1	1	1	1	1	2	1	2	2	1	2	2	2	2	2	1	2	2	1	1	2	2	1	1	2	1	1	1	1	1	1	1	1	1	2	2
34	2	1	2	2	2	2	1	1	2	1	2	1	1	1	1	2	1	2	1	1	1	1	2	1	1	1	2	1	1	2	2	1	2	1	1	2	2	2	2	2	1	1	2	1	2	2	1	2	1	1	1	1	1	1	1	1	1	1	1	1	1	1	1	2	2	2	2	1	2	2	2	2	2	1	1	2	1	1	1	2	1	1	2	1	1	1	1	1	1	1	1	1	2	2
34	2	2	2	2	2	2	1	1	2	1	2	2	1	1	2	2	1	2	1	1	1	1	2	2	1	1	2	1	1	2	2	1	2	1	1	2	2	2	2	2	1	1	2	2	2	2	1	2	1	1	1	1	2	1	1	1	1	1	1	1	1	1	1	2	1	2	2	1	2	2	2	2	2	1	1	2	1	1	2	2	1	1	2	1	1	1	1	1	1	1	1	1	2	2
35	2	2	2	2	2	2	2	1	2	1	2	1	1	1	2	2	1	1	1	1	1	1	1	1	1	1	2	1	1	2	2	1	1	1	1	2	2	2	2	2	2	1	2	1	2	2	1	2	1	1	1	2	1	1	1	1	1	1	1	1	1	1	1	2	2	2	2	1	2	2	2	2	2	1	2	2	1	1	2	2	1	1	1	1	1	1	2	1	1	1	2	1	2	2
35	2	2	2	2	2	2	1	1	2	1	2	1	1	1	1	2	1	1	1	1	1	1	1	2	1	1	1	1	1	2	2	1	1	1	1	2	2	2	2	2	2	2	2	2	2	2	1	2	1	1	1	2	1	1	1	1	1	1	1	1	1	1	1	2	2	2	2	1	1	2	2	2	2	1	2	2	1	1	2	2	1	1	1	1	1	1	1	1	1	1	1	1	2	2
35	2	2	2	2	2	2	1	1	2	1	2	1	1	1	2	2	1	2	1	1	1	1	1	1	1	2	1	1	1	1	2	1	1	1	1	2	2	2	2	2	2	2	1	1	2	2	1	2	1	1	1	2	1	1	1	1	1	1	1	1	1	1	1	2	1	2	2	1	2	2	2	2	2	1	1	2	1	1	2	2	1	1	1	1	1	1	1	1	1	1	2	1	2	2
36	2	2	2	2	2	2	1	1	2	1	2	1	1	1	1	2	1	2	1	1	1	1	1	1	1	1	1	1	1	2	2	1	1	1	1	2	2	2	2	2	2	1	2	2	2	2	1	2	1	2	1	2	1	1	1	1	1	1	1	1	1	1	1	2	1	2	2	1	2	2	2	2	2	1	2	2	1	1	2	2	1	1	1	1	1	1	1	1	1	1	1	1	2	2
36	2	2	2	2	2	2	1	1	2	1	2	1	1	1	2	2	1	2	1	1	1	1	1	1	1	1	1	1	1	2	2	1	1	1	1	2	2	2	2	2	2	2	2	1	2	2	1	2	1	1	1	2	1	1	1	1	1	1	1	1	1	1	1	2	1	2	2	1	2	2	2	2	1	1	2	2	1	1	2	2	1	1	2	1	1	1	1	1	1	1	1	1	2	2
36	2	2	2	2	2	2	1	1	2	1	2	1	1	1	2	2	1	2	1	1	1	1	1	1	1	1	1	1	1	2	2	1	1	1	1	2	2	2	2	2	2	1	2	2	2	2	1	2	1	1	1	2	1	1	1	1	1	1	1	1	1	1	1	2	1	2	1	1	2	2	2	2	2	1	2	2	1	1	1	2	1	1	2	1	1	1	1	1	1	1	1	1	2	2
37	2	2	2	2	2	2	1	1	2	1	2	1	1	1	2	2	1	2	1	1	1	2	1	2	1	2	1	2	1	2	2	1	1	1	1	2	2	2	2	2	2	2	2	2	2	2	1	2	2	1	1	2	1	1	1	2	1	1	1	1	1	1	1	2	1	2	2	1	2	2	2	2	2	1	1	2	1	1	2	2	1	2	2	1	1	1	1	1	1	1	1	1	2	2
37	2	2	2	2	2	2	2	1	2	1	1	1	1	1	2	2	1	1	1	1	1	2	2	1	1	1	1	1	1	2	2	1	1	1	1	2	2	2	2	2	2	2	2	1	2	2	1	2	1	1	1	2	2	1	2	1	1	1	1	1	1	1	1	2	1	2	2	1	2	2	2	2	2	1	2	2	1	1	1	2	1	1	1	1	1	1	1	2	1	1	2	1	2	2
37	2	2	2	2	2	2	1	1	2	1	2	1	1	1	1	2	1	1	1	1	1	1	2	1	1	1	1	1	1	2	2	1	1	1	1	2	2	2	2	2	2	2	2	1	2	2	2	2	1	1	1	1	1	1	1	1	1	1	1	1	1	1	1	2	1	2	2	1	2	2	2	2	2	1	2	2	1	1	1	2	1	1	1	1	1	1	1	2	1	1	1	1	2	2
38	2	2	2	2	2	2	2	2	2	1	1	1	1	1	2	2	1	2	1	1	1	1	2	1	1	1	1	2	1	2	2	1	1	1	1	1	2	2	2	2	1	2	2	1	2	2	2	2	1	1	1	2	1	1	1	1	1	1	1	1	1	1	1	2	1	1	2	1	2	2	2	2	2	1	1	2	1	1	1	2	1	1	1	1	1	1	1	1	1	1	1	1	2	2
38	2	2	2	2	2	2	1	1	2	1	2	2	1	1	2	2	1	1	1	1	1	1	1	1	1	2	1	2	1	2	2	1	1	1	1	1	2	2	2	2	2	2	2	2	2	2	1	2	1	1	1	2	1	1	2	1	1	1	1	1	1	1	1	2	2	2	2	1	2	2	2	2	2	1	2	2	1	1	2	2	1	1	2	1	1	1	1	1	1	1	1	1	2	2
38	2	2	2	2	2	1	2	1	2	1	2	1	1	1	2	2	1	1	1	1	1	1	2	1	1	1	1	1	1	2	2	1	1	1	1	1	2	2	2	2	1	1	2	1	2	2	2	2	1	1	1	2	1	1	1	1	1	1	1	1	1	1	1	2	1	2	2	1	2	2	2	2	2	1	2	2	1	1	1	2	1	1	2	1	1	1	1	1	1	1	1	1	2	2
39	2	2	2	2	2	2	1	1	2	1	1	1	1	1	2	2	1	1	1	1	1	1	2	1	1	2	2	1	1	2	2	1	1	1	1	2	2	2	2	2	2	1	2	2	2	2	1	2	1	1	1	2	1	1	1	1	1	1	1	1	1	1	1	2	2	2	2	1	2	2	2	2	2	1	1	2	1	1	1	2	1	1	1	1	1	1	1	1	1	1	2	1	2	2
39	2	2	2	2	2	2	2	1	1	2	2	1	1	1	2	2	1	1	1	1	1	1	1	1	1	1	2	1	1	2	2	1	1	1	1	2	2	2	2	2	2	2	2	2	2	2	1	2	1	1	1	2	1	1	1	1	2	1	1	1	1	1	1	2	2	2	2	1	2	2	2	2	2	1	1	2	1	1	1	2	1	1	1	1	1	1	1	1	1	1	1	1	2	2
39	2	2	2	2	2	2	1	1	2	2	1	1	1	1	2	2	1	1	1	1	1	1	1	1	1	2	1	1	1	2	2	1	1	1	1	2	2	2	2	2	2	2	2	2	2	2	1	2	1	1	1	2	1	1	1	1	1	1	1	1	1	1	2	2	1	2	2	1	2	2	2	2	2	1	1	2	1	1	2	2	1	1	1	1	1	1	1	1	1	1	1	1	2	2
40	2	2	2	2	2	2	2	2	1	1	2	1	1	1	2	2	1	1	1	1	1	1	1	1	1	1	1	2	1	2	2	1	2	1	1	2	1	2	2	2	2	1	2	1	2	2	1	2	1	1	1	2	1	1	1	1	1	1	1	1	1	1	1	2	1	2	2	1	2	2	2	2	2	1	2	2	1	1	2	2	1	2	1	1	1	1	1	1	1	1	1	1	2	2
40	2	2	2	2	2	2	2	1	2	1	2	1	1	1	1	2	1	1	1	1	2	1	1	1	1	1	2	2	1	2	2	1	1	1	1	2	2	2	2	2	2	1	2	1	2	2	1	2	1	1	1	2	1	1	1	1	1	1	1	1	1	1	1	2	2	2	2	1	2	2	2	2	2	1	1	2	1	1	1	2	1	1	2	1	1	1	1	1	1	1	1	1	2	2
40	2	2	2	2	2	2	2	1	2	1	2	1	1	1	2	2	1	1	1	1	1	1	1	1	1	1	1	1	1	2	2	1	1	1	1	1	2	2	2	2	2	2	2	1	2	2	1	2	1	1	1	2	1	1	1	1	1	1	1	1	1	1	1	2	1	2	2	1	2	2	2	2	2	1	1	2	1	1	1	2	1	2	1	1	1	1	1	2	1	1	1	1	2	2
41	2	2	2	2	2	2	2	1	2	1	2	1	1	1	2	2	1	1	1	1	1	1	1	1	1	2	1	1	1	2	2	1	1	1	1	2	2	2	2	2	2	2	2	1	2	2	1	2	1	1	1	2	1	1	1	1	1	1	1	1	1	1	1	2	1	2	2	1	2	2	2	2	2	1	2	2	1	1	2	2	1	1	2	1	1	1	1	1	1	1	2	1	2	2
41	2	2	2	2	2	2	2	1	2	1	1	1	1	1	2	2	1	1	1	1	1	1	2	1	1	2	2	1	1	2	2	1	1	1	1	2	2	2	2	2	2	2	1	1	2	2	2	2	1	1	1	2	1	1	1	1	1	1	1	1	1	1	1	2	1	2	2	1	1	2	2	2	1	1	1	2	1	2	2	2	1	1	2	1	1	1	1	1	1	1	2	1	2	2
41	2	2	2	2	2	2	2	1	2	1	1	1	1	1	2	2	1	2	1	1	1	1	2	1	1	2	1	1	1	2	2	1	1	1	2	1	2	2	2	2	2	1	2	1	2	2	1	2	1	1	1	1	1	1	1	1	1	1	2	1	1	1	1	2	1	2	2	1	2	2	2	2	1	1	1	2	1	1	2	2	1	1	2	1	1	1	1	1	1	1	1	1	2	2
42	2	2	2	2	2	2	2	1	2	1	2	1	2	1	2	2	1	1	1	1	1	1	1	1	1	2	2	1	1	2	2	1	1	1	1	2	2	2	2	2	2	2	2	1	2	2	1	2	1	1	1	2	1	1	1	1	1	1	2	1	1	1	1	2	1	2	2	1	2	2	2	2	2	1	2	2	1	1	2	2	1	2	1	1	1	1	1	1	1	1	1	1	2	2
42	2	2	2	2	2	2	1	1	2	1	2	1	1	1	2	2	1	1	1	1	1	1	1	1	1	2	2	1	1	1	2	1	1	1	1	2	2	2	2	2	1	1	2	1	2	2	1	2	1	1	1	2	1	1	1	1	1	1	1	1	1	1	1	2	1	2	2	1	2	2	2	2	1	2	1	2	1	1	1	2	1	1	1	1	1	1	1	1	1	1	1	1	2	2
42	2	2	2	2	2	2	1	1	2	1	2	1	1	1	2	2	1	1	1	1	1	1	1	1	1	1	1	1	1	2	2	1	1	1	1	2	2	2	2	2	2	1	2	1	2	2	1	2	1	1	1	2	1	1	1	1	1	1	1	1	1	1	1	2	1	2	2	1	2	2	2	2	2	1	1	2	1	1	2	2	1	1	1	1	1	1	1	1	1	1	1	1	2	2
43	1	1	1	1	1	1	1	1	1	1	1	1	1	1	1	1	1	1	1	1	1	1	1	1	1	1	1	1	1	1	1	1	1	1	1	1	2	2	2	2	2	2	2	1	2	1	1	2	1	1	1	2	1	1	1	1	1	1	1	1	1	1	1	2	1	2	2	1	2	2	2	2	2	1	1	2	1	1	1	2	1	1	1	1	1	1	1	1	1	1	1	1	2	2
43	2	2	2	2	2	2	1	1	2	1	2	1	1	1	2	2	1	2	1	1	1	1	1	1	1	1	1	1	1	2	2	1	1	1	1	2	2	2	2	2	2	1	2	2	2	2	2	2	1	1	1	2	1	1	1	1	1	1	1	1	1	1	1	2	1	2	2	1	2	2	2	2	2	1	2	2	1	1	1	2	1	1	1	1	1	1	1	1	1	1	1	1	2	2
43	2	2	2	2	2	2	1	1	2	1	2	1	1	1	2	2	1	2	1	1	1	1	1	1	1	1	1	1	1	2	2	1	1	1	1	1	2	2	2	2	1	2	2	2	2	2	2	2	1	1	1	2	1	1	1	1	1	1	1	1	1	1	1	2	2	2	2	1	2	2	2	2	2	1	1	2	1	1	2	2	1	1	2	1	1	1	1	1	1	1	1	1	2	2
44	2	2	2	2	2	2	1	1	2	1	2	1	1	1	2	2	1	2	1	1	1	1	1	1	1	1	1	1	1	2	2	1	1	1	1	2	2	2	2	2	2	1	2	1	2	2	1	2	1	1	1	2	1	1	1	1	1	1	1	1	1	1	1	2	1	2	2	1	2	2	2	2	2	2	2	2	1	1	2	2	1	1	2	1	1	2	1	1	1	2	1	1	2	2
44	2	2	2	2	2	2	1	1	2	1	2	1	1	1	2	2	1	2	1	1	1	1	1	1	1	1	1	2	1	2	2	1	2	1	1	2	2	2	2	2	2	1	2	1	2	2	2	2	1	1	1	2	1	1	1	1	1	1	1	1	1	1	1	2	1	2	2	1	2	2	2	2	2	1	2	2	1	1	2	2	1	2	2	1	2	2	1	1	1	2	1	1	2	2
44	2	2	2	2	2	2	1	1	2	1	1	1	1	1	1	2	1	2	1	1	2	1	1	1	1	1	2	1	1	2	2	1	2	1	1	2	2	2	2	2	2	2	2	1	2	2	1	2	1	1	1	2	1	1	1	1	1	1	1	1	1	1	1	2	1	2	2	1	2	2	2	2	2	1	1	2	1	1	2	2	1	1	2	1	1	2	1	1	1	2	1	1	2	2
45	2	2	2	2	2	2	2	2	2	1	1	1	1	1	2	1	1	2	2	1	1	1	1	1	1	1	1	1	1	2	2	1	1	2	1	2	2	2	2	2	2	1	1	1	2	2	1	2	1	1	1	2	1	1	1	1	1	1	1	1	1	1	1	2	2	2	2	1	2	2	2	2	2	1	2	2	1	1	1	2	1	2	1	1	1	1	1	1	1	1	1	1	2	2
45	2	2	2	2	2	2	1	1	2	2	2	1	1	1	2	2	1	2	1	1	2	1	1	2	1	1	1	1	1	2	2	1	1	2	1	1	2	2	2	2	2	2	2	1	2	2	1	2	1	1	1	2	1	1	1	1	1	1	1	1	1	1	1	2	2	2	2	1	2	2	2	2	2	1	2	2	1	1	1	2	1	1	1	1	1	1	1	1	1	1	1	1	2	2
45	2	2	2	2	2	1	1	1	2	1	2	1	1	1	2	2	1	2	1	1	1	1	1	1	1	1	2	1	1	2	2	1	1	1	1	2	2	2	2	2	2	1	1	1	2	2	1	1	1	1	1	1	1	1	1	1	1	1	1	1	1	1	1	2	1	2	2	1	2	2	2	2	2	2	2	2	1	1	1	2	1	1	2	1	1	1	1	1	1	1	1	1	2	2
46	2	2	2	2	2	1	2	1	2	1	1	1	1	1	2	2	2	2	1	1	1	1	2	2	1	1	1	1	1	2	2	1	1	1	1	1	2	2	2	2	1	2	2	1	2	2	1	2	1	1	1	2	1	1	2	1	1	1	1	1	1	1	1	2	2	2	2	1	2	2	2	2	2	1	2	2	1	1	1	2	1	1	2	1	1	1	1	1	1	2	1	1	2	2
46	2	2	2	2	2	2	1	2	2	1	2	1	1	1	2	2	2	2	2	1	1	1	2	1	1	1	1	1	1	2	2	1	1	1	1	1	2	2	2	2	1	2	2	2	2	2	1	2	1	1	1	2	1	1	1	1	1	1	1	1	1	1	1	2	2	2	2	1	2	2	2	2	2	1	1	2	1	1	1	2	1	1	2	1	1	1	1	1	1	2	1	1	2	2
46	2	2	2	2	2	2	1	2	2	1	2	1	1	1	2	2	2	1	1	1	1	1	1	1	1	1	1	1	1	2	2	1	1	1	1	1	2	2	2	2	2	2	2	2	2	2	1	2	1	1	1	2	1	1	2	1	1	1	1	1	1	1	1	2	2	2	2	1	2	2	2	2	2	1	2	2	1	1	1	2	1	1	2	1	2	1	1	1	1	1	1	1	2	2
47	2	2	2	2	2	2	2	1	1	2	2	1	1	1	1	2	1	1	1	1	1	1	1	1	1	1	1	1	1	2	2	1	1	1	1	2	2	2	2	2	2	1	2	2	2	2	1	2	1	1	1	2	1	1	1	1	1	1	1	1	1	1	1	2	1	2	2	1	2	2	2	2	2	1	2	2	1	1	2	2	1	1	1	1	1	1	1	1	1	1	1	1	2	2
47	2	2	2	2	2	2	2	1	1	2	2	1	1	1	1	2	1	1	1	2	1	1	1	1	1	2	1	1	1	2	2	1	1	1	1	2	2	2	2	2	2	1	2	1	2	2	1	2	1	1	1	2	1	1	1	1	1	1	1	1	1	1	1	2	2	2	2	1	2	2	2	2	2	1	1	2	1	1	1	2	1	1	1	1	1	1	1	1	1	1	1	1	2	2
47	2	2	2	2	2	2	2	1	2	1	2	1	1	1	2	2	1	1	1	1	1	1	1	1	1	1	1	1	1	2	2	1	1	1	1	2	2	2	2	2	2	2	2	1	2	2	1	2	1	1	1	2	1	1	1	1	1	1	1	1	1	1	1	2	1	2	2	1	2	2	2	2	2	1	1	2	1	1	1	2	1	1	1	1	1	1	1	1	1	1	1	1	2	2
48	2	2	2	2	2	2	2	1	1	1	1	1	1	1	2	2	1	1	1	1	1	1	1	2	1	2	2	1	1	2	2	1	2	1	1	2	2	2	2	2	2	2	2	1	2	2	1	2	1	1	1	1	1	1	1	1	1	1	1	1	1	1	1	2	2	2	2	1	2	2	2	2	2	1	1	2	1	1	2	2	1	2	1	1	1	1	1	1	1	1	1	1	2	2
48	2	2	2	2	2	2	2	1	1	1	2	1	1	1	2	2	1	1	1	1	1	2	1	1	1	2	2	1	1	1	2	1	2	1	1	1	2	2	2	2	1	2	2	1	2	2	1	2	1	1	1	1	1	1	1	1	1	1	1	1	1	1	1	2	1	2	2	1	2	2	2	1	2	1	2	2	1	1	2	2	1	2	1	1	1	1	1	1	1	1	1	1	2	2
48	2	2	2	2	2	2	2	1	2	1	1	1	1	1	2	1	1	2	1	1	1	2	1	2	1	1	2	1	1	2	2	1	2	1	1	1	2	2	2	2	1	1	2	2	2	2	1	2	1	1	1	2	1	1	2	1	1	1	1	1	1	1	1	2	2	2	2	1	2	2	2	2	2	1	2	2	1	1	2	2	1	1	2	1	1	1	1	1	1	1	1	1	2	2
49	2	2	2	2	2	2	2	1	2	1	2	1	1	1	1	2	1	1	1	1	1	1	1	2	1	1	1	2	1	2	2	1	1	1	1	2	2	2	2	2	2	1	2	1	2	2	1	2	1	1	1	2	1	1	1	1	1	1	1	1	1	1	1	2	2	2	2	1	2	2	2	2	2	1	2	2	1	1	2	1	1	1	2	1	1	1	1	1	1	1	1	1	2	2
49	2	2	2	2	2	2	2	1	2	1	2	1	1	1	1	2	1	1	1	1	1	1	1	2	1	2	2	1	2	2	2	1	1	1	1	2	2	2	2	2	2	1	2	1	2	2	1	2	1	1	1	2	1	1	1	1	1	1	1	1	1	1	1	2	1	2	2	1	2	2	2	2	1	1	1	2	1	1	1	2	1	1	2	1	1	1	1	1	1	1	1	1	2	2
49	2	2	2	2	2	2	2	1	1	1	2	1	1	1	2	2	1	1	1	1	1	2	1	2	1	1	1	2	1	2	2	1	1	1	2	1	2	2	2	2	1	1	2	1	2	2	1	2	1	1	1	2	1	1	1	1	1	1	1	1	1	1	1	2	2	2	2	1	2	2	2	2	2	1	1	2	1	1	2	2	1	1	2	1	1	1	1	1	1	1	2	1	2	2
50	1	2	1	2	2	2	1	1	2	1	1	1	1	1	2	2	1	1	1	1	1	1	1	1	1	1	1	1	1	2	2	1	1	1	1	2	2	2	2	2	2	1	2	1	2	2	1	2	1	1	2	2	1	1	1	1	2	1	1	1	2	1	1	2	1	2	2	1	2	2	2	2	2	1	1	2	1	1	1	2	1	1	1	1	1	1	1	1	2	1	1	1	2	2
50	2	2	2	2	2	2	1	1	2	1	1	1	1	1	2	2	1	1	1	1	1	1	2	1	1	1	1	1	1	2	2	1	1	1	1	2	2	2	2	2	2	1	2	1	2	2	2	2	1	1	1	2	1	1	1	1	1	1	1	1	1	1	1	2	2	2	2	1	2	2	2	2	2	1	1	2	1	1	2	2	1	1	1	1	1	1	1	1	2	1	1	1	2	2
50	2	2	2	2	2	2	2	1	2	1	2	1	1	1	2	2	1	1	1	1	1	1	2	1	1	1	1	1	1	2	2	1	1	1	1	2	2	2	2	2	1	1	2	2	2	2	1	2	1	1	1	2	1	1	2	1	1	1	1	1	2	1	1	2	1	2	2	1	2	2	2	2	2	1	1	2	1	1	2	2	1	1	1	1	1	1	1	1	2	1	1	1	2	2
51	2	2	2	2	2	2	1	1	2	2	2	1	1	1	2	2	1	1	1	1	1	1	2	1	1	1	1	1	1	2	2	1	1	1	1	2	2	2	2	2	1	2	1	1	2	2	1	2	1	1	1	2	1	1	1	1	1	1	1	1	1	1	1	2	1	2	2	1	2	2	2	2	2	1	1	2	1	1	2	2	1	1	2	1	1	1	1	1	1	1	2	1	2	2
51	1	2	2	2	2	2	2	2	2	1	2	1	2	1	2	2	1	2	1	1	1	1	1	1	1	1	2	2	1	2	2	1	1	1	1	1	2	2	2	2	1	2	1	1	2	2	1	2	1	1	1	1	1	1	1	1	2	1	1	1	1	1	1	2	1	2	2	1	2	2	2	2	2	1	1	2	1	1	2	2	1	1	1	1	1	1	1	1	1	1	2	1	2	2
52	1	2	2	2	2	2	1	1	2	2	2	1	1	1	2	2	1	2	1	1	1	1	1	1	1	2	1	1	1	2	2	1	1	1	1	1	2	2	2	2	2	1	2	1	2	2	1	2	1	1	1	1	1	1	2	1	1	1	1	1	1	1	1	2	1	2	2	1	2	2	2	2	2	1	1	2	1	1	1	2	1	1	1	2	1	1	1	1	1	1	1	1	2	2
52	2	2	2	2	2	2	1	1	2	1	2	1	1	1	1	2	1	1	1	1	1	1	1	1	1	1	1	1	1	2	2	1	1	1	1	1	2	2	2	2	2	2	2	1	2	2	1	2	1	1	1	2	1	1	1	1	1	1	1	1	1	1	1	2	1	2	2	1	2	2	2	2	2	1	2	2	1	1	1	2	1	1	1	1	1	1	1	1	1	1	1	1	2	2
52	2	2	2	2	2	2	1	1	2	1	2	1	1	1	2	2	1	1	1	1	1	1	1	1	1	1	1	1	1	2	2	1	1	1	1	2	2	2	2	2	1	1	2	1	2	1	1	2	1	1	1	2	1	1	1	1	1	1	1	1	1	1	1	2	1	2	2	1	2	2	2	2	2	1	2	2	1	1	2	2	1	2	1	1	1	1	1	1	1	1	1	1	2	2
53	2	2	2	2	2	2	1	1	2	1	2	1	1	1	2	2	1	2	1	1	1	1	1	2	1	1	1	1	1	2	2	1	1	1	1	2	2	2	2	2	2	1	2	1	2	2	1	2	1	1	1	1	1	1	1	1	1	1	1	1	1	1	1	2	1	2	2	1	2	2	2	2	2	1	2	2	1	1	2	2	1	1	1	2	1	2	1	1	1	1	1	1	2	2
53	2	2	2	2	2	2	1	1	2	1	2	1	1	1	2	2	1	2	1	1	1	1	1	2	1	2	2	2	1	2	2	1	1	1	1	1	2	2	2	2	2	1	2	1	2	2	1	2	1	1	1	1	1	1	1	1	1	1	1	1	1	1	1	2	1	2	2	1	2	2	2	2	2	1	2	2	1	1	2	2	1	1	1	1	1	2	1	1	1	1	1	1	2	2
53	2	2	2	2	2	2	2	1	2	1	2	1	1	1	2	2	1	2	1	1	1	1	1	2	1	1	2	1	1	2	2	1	1	1	1	1	2	2	2	2	2	1	2	1	2	2	1	2	1	1	1	2	1	1	1	1	1	1	1	1	1	1	1	2	2	2	2	1	2	2	2	2	2	1	2	2	1	1	2	2	1	2	2	2	1	2	1	1	1	1	1	1	2	2
54	2	2	2	2	2	2	1	2	2	1	2	1	1	1	2	2	1	1	1	1	1	1	1	1	1	1	2	1	1	2	2	1	1	1	1	1	2	2	2	2	2	2	2	1	2	2	1	2	1	1	1	2	1	1	1	1	1	1	1	1	1	1	1	2	1	1	2	1	2	2	2	2	2	1	1	2	1	1	2	2	1	1	2	1	1	1	1	1	1	1	1	1	2	2
54	2	2	2	2	2	2	1	1	2	1	2	1	1	1	2	2	1	2	1	1	1	1	1	2	1	1	2	1	1	1	2	1	1	1	1	2	2	2	2	2	2	1	1	1	2	2	1	2	1	1	1	2	1	1	1	1	1	1	1	1	1	1	1	2	2	2	2	1	2	2	2	2	2	1	1	2	1	1	1	2	1	1	2	1	1	1	1	1	1	1	1	1	2	2
54	2	2	2	2	2	2	1	1	2	1	2	1	1	1	2	2	1	2	1	1	1	1	1	1	1	1	2	1	1	2	2	1	1	1	1	1	2	2	2	2	2	2	2	1	2	2	1	2	1	1	1	2	1	1	1	1	1	1	1	1	1	1	1	2	1	2	2	1	2	2	2	2	2	1	2	2	1	1	1	2	1	1	2	1	1	2	1	1	1	1	1	1	2	2
55	2	2	2	2	2	2	2	2	2	1	1	1	1	1	1	2	1	2	2	1	1	1	1	2	1	1	1	1	1	2	1	1	1	1	1	1	2	2	2	2	1	2	2	1	2	2	1	2	1	1	1	2	1	1	1	1	1	1	1	1	1	1	1	2	1	2	2	1	2	2	2	2	2	1	2	2	1	1	1	1	1	1	1	1	1	1	1	1	1	1	1	1	2	2
55	2	2	2	2	2	2	2	2	2	1	1	1	1	1	1	2	1	2	1	1	1	1	1	2	1	1	1	1	1	2	2	1	1	1	1	1	2	2	2	2	1	2	2	1	2	2	1	2	1	1	1	2	1	1	1	1	1	1	1	1	1	1	1	2	1	2	2	1	2	2	2	2	2	1	2	2	1	1	1	2	1	1	2	1	1	1	1	1	1	1	1	1	2	2
55	2	2	2	2	2	2	2	1	2	1	2	1	1	1	1	2	1	2	1	1	1	1	1	2	1	1	1	1	1	2	2	1	1	1	1	1	2	2	2	2	1	2	2	1	2	2	1	2	1	1	1	2	1	1	2	1	1	1	1	1	1	1	1	2	1	2	2	1	2	2	2	2	2	1	2	2	1	1	1	2	1	1	2	1	1	2	1	1	1	2	1	1	2	2
56	2	2	2	2	2	2	1	1	2	1	2	1	1	1	1	2	1	2	1	1	1	1	1	2	1	1	1	1	1	2	2	1	1	1	1	1	2	2	2	2	2	2	2	1	2	2	1	2	1	1	1	2	1	1	1	1	1	1	1	1	2	1	2	2	2	2	2	1	2	2	2	2	2	1	2	2	1	1	1	2	1	1	2	1	1	1	1	1	1	1	1	1	2	2
56	2	2	2	2	2	2	1	1	2	1	2	1	1	1	2	2	1	2	1	1	1	1	1	1	1	1	1	1	1	1	2	1	1	1	1	2	2	2	2	2	1	2	1	1	2	2	1	2	1	1	1	2	1	1	1	1	1	1	1	1	1	1	1	2	2	2	2	1	2	2	2	2	2	1	2	2	1	1	2	2	1	2	1	1	1	2	1	1	1	1	1	1	2	2
56	2	2	2	2	2	2	1	1	2	1	2	1	1	1	1	2	1	2	1	1	1	1	1	2	1	1	1	1	1	1	2	1	1	1	1	1	2	2	2	2	2	2	2	1	2	2	1	2	1	1	1	2	1	1	1	1	1	1	1	1	1	1	1	2	2	2	2	1	2	2	2	2	2	1	2	2	1	1	1	2	1	1	1	2	1	1	1	1	1	1	1	1	2	2
57	2	2	2	2	2	2	1	1	2	1	2	1	1	1	2	2	1	1	1	1	1	1	1	1	1	1	1	1	1	2	2	1	2	1	1	1	1	2	2	2	1	1	2	2	2	2	1	2	1	1	1	2	1	1	1	1	1	1	1	1	1	1	1	2	1	2	2	1	2	2	2	2	1	1	2	2	1	1	1	2	1	1	1	1	1	1	1	1	1	1	1	1	2	2
57	2	2	1	2	2	2	2	1	2	1	2	1	1	1	2	2	1	1	2	1	1	1	1	1	1	1	1	1	1	2	2	1	1	1	1	1	2	2	2	2	2	1	2	2	2	2	1	2	1	1	1	2	1	1	2	1	1	1	1	1	1	1	1	2	1	2	2	1	2	2	2	2	2	1	2	2	1	1	2	2	1	1	1	1	1	1	1	1	1	1	1	1	2	2
57	2	2	2	2	2	2	2	2	2	1	2	1	1	1	1	2	1	1	1	1	1	2	1	1	1	2	1	1	1	2	2	1	1	1	1	2	2	2	2	2	2	1	2	1	2	2	1	2	1	1	1	2	1	1	1	1	1	1	1	1	1	1	1	2	2	2	2	1	2	2	2	2	2	1	2	2	1	1	2	2	1	1	2	1	1	1	1	1	1	1	1	1	2	2
58	2	2	2	2	2	2	2	1	2	1	1	1	1	1	2	2	1	1	1	1	1	1	1	1	1	1	2	2	1	2	2	1	1	1	1	2	2	2	2	2	2	1	2	1	2	2	1	2	1	1	1	2	1	1	1	1	1	1	1	1	1	1	1	2	1	2	2	1	2	2	2	2	2	1	2	2	1	1	2	2	1	1	2	1	1	1	1	1	1	1	1	1	2	2
58	2	2	2	2	2	2	2	1	1	2	2	1	1	1	2	2	1	1	1	1	1	2	1	1	1	1	2	2	1	2	2	1	1	1	1	1	2	2	2	2	2	2	2	1	2	2	1	2	1	1	1	2	1	1	1	1	1	1	1	1	1	1	1	2	1	2	1	1	2	2	2	2	2	1	2	2	1	1	2	2	1	1	2	1	1	1	1	1	1	1	1	1	2	2
58	2	2	2	2	2	2	2	1	2	1	1	1	1	1	2	2	1	1	1	1	1	1	1	1	1	1	2	2	1	2	2	1	1	1	1	2	2	2	2	2	1	1	2	1	2	2	1	2	1	1	1	2	1	1	1	1	1	1	1	1	2	1	1	2	2	2	2	1	2	2	2	1	2	1	2	2	1	1	2	2	1	1	2	1	1	1	1	1	1	1	1	1	2	2
59	2	2	2	2	2	2	2	1	2	1	2	1	1	1	1	2	1	2	1	1	1	2	1	1	1	2	2	2	1	2	2	1	1	1	1	1	2	1	2	1	2	2	2	1	2	2	1	2	1	1	1	2	1	1	1	1	1	1	1	1	1	1	2	2	1	2	2	1	2	2	2	2	2	1	1	2	1	1	2	2	1	1	1	1	1	1	1	1	1	1	1	1	2	2
59	2	2	2	2	2	2	2	1	2	1	1	1	1	1	2	2	1	1	1	1	1	2	1	2	1	2	2	2	1	2	2	1	1	1	1	2	2	2	2	2	2	2	2	1	2	2	1	2	1	1	1	2	1	1	1	1	1	1	1	1	1	1	1	2	1	2	2	1	2	2	2	2	2	1	1	2	1	1	2	2	1	1	2	1	1	1	1	1	1	1	1	1	2	2
59	2	2	2	2	2	2	2	1	2	1	2	1	1	1	2	2	1	1	1	1	1	1	1	1	1	1	2	2	1	2	2	1	1	1	1	1	2	2	2	2	1	2	2	1	2	2	1	2	1	1	1	2	1	1	1	1	1	1	1	1	1	1	1	2	1	2	2	1	2	2	2	2	2	1	2	2	1	1	2	2	1	1	2	1	1	1	1	1	1	1	1	1	2	2
60	2	2	2	2	2	2	2	2	2	1	2	1	1	1	2	2	1	1	1	1	1	1	1	1	1	1	2	1	1	2	2	1	1	1	1	2	2	2	2	2	1	1	2	1	2	2	1	2	1	1	1	1	2	1	1	1	1	1	1	1	1	1	1	2	2	2	2	1	2	2	2	2	2	1	2	2	1	1	2	2	1	1	2	1	1	1	1	1	1	1	1	1	2	2
60	2	2	2	2	2	2	2	1	2	2	1	1	1	1	2	2	1	2	1	1	1	1	1	1	1	1	1	1	1	2	2	1	1	1	1	2	2	2	2	2	1	1	2	1	2	2	1	2	1	1	1	2	1	1	1	1	1	2	1	1	1	1	1	2	1	2	2	1	2	2	2	2	2	1	2	2	1	1	2	2	1	1	2	1	1	1	1	1	1	1	1	1	2	2
60	2	2	2	2	2	2	2	1	1	1	2	1	1	1	2	2	1	2	1	1	1	1	1	1	1	2	1	2	1	2	2	1	1	1	1	1	2	2	2	2	2	2	1	1	2	2	2	2	1	1	1	2	1	1	1	1	1	1	1	1	2	1	1	2	2	2	2	1	2	2	2	2	2	1	1	2	1	1	2	2	1	1	2	1	1	1	1	1	1	1	1	1	2	2
61	1	2	2	2	2	2	1	1	2	1	2	1	1	1	2	2	1	1	1	1	2	1	1	1	1	2	1	1	1	1	2	1	1	1	1	2	2	2	2	2	2	2	2	1	2	2	1	2	1	1	1	2	1	1	1	1	1	1	1	1	1	1	1	2	2	2	2	1	2	2	2	2	1	2	1	2	1	1	2	2	1	2	1	1	1	1	2	1	1	1	1	1	2	2
61	2	2	2	1	2	2	1	1	2	1	2	1	1	1	2	2	1	2	1	1	1	1	1	1	1	1	1	1	1	2	2	1	1	1	1	2	2	2	2	2	2	2	2	1	2	2	1	2	1	1	1	2	1	1	2	1	1	1	1	1	1	1	1	2	1	2	2	1	2	2	2	2	2	1	1	2	1	1	1	2	1	1	2	1	1	1	1	1	1	1	1	1	2	2
61	2	2	2	2	2	2	1	2	2	1	2	1	1	1	2	2	1	1	1	1	1	1	1	1	1	1	2	1	1	2	2	1	1	1	1	2	2	2	2	2	1	2	2	1	2	2	1	2	1	1	1	2	1	1	2	1	1	1	1	1	1	1	1	2	1	2	2	1	2	2	2	2	2	1	2	2	1	1	2	2	1	1	2	1	1	1	1	1	1	1	1	1	2	2
62	2	2	2	2	2	2	2	1	2	1	1	1	1	1	1	2	1	1	1	1	1	1	1	1	1	1	1	2	1	2	2	1	1	1	1	2	2	2	2	2	2	1	2	2	2	2	1	2	1	1	1	2	1	1	1	1	1	2	1	1	1	1	1	2	1	2	2	1	2	2	2	2	2	1	1	2	1	1	2	2	1	1	1	2	1	2	1	1	1	2	1	1	2	2
62	2	2	2	2	2	2	1	1	2	1	2	1	1	1	2	2	1	2	1	1	1	1	1	1	1	1	1	1	1	2	2	1	1	1	1	1	2	2	2	2	2	2	2	2	2	2	2	2	1	1	1	2	1	1	1	1	1	1	1	1	1	1	2	2	2	2	2	1	2	2	2	2	2	1	1	2	1	1	1	2	1	1	2	1	1	1	1	1	1	1	1	1	2	2
62	2	2	2	2	2	2	1	1	2	1	2	1	1	1	2	2	1	2	1	1	1	1	1	2	1	1	1	1	1	2	2	1	1	1	1	1	2	2	2	2	1	2	2	1	2	2	1	2	1	1	1	2	1	1	1	1	1	1	1	1	1	1	1	2	2	2	2	1	2	2	2	2	2	1	1	2	1	1	1	2	1	1	1	1	1	1	1	1	1	2	1	1	2	2
63	2	2	2	2	2	2	1	1	2	1	2	1	1	1	2	2	1	2	1	1	1	1	1	1	1	1	1	1	1	1	2	1	1	1	1	1	2	2	2	2	2	2	2	1	2	2	1	1	1	1	1	2	1	1	1	1	1	1	1	1	1	1	1	2	2	2	2	1	2	2	2	2	2	1	1	2	1	1	2	2	1	1	2	1	1	1	1	1	1	2	1	1	2	2
63	2	2	2	2	2	2	1	1	2	1	2	1	1	1	1	2	1	2	1	1	1	1	1	1	1	2	1	1	1	2	2	1	1	1	1	1	2	2	2	2	2	2	2	1	2	2	1	2	1	1	1	2	1	1	1	1	1	1	1	1	1	1	1	2	1	2	2	1	2	2	2	2	2	1	1	2	1	1	2	2	1	1	1	1	1	1	2	1	1	2	1	1	2	2
63	1	2	2	2	2	2	1	1	2	1	1	1	1	1	1	2	1	2	1	1	1	1	1	1	1	1	1	1	1	2	2	1	1	1	1	2	2	2	2	2	2	2	2	2	2	2	1	2	1	1	1	2	1	1	1	1	1	1	1	1	1	1	1	2	2	2	2	1	2	2	2	2	2	1	1	2	1	1	2	2	1	1	1	1	1	1	1	1	1	1	1	1	2	2
64	2	2	2	2	2	2	1	1	2	1	2	1	1	1	2	2	1	2	1	1	1	1	1	1	1	1	1	1	1	2	2	1	1	1	1	2	2	2	2	2	1	1	1	1	2	2	1	2	1	1	1	2	1	1	2	1	1	1	1	1	1	1	1	2	1	2	2	1	2	2	2	2	2	1	2	2	1	1	2	2	1	1	2	1	1	1	1	1	1	1	1	1	2	2
64	2	2	2	2	2	2	1	1	2	1	2	1	1	1	2	1	2	2	1	1	1	1	1	1	1	1	1	1	1	2	2	1	1	1	1	2	2	2	2	2	1	2	2	1	2	2	1	2	1	1	1	2	1	1	2	1	1	1	1	1	1	1	1	2	1	2	2	1	2	2	2	2	2	2	1	2	1	1	2	2	1	1	1	1	1	2	1	1	1	1	1	1	2	2
64	2	2	2	2	2	2	1	2	2	1	1	1	1	1	2	2	1	2	1	1	1	1	2	1	1	1	1	1	1	2	2	2	1	1	1	2	2	2	2	2	2	1	2	1	2	2	1	2	1	1	1	2	1	1	1	1	1	1	1	1	1	1	1	2	2	2	2	1	2	2	2	2	2	2	2	2	1	1	2	2	1	1	1	1	1	1	1	1	1	1	1	1	2	2
65	2	2	2	2	2	2	1	2	2	1	2	1	1	1	2	2	2	2	1	2	1	1	1	1	1	1	1	1	1	2	2	1	1	1	1	2	2	2	2	2	2	2	2	1	2	2	1	2	1	1	1	2	1	1	1	1	1	1	1	1	1	1	2	2	2	2	1	1	2	2	2	2	2	1	1	2	1	1	1	2	1	1	2	1	1	1	1	1	1	1	1	1	2	2
65	2	2	2	2	2	2	1	2	2	2	2	1	1	1	2	2	1	2	1	1	1	1	2	1	1	1	1	1	1	1	2	1	1	1	1	1	2	2	2	2	2	1	2	2	2	2	1	2	1	1	1	2	1	1	1	1	1	1	1	1	1	1	1	2	1	2	2	1	2	2	2	2	2	1	2	2	1	1	1	2	1	1	2	1	2	1	1	1	1	2	1	1	2	2
65	2	2	2	2	2	2	2	1	2	1	1	1	1	1	2	2	2	2	2	1	1	1	1	1	1	1	1	1	1	1	2	1	1	1	1	1	2	2	2	2	2	2	2	1	2	2	1	2	1	1	1	2	1	1	2	1	1	1	1	1	1	1	1	2	1	2	2	1	2	2	2	2	2	1	2	2	1	1	1	2	1	1	1	1	1	1	1	1	1	2	1	1	2	2
66	2	2	2	2	2	1	2	1	2	2	1	1	1	2	2	2	1	2	2	1	1	1	1	2	1	1	1	1	1	2	2	1	1	1	1	1	2	2	2	2	1	1	2	1	2	2	1	2	1	1	1	2	1	1	2	1	1	1	1	1	1	1	2	2	1	2	2	1	2	2	2	2	2	1	2	2	1	1	1	2	1	1	2	1	1	1	1	1	1	1	1	1	2	2
66	2	2	2	1	2	2	1	1	2	1	1	1	1	2	2	2	1	2	1	1	1	1	1	2	1	1	1	1	1	2	2	1	1	1	1	2	2	2	2	1	1	1	2	1	2	2	1	2	1	1	1	2	1	1	1	1	1	1	1	1	1	1	1	2	1	2	2	1	2	2	2	2	2	1	2	2	1	1	1	2	1	1	1	1	1	1	1	2	1	1	1	1	2	2
66	2	2	2	2	2	2	1	1	2	1	1	1	1	1	2	2	1	2	1	1	1	1	1	2	1	1	1	1	1	2	2	1	1	1	1	1	2	2	2	2	2	2	2	1	2	2	2	2	1	1	1	2	2	1	1	1	1	1	1	1	1	1	2	2	1	2	2	1	2	2	2	2	2	1	2	2	1	1	1	2	1	1	1	1	1	1	2	1	1	1	1	1	2	2
67	2	2	2	2	2	2	2	1	2	1	2	1	2	1	2	2	1	1	1	1	1	1	1	1	1	1	2	2	1	2	2	1	1	1	1	2	2	2	2	2	2	1	2	1	2	2	1	2	1	1	1	2	1	1	2	1	1	1	1	1	1	1	1	2	2	2	2	1	2	2	2	2	2	1	2	2	1	1	2	2	1	2	1	1	1	1	1	1	1	1	1	1	2	2
67	2	2	2	2	2	2	2	2	2	1	2	1	1	1	2	2	1	2	1	1	1	1	1	1	1	1	2	1	1	2	2	1	1	1	1	2	2	2	2	2	2	2	2	1	2	2	1	2	1	1	1	2	1	1	1	1	1	1	1	1	1	1	1	2	1	2	2	1	2	2	2	2	2	1	2	2	1	1	2	2	1	1	1	1	1	1	1	2	1	1	1	1	2	2
67	2	2	2	2	2	2	1	1	2	1	2	2	1	1	2	2	1	2	1	1	1	1	1	1	1	1	1	2	1	2	2	1	1	1	1	2	2	2	2	1	2	2	2	1	2	2	1	2	1	1	1	2	1	1	2	1	1	1	1	1	1	1	1	2	2	2	2	1	2	2	2	2	2	1	1	2	1	1	1	2	1	1	2	1	1	1	1	1	1	1	1	1	2	2
68	2	2	2	2	2	2	2	1	2	1	2	1	1	1	2	2	1	1	1	1	1	1	1	2	1	2	2	1	1	2	2	1	1	1	1	1	2	2	2	2	2	1	2	1	2	2	1	2	1	1	1	2	1	1	1	1	1	1	1	1	1	1	1	2	1	2	2	1	2	2	2	1	2	1	1	2	1	1	1	2	1	1	2	2	1	1	1	1	1	1	1	1	2	2
68	2	2	2	2	2	2	1	1	2	1	2	1	1	1	2	2	1	2	1	1	1	1	1	2	1	2	2	1	1	2	2	1	1	1	1	2	2	2	2	2	2	1	2	1	2	2	1	2	1	1	1	2	1	1	1	1	1	1	1	1	1	1	1	2	1	2	2	1	2	2	2	2	2	1	1	2	1	1	1	2	1	1	2	1	1	1	1	1	1	1	1	1	2	2
68	2	2	1	2	2	2	2	1	2	1	2	1	1	1	2	2	1	1	1	2	1	1	1	1	1	2	2	1	1	2	2	1	1	1	1	1	2	2	2	2	2	2	2	1	2	2	1	2	1	1	1	2	2	1	1	1	1	1	1	1	1	1	1	2	1	2	2	1	2	2	2	2	2	1	2	2	1	1	1	2	1	1	1	1	1	1	1	1	1	1	1	1	2	2
69	2	2	2	2	2	2	1	1	1	1	2	1	1	1	1	2	1	1	1	2	1	2	2	1	1	2	1	2	1	2	2	1	1	1	1	2	2	2	2	2	2	1	2	2	2	2	1	2	1	1	1	2	1	1	1	1	1	1	1	1	1	1	1	2	1	2	2	1	2	2	2	2	1	1	1	2	1	1	2	2	1	2	1	1	1	1	1	1	1	1	1	1	2	2
69	2	2	2	2	2	2	2	1	2	1	2	1	1	1	2	2	1	2	1	1	1	1	1	2	1	2	1	2	1	2	2	1	1	1	1	1	2	2	2	2	2	1	2	2	2	2	1	2	1	1	1	2	1	1	1	1	1	1	1	1	1	1	2	2	1	2	2	1	2	2	2	2	2	1	1	2	1	1	2	2	1	2	1	1	1	1	1	1	1	1	1	1	2	2
69	2	2	2	2	2	2	2	1	2	1	1	1	1	1	1	2	1	1	1	1	1	2	1	1	1	2	2	1	1	1	2	1	1	1	1	1	2	2	2	2	2	1	2	1	2	2	1	2	1	1	1	2	1	1	1	1	1	1	1	1	1	1	1	2	1	2	2	1	2	2	2	2	2	1	2	2	1	1	2	2	1	2	1	1	1	1	1	1	1	1	1	1	2	2
70	2	2	2	2	2	2	1	1	2	1	2	1	1	1	2	2	1	1	1	1	1	1	1	1	1	2	2	1	1	2	1	1	1	1	1	2	2	2	2	2	2	2	2	1	2	2	1	2	1	1	1	2	1	1	1	1	1	1	1	1	1	1	1	2	1	2	2	1	2	2	2	2	2	1	1	2	1	1	1	2	1	1	1	1	1	2	2	1	1	1	1	1	2	2
70	2	2	2	2	2	2	1	1	2	1	2	1	1	1	2	2	1	2	1	1	1	1	1	1	1	2	1	1	1	2	2	1	1	1	1	2	2	2	2	2	2	1	2	1	2	2	1	2	1	1	1	2	1	1	1	1	1	1	1	1	1	1	1	2	1	2	2	1	2	2	2	2	2	1	1	2	1	1	1	2	1	1	1	1	1	1	1	1	1	1	1	1	2	2
70	2	2	2	2	2	2	1	1	2	1	2	1	1	1	2	2	1	2	1	1	1	1	1	1	1	2	1	1	1	2	2	1	1	1	1	2	2	2	2	2	2	1	2	1	2	2	1	2	1	1	1	2	1	1	1	1	1	1	1	1	1	1	1	2	1	2	2	1	2	2	2	2	2	1	1	2	1	1	1	2	1	1	1	1	1	1	1	1	1	1	1	1	2	2
71	2	2	2	2	2	2	2	1	2	1	2	1	1	1	1	2	1	2	1	1	1	1	1	1	1	1	2	1	1	1	2	1	1	1	1	2	2	2	2	2	2	1	2	1	2	2	1	2	1	1	1	2	1	1	1	1	1	1	1	1	1	1	1	2	2	2	2	1	2	2	2	2	2	1	2	2	1	1	1	2	1	2	1	1	2	1	1	1	1	2	1	1	2	2
71	2	2	2	1	2	2	1	1	2	1	1	1	1	1	2	2	1	2	1	1	1	1	1	2	1	1	1	1	1	1	2	1	1	1	1	2	2	2	2	2	2	2	2	1	2	2	1	2	1	1	1	2	1	1	2	1	1	1	1	1	1	1	2	2	2	2	2	1	2	2	2	2	2	1	1	2	1	1	2	2	1	1	1	1	2	1	1	1	1	1	1	1	2	2
71	2	2	2	2	2	2	1	1	2	1	1	1	1	1	2	2	1	2	1	1	1	1	2	1	1	1	2	2	1	2	2	1	1	1	1	2	2	2	2	2	2	2	2	1	2	2	1	2	1	1	1	2	1	1	1	1	1	1	1	1	1	1	1	2	1	2	2	1	2	2	2	2	2	1	2	2	1	1	1	2	1	2	1	1	1	1	1	1	1	2	1	1	2	2
72	2	2	2	2	2	2	1	1	2	1	2	1	1	1	2	2	1	1	1	1	1	1	2	2	1	1	1	1	1	2	2	1	1	1	1	2	2	2	2	2	2	1	2	1	2	2	1	2	1	1	1	2	1	1	2	1	1	1	1	1	1	1	1	2	2	2	2	1	2	2	2	2	2	1	2	2	1	1	2	2	1	1	1	1	2	2	1	1	1	1	1	1	2	2
72	2	2	2	2	2	2	1	1	2	1	2	1	1	1	2	2	1	2	1	1	1	1	1	1	1	1	1	1	1	1	2	1	1	1	1	2	2	2	2	2	2	1	2	1	2	2	1	2	1	1	1	2	1	1	1	1	1	1	1	1	1	1	1	2	2	2	2	1	2	2	2	2	2	1	1	2	1	1	1	2	1	1	2	1	2	1	1	1	1	1	1	1	2	2
72	2	2	2	2	2	2	1	1	2	1	2	1	1	1	2	2	1	2	1	1	2	1	2	2	1	1	1	1	1	2	2	1	1	1	1	1	2	2	2	2	2	1	2	1	2	1	1	2	1	1	1	2	1	1	2	1	1	1	1	1	1	1	1	2	1	1	2	1	2	2	2	2	2	1	1	2	1	1	1	2	1	1	1	1	2	1	1	1	1	1	1	1	2	2
73	2	2	2	2	2	2	1	1	2	1	2	1	1	1	1	2	1	2	1	1	1	1	1	2	1	1	1	1	1	2	2	1	1	1	1	1	2	2	2	2	2	1	2	1	2	2	1	2	1	1	1	1	1	1	1	1	1	1	1	1	1	1	1	2	1	2	2	1	2	2	2	2	2	1	2	2	1	1	1	1	1	1	2	1	1	1	1	1	1	2	1	1	2	2
73	2	2	2	2	2	2	1	1	2	1	1	1	1	1	2	2	1	2	1	1	1	1	1	1	1	1	2	2	1	2	2	1	1	1	1	2	1	2	2	2	1	1	2	1	2	2	1	2	1	1	1	1	1	1	1	1	1	1	1	1	1	1	2	2	1	2	2	1	2	2	2	2	2	1	1	2	1	1	1	2	1	1	1	1	2	1	1	1	1	1	1	1	2	2
73	2	2	2	2	2	2	1	2	2	1	2	1	1	1	2	2	1	2	1	1	1	1	1	1	1	1	2	1	1	2	2	1	1	1	1	1	2	2	2	2	2	1	1	1	2	2	1	2	1	1	1	2	1	1	1	1	1	1	1	1	1	1	1	2	2	1	2	1	2	2	2	2	2	1	2	2	1	1	1	2	1	1	1	1	2	1	1	1	1	2	1	1	2	2
74	2	2	2	2	2	2	1	1	2	1	2	1	1	1	1	2	1	2	1	1	1	1	1	1	1	1	2	1	1	2	2	1	1	1	1	2	2	2	2	2	2	1	2	1	2	2	1	2	1	1	1	2	1	1	1	1	1	1	1	1	1	1	1	2	1	2	2	1	2	2	2	2	2	1	2	2	1	1	2	2	1	2	2	1	1	1	1	1	1	1	1	1	2	2
74	2	2	2	2	2	2	1	1	2	1	2	1	1	1	2	2	1	2	1	1	1	1	1	1	1	1	1	1	1	2	2	1	1	1	1	1	2	2	2	2	1	2	2	1	2	2	1	2	1	1	1	2	1	1	1	1	1	1	1	1	1	1	1	2	2	2	2	1	2	2	2	2	2	1	2	2	1	1	1	2	1	2	2	1	1	1	1	1	1	2	1	2	2	2
74	2	2	2	2	2	2	1	1	2	1	2	1	1	1	2	2	1	2	1	1	1	1	1	1	1	1	1	1	1	2	2	1	1	1	1	1	2	2	2	2	2	2	2	1	2	2	1	2	1	1	1	2	1	1	1	1	1	1	1	1	1	1	2	2	1	2	2	1	2	2	2	2	2	1	2	2	1	1	1	2	1	1	2	1	1	1	1	1	1	2	1	1	2	2
75	2	2	2	2	2	2	1	1	2	1	1	1	1	1	2	2	1	1	1	1	1	2	1	1	1	1	1	2	2	2	2	1	2	1	1	2	2	2	2	2	1	1	2	1	2	2	1	2	1	1	1	2	1	1	1	1	1	1	1	1	1	1	1	2	2	2	2	2	2	2	2	2	2	1	2	2	1	1	1	2	1	1	1	1	1	1	1	1	1	1	1	1	2	2
75	2	2	2	2	2	2	2	1	2	1	2	1	1	1	2	2	1	1	1	1	1	1	1	1	1	1	1	2	1	2	2	1	1	1	1	1	2	2	2	2	2	1	2	1	2	2	1	2	1	1	1	1	1	1	1	1	1	1	1	1	1	1	1	2	1	2	2	2	2	2	2	2	1	1	1	2	1	1	1	2	1	1	2	1	1	1	1	1	1	1	1	1	2	2
75	2	2	2	2	2	2	2	1	2	1	2	1	1	1	2	2	1	2	1	2	1	2	1	1	1	1	1	1	1	2	2	1	1	1	1	1	2	2	2	2	2	2	2	2	2	2	1	2	1	1	1	2	1	1	1	1	1	1	1	1	1	1	1	2	1	2	2	1	2	2	2	1	2	1	2	2	1	1	1	2	1	1	1	1	1	1	1	1	1	1	1	1	2	2
76	2	2	2	2	2	2	2	1	2	1	2	1	1	1	2	2	1	1	1	1	1	1	1	1	1	1	1	1	1	2	1	1	1	1	1	2	2	2	2	2	1	2	2	1	2	2	1	2	1	1	1	2	1	1	1	1	1	1	1	1	1	1	1	2	1	2	2	1	2	2	2	2	2	1	1	2	1	1	1	2	1	1	1	1	1	1	1	1	1	1	2	1	2	2
76	2	2	2	2	2	2	1	1	2	1	2	1	1	1	2	2	1	1	1	1	1	2	1	1	1	1	1	1	1	2	1	1	1	1	1	2	2	2	2	2	2	1	2	1	2	2	1	2	1	1	1	2	1	1	1	1	1	1	1	1	1	1	1	2	1	2	2	1	2	2	2	2	2	1	2	2	1	1	2	2	1	1	2	1	1	1	1	1	1	1	1	1	2	2
76	2	1	2	2	2	2	2	1	2	1	2	1	1	1	2	2	1	2	1	1	1	2	1	1	1	1	1	1	1	2	1	1	1	1	1	2	2	2	2	2	2	1	2	2	2	2	1	2	1	1	1	2	1	1	1	1	1	1	1	1	1	1	1	2	1	2	2	1	2	2	2	2	2	1	1	2	1	1	2	2	1	1	1	1	1	1	1	1	1	1	1	1	2	2
77	2	2	2	2	2	2	1	1	2	1	2	2	1	1	1	2	1	1	1	1	1	1	1	1	1	2	2	2	1	2	2	1	2	1	1	1	2	2	2	2	2	2	2	1	2	2	1	2	1	1	1	2	1	1	1	1	1	1	1	1	1	1	2	2	1	2	2	1	2	2	2	2	2	1	2	2	1	1	2	2	1	1	2	1	1	1	1	1	1	1	1	1	2	2
77	2	2	2	2	2	2	2	1	2	2	2	1	1	1	2	2	1	1	1	2	1	1	1	1	1	2	1	1	1	2	2	1	1	1	1	1	2	2	2	2	2	1	2	1	2	1	1	2	1	1	1	2	1	1	1	1	1	1	1	1	1	1	2	2	1	2	2	1	2	2	2	2	2	1	2	2	1	1	2	2	1	1	1	1	1	1	1	1	1	1	1	1	2	2
77	2	2	2	2	2	2	2	1	2	2	2	1	1	1	2	2	1	1	1	1	1	1	1	1	1	2	1	1	1	2	2	1	1	1	1	1	2	2	2	2	2	1	2	1	2	1	1	2	1	1	1	2	1	1	1	1	1	1	1	1	1	1	2	2	1	2	2	1	2	2	2	2	2	1	2	2	1	1	2	2	1	1	1	1	1	1	1	1	1	1	1	1	2	2
78	1	1	1	1	1	1	1	1	1	1	1	1	1	1	1	1	1	1	1	1	1	1	1	1	1	1	1	1	1	1	1	1	1	1	1	2	1	2	1	2	1	2	1	1	1	1	1	1	1	1	1	1	1	1	1	1	1	1	1	1	1	1	1	2	1	1	1	1	1	1	1	1	1	1	1	1	1	2	1	1	1	1	1	1	1	1	1	2	1	1	1	1	1	1
78	1	1	1	1	1	1	1	1	1	1	1	1	1	1	1	1	1	1	1	1	1	1	1	1	1	1	1	1	1	1	1	1	1	1	1	2	1	1	2	2	2	2	2	1	1	2	1	1	1	1	1	1	1	1	1	1	2	1	1	1	1	1	1	1	1	1	2	1	1	2	2	2	2	1	1	2	1	2	2	1	1	1	1	1	1	1	1	2	1	1	1	1	2	2
78	1	1	1	1	1	1	1	1	1	1	1	1	1	1	1	1	1	1	1	1	1	1	1	1	1	1	1	1	1	1	1	1	1	1	1	2	2	2	2	2	2	2	2	1	2	2	1	2	1	1	1	2	1	1	2	1	2	1	1	1	1	1	1	2	1	1	2	1	2	1	2	1	2	1	1	2	1	1	1	2	1	1	1	1	1	1	1	1	1	1	1	1	2	1
79	2	2	2	2	2	2	1	1	2	1	2	1	1	1	2	2	1	2	1	1	1	1	1	2	1	1	1	1	1	2	2	1	1	1	1	2	2	2	2	2	2	2	2	1	2	2	1	2	1	1	1	1	1	1	2	1	1	1	1	1	1	1	2	2	2	2	2	1	2	2	2	2	2	1	2	2	1	1	2	2	1	2	1	1	2	1	1	1	1	1	1	1	1	2
79	2	2	2	1	2	1	1	1	2	1	2	1	1	1	2	2	1	2	1	1	1	1	1	1	1	1	1	1	1	1	2	1	1	1	1	2	2	2	2	2	2	2	1	1	2	2	1	2	1	1	1	2	1	1	1	1	1	1	1	1	1	1	1	2	1	2	2	1	2	2	2	2	2	1	2	2	1	1	1	2	1	2	1	1	1	1	1	1	1	1	1	1	2	2
79	2	2	2	2	2	1	1	1	2	1	2	1	1	1	1	2	1	2	1	1	1	1	1	1	1	1	1	1	1	2	2	1	1	1	1	2	2	2	2	2	2	2	2	1	2	2	1	2	1	1	1	2	1	1	2	1	2	1	1	1	1	1	1	2	1	2	2	1	2	2	2	2	2	1	2	2	1	1	1	2	1	2	1	1	2	1	1	1	1	1	1	1	2	2
80	2	2	2	2	2	2	2	1	2	1	1	1	2	1	1	2	1	1	1	2	1	1	1	1	1	1	1	2	1	2	2	1	1	1	1	2	2	2	2	1	2	2	2	1	2	2	1	2	1	1	1	2	2	1	1	1	1	1	1	1	1	1	1	2	1	2	2	1	2	2	2	2	2	1	1	2	1	1	1	2	1	1	1	1	1	1	1	1	1	1	1	1	2	2
80	2	2	2	2	2	2	2	1	2	1	2	2	2	1	1	2	1	1	1	1	1	2	1	2	1	1	1	1	1	2	2	1	1	1	1	2	2	2	2	2	2	1	2	2	2	2	1	2	1	1	1	2	1	1	2	1	1	1	1	1	1	1	1	2	1	2	2	1	2	2	2	2	2	1	2	2	1	1	1	2	1	1	1	1	1	1	1	1	1	1	1	1	2	2
80	2	2	2	2	2	2	2	1	1	1	2	2	2	1	1	2	1	1	1	1	1	1	1	2	1	1	2	1	1	2	2	1	1	1	1	2	2	2	2	2	2	2	2	1	2	2	1	2	1	1	1	1	1	1	2	1	1	1	1	1	1	1	1	2	1	2	2	2	2	2	2	2	2	1	2	2	1	1	1	2	1	1	1	1	1	1	1	1	1	1	1	1	2	2
81	2	2	2	2	2	2	2	1	2	1	2	1	1	1	2	2	1	1	1	1	1	1	2	1	1	2	1	1	1	2	2	1	2	1	1	1	2	2	2	2	2	1	2	2	2	2	1	2	1	1	1	2	1	1	1	1	1	1	1	1	1	1	1	2	1	2	2	2	2	2	2	2	2	1	1	2	1	1	1	2	1	1	2	1	1	1	1	1	1	1	1	1	2	2
81	2	2	2	2	2	2	2	1	2	1	2	1	1	1	2	2	1	1	1	1	1	1	1	1	1	2	2	2	1	2	2	1	2	1	1	1	2	2	2	2	2	2	2	1	2	2	1	2	1	1	1	2	1	1	1	1	1	1	1	1	1	1	1	2	1	2	2	1	2	2	2	2	2	1	2	2	1	1	1	2	1	1	2	1	1	1	1	1	1	1	1	1	2	2
81	2	2	2	1	2	2	2	1	2	1	2	1	1	1	2	2	1	2	1	1	1	1	1	1	1	1	2	1	1	2	2	1	1	1	1	1	2	2	2	2	2	2	2	1	2	2	1	2	1	1	1	2	1	1	1	1	1	1	1	1	1	1	1	2	1	2	2	2	2	2	2	2	2	1	1	2	1	1	1	2	1	1	1	1	1	1	1	1	1	1	1	1	2	2
82	2	2	2	2	2	2	2	1	2	2	2	2	1	1	2	2	1	1	1	1	1	1	1	1	1	1	1	1	1	2	2	1	1	1	1	2	2	2	2	2	2	1	1	2	2	2	1	2	1	1	1	2	1	1	1	1	1	1	1	1	1	1	1	2	1	2	2	1	2	2	2	2	2	1	2	2	1	1	2	2	1	1	2	1	1	1	1	1	1	1	1	1	2	2
82	2	2	2	2	2	2	2	1	2	1	2	1	1	1	2	2	1	1	1	1	1	1	1	1	1	1	1	1	1	2	2	1	1	1	1	1	2	2	2	2	1	1	2	1	2	2	2	2	1	1	1	2	1	1	1	1	1	1	1	1	1	1	1	2	1	2	2	1	2	2	2	2	2	1	2	2	1	1	1	2	1	1	2	1	1	1	1	1	1	1	1	1	2	2
83	2	2	2	2	2	2	1	1	2	2	2	1	1	1	2	2	1	2	1	1	1	1	1	1	1	2	1	1	1	2	2	1	1	1	1	1	2	2	2	2	2	1	2	1	2	2	1	2	1	1	1	1	1	1	2	1	1	1	1	1	1	1	1	2	1	2	2	1	2	2	2	2	2	1	2	2	1	1	2	2	1	2	1	1	1	1	1	1	1	1	1	1	2	2
83	2	2	2	2	2	2	1	1	2	1	2	2	1	1	1	2	1	1	1	2	1	1	1	2	1	2	1	1	1	2	2	1	1	1	1	1	2	2	2	2	2	2	2	1	1	2	1	2	1	1	1	2	1	1	1	1	1	1	1	1	1	1	2	2	1	1	1	1	1	1	1	1	1	1	1	1	1	1	1	1	1	1	1	1	1	1	1	1	1	1	1	1	1	1
83	2	2	2	2	2	2	1	1	2	1	2	1	1	1	2	2	1	1	1	2	1	1	1	1	1	2	1	1	1	2	2	1	1	1	1	1	2	2	2	2	2	2	2	1	1	2	1	2	1	1	1	2	1	1	1	1	1	1	1	1	1	1	2	2	1	2	2	1	2	2	2	2	2	1	2	2	1	1	2	2	1	1	2	1	1	1	1	1	1	1	1	1	2	2
84	2	2	2	2	2	2	2	1	1	1	2	1	1	1	2	2	1	2	1	1	1	1	1	1	1	2	1	2	1	2	2	1	1	1	1	2	2	2	2	2	2	1	2	1	2	2	1	1	1	1	1	2	1	1	2	1	2	1	1	2	1	1	1	2	1	2	2	1	2	2	2	2	2	1	2	2	1	1	1	2	1	1	1	1	1	1	1	1	1	1	1	1	2	2
84	2	2	2	2	2	2	2	1	2	1	2	1	1	1	2	2	1	1	1	2	1	2	1	1	1	2	1	1	1	2	2	1	1	1	1	2	2	2	2	2	1	1	2	1	2	2	1	2	1	1	1	2	1	1	1	1	1	1	1	1	1	1	1	2	1	2	2	1	2	2	2	1	2	1	1	2	1	1	2	2	1	1	1	1	1	1	1	1	1	1	1	1	2	2
84	2	2	2	2	2	2	2	1	2	1	1	1	1	1	2	2	1	1	1	1	1	1	1	1	1	2	1	1	1	2	2	1	1	1	1	2	2	2	2	2	2	1	2	1	2	2	1	2	1	1	1	2	1	1	1	1	1	1	1	1	1	1	1	2	1	2	2	1	2	2	2	2	2	1	2	2	1	1	1	2	1	1	1	1	1	1	1	1	1	1	1	1	2	2
85	2	2	2	2	2	2	2	1	1	1	2	1	1	1	2	2	1	1	1	1	1	1	1	1	1	2	1	2	1	2	2	1	1	1	1	2	2	2	2	2	2	2	2	1	2	2	1	2	1	1	1	2	1	1	1	1	1	1	1	1	1	1	1	2	1	2	2	1	2	2	2	1	2	1	2	2	1	1	2	2	1	1	1	1	1	1	1	1	1	1	1	1	2	2
85	2	2	2	2	2	2	1	1	2	1	2	1	1	1	2	2	1	2	1	1	1	1	1	2	1	1	1	2	1	2	2	1	1	1	1	2	2	2	2	2	2	1	2	1	2	1	1	2	1	1	1	2	1	1	2	1	1	1	1	1	1	1	1	2	1	2	2	1	2	2	2	2	2	1	2	2	1	1	2	2	1	1	2	1	1	1	1	1	1	1	1	1	2	2
85	2	2	2	2	2	2	2	2	2	1	2	1	1	1	2	2	1	1	1	2	1	2	1	1	1	1	1	2	1	2	2	1	1	1	1	2	2	2	2	2	2	2	2	2	2	2	1	2	1	1	1	2	1	1	1	1	1	1	1	1	1	1	1	2	1	2	2	1	2	2	2	2	2	1	2	2	1	1	1	2	1	1	1	1	1	1	1	1	1	1	1	1	2	2
86	2	2	2	2	2	2	1	1	2	1	1	2	1	1	2	2	1	1	1	2	1	1	1	2	1	2	2	1	1	2	2	1	1	1	1	2	2	2	2	2	1	1	2	1	2	2	1	2	1	1	1	1	1	1	1	1	1	1	1	1	1	1	1	2	2	2	2	2	2	2	2	2	2	1	2	2	1	1	2	2	1	1	1	1	1	1	1	1	1	1	1	1	2	2
86	2	2	2	2	2	2	2	1	2	1	2	1	1	1	1	2	1	1	1	2	1	1	1	2	1	1	1	1	1	2	2	1	1	1	1	1	2	2	2	2	1	2	2	1	2	2	2	2	1	1	1	2	1	1	1	2	1	1	1	1	1	1	1	2	1	2	2	1	2	2	2	2	2	1	2	2	1	1	1	2	1	1	1	1	1	1	2	1	1	1	1	1	2	2
86	2	2	2	1	2	2	2	1	2	1	1	1	1	1	2	2	1	1	1	2	1	1	1	2	1	1	1	1	1	2	2	1	1	1	1	2	2	2	2	2	2	2	2	1	2	2	2	2	1	1	1	2	1	1	1	1	1	1	1	1	1	1	1	2	1	2	2	1	2	2	2	2	2	1	2	2	1	1	2	2	1	1	1	1	1	1	1	1	1	1	1	1	2	2
87	2	2	2	2	2	2	1	1	2	1	2	1	1	1	1	1	1	2	1	2	1	1	1	2	1	2	2	2	1	2	2	1	1	1	1	2	2	2	2	2	2	1	2	2	2	2	1	2	1	1	1	2	1	1	1	1	1	1	1	1	1	1	1	2	1	2	2	1	2	2	2	2	2	1	1	2	1	1	2	2	1	1	2	1	1	1	1	1	1	2	1	1	2	2
87	2	2	2	2	2	2	2	1	2	2	2	1	1	1	2	2	1	2	1	1	1	2	1	1	1	1	2	1	1	2	2	1	1	1	1	2	2	2	2	2	2	2	2	1	2	2	1	2	1	1	1	2	1	1	1	1	1	1	1	1	2	1	1	2	1	2	2	1	2	2	2	2	2	1	2	2	1	1	1	2	1	1	2	1	1	1	2	1	1	1	1	1	2	2
87	2	2	2	2	2	2	2	1	2	1	2	1	1	1	2	2	1	1	1	1	1	1	1	1	1	1	1	1	1	2	2	1	1	1	1	2	2	2	2	2	2	2	2	1	2	1	1	2	1	1	1	2	1	1	1	1	1	1	1	1	1	1	1	2	2	2	2	1	2	2	2	2	2	1	2	2	1	1	1	2	1	1	2	1	1	1	1	1	1	1	1	1	2	2
88	2	2	2	2	2	2	2	1	2	1	2	1	2	1	2	2	1	2	1	1	1	2	1	1	1	1	1	1	1	2	2	2	1	1	1	2	2	2	2	2	2	2	1	1	2	2	1	2	1	1	1	2	1	1	1	1	1	1	1	1	2	1	1	2	1	2	2	1	2	2	2	2	2	1	2	2	1	1	1	2	1	1	2	1	1	1	1	1	1	1	1	1	2	2
88	2	2	2	2	2	2	2	1	1	1	2	2	1	1	2	2	1	2	1	2	1	1	1	1	1	1	1	2	1	2	2	2	2	1	1	1	2	2	2	2	2	1	2	1	2	2	1	2	1	1	1	2	1	1	1	1	1	1	1	1	1	1	1	2	1	2	2	1	2	2	2	2	2	2	2	2	1	1	1	2	1	1	1	1	1	1	1	1	1	1	1	1	2	2
88	2	2	2	2	2	2	2	2	2	1	2	1	1	1	2	2	1	2	1	2	1	1	2	1	1	1	2	1	1	1	2	1	2	1	1	1	2	2	2	2	2	2	2	1	2	2	1	2	1	1	1	2	1	1	1	1	1	1	1	1	1	1	1	2	1	2	2	1	2	2	2	2	2	1	2	2	1	1	2	2	1	1	2	1	1	1	1	1	1	1	1	1	2	2
89	2	2	2	2	2	2	2	1	2	1	1	1	1	1	2	2	1	1	1	2	1	1	1	1	1	2	1	2	1	2	2	1	1	1	1	2	2	2	2	2	2	1	2	2	2	2	1	2	1	1	1	2	1	1	1	1	1	1	1	1	1	1	1	2	1	2	2	1	2	2	2	2	2	1	1	2	2	1	2	2	1	1	2	1	1	1	1	1	1	1	1	1	2	2
89	2	2	2	2	2	2	1	1	2	1	1	1	1	1	1	2	1	1	1	2	1	2	1	1	1	1	1	2	1	2	1	1	1	1	1	1	2	2	2	2	2	2	2	1	2	2	1	2	1	1	1	2	1	1	2	1	1	1	1	1	1	1	2	2	1	2	2	1	2	2	2	2	2	2	2	2	2	1	2	2	1	1	2	1	1	1	1	1	1	1	1	1	2	2
89	2	2	2	2	2	2	1	1	2	1	2	2	1	1	2	2	1	1	1	1	1	1	1	1	1	1	2	1	1	2	2	1	2	1	1	1	2	2	2	2	2	1	2	1	2	2	1	2	1	1	1	2	1	1	1	1	1	1	1	1	1	1	1	2	1	2	2	1	2	2	2	2	1	1	1	2	1	1	2	2	1	1	2	1	1	1	1	1	1	1	1	1	2	2
90	2	2	2	2	2	2	2	2	2	1	2	1	2	1	1	2	1	1	1	1	1	2	1	1	1	2	2	1	1	2	2	1	1	1	1	1	2	2	2	2	2	2	2	2	2	2	1	2	1	1	1	1	1	1	1	1	1	1	1	1	1	1	1	2	1	2	2	2	2	2	2	2	2	1	1	2	1	1	1	2	1	1	1	1	1	1	1	1	1	1	1	1	2	2
90	2	2	2	2	2	2	1	2	2	1	2	1	2	1	1	2	1	2	1	2	1	2	2	1	1	1	2	2	1	2	2	1	1	1	1	2	2	2	2	2	2	1	2	2	2	2	2	2	1	1	1	2	1	1	1	1	1	1	1	1	1	1	1	2	1	2	2	1	2	2	2	2	2	1	1	2	1	1	1	2	1	1	1	1	1	1	1	1	1	1	1	1	2	2
90	2	2	2	2	2	2	2	1	2	1	2	1	2	1	1	2	1	1	1	2	1	2	1	1	1	1	2	2	1	2	2	1	1	1	1	1	2	2	2	2	2	1	2	2	2	2	1	2	1	1	1	1	1	1	1	1	1	1	1	1	1	1	1	2	1	2	2	1	2	2	2	2	2	1	2	2	1	1	2	2	2	1	2	1	1	1	1	1	1	1	1	1	2	2
91	2	2	2	2	2	2	2	1	2	1	2	1	1	1	2	2	1	2	1	1	1	1	1	1	2	2	1	1	1	2	2	1	1	1	2	1	2	2	2	2	1	2	2	1	2	2	1	2	1	1	1	1	1	1	1	1	1	1	1	1	1	1	1	2	1	2	2	1	2	2	2	2	2	1	1	2	1	1	1	2	1	1	1	1	1	1	1	1	1	1	1	1	2	2
91	2	2	2	2	2	2	2	1	2	1	2	1	1	1	2	2	1	1	1	1	1	2	1	1	1	1	1	1	1	2	2	1	1	1	1	1	2	2	2	2	2	2	2	1	2	2	1	2	1	1	1	2	1	1	1	1	1	1	1	1	2	1	1	2	1	2	2	1	2	2	2	1	2	1	2	2	1	1	1	2	1	1	1	1	1	1	1	1	1	1	1	1	2	2
91	2	2	2	2	2	2	1	1	2	1	2	1	1	1	2	2	1	2	1	2	1	2	1	1	1	1	1	1	1	2	2	1	1	1	1	1	2	2	2	2	2	2	2	2	2	2	1	2	1	1	1	2	1	1	1	1	1	1	1	1	2	1	1	2	1	2	2	1	2	2	2	2	2	1	2	2	1	1	1	2	1	1	1	1	1	1	1	1	1	1	1	1	2	2
92	2	2	2	2	2	2	1	1	2	1	2	1	1	1	2	2	1	1	1	2	1	2	1	2	1	1	2	1	1	2	2	2	1	1	1	2	2	2	2	2	2	1	2	1	2	2	1	2	1	1	1	2	1	1	1	1	1	1	1	1	1	1	2	2	1	2	2	1	2	2	2	2	2	1	2	2	1	1	1	2	1	1	2	1	1	1	1	1	1	1	1	1	2	2
92	2	2	2	2	2	2	2	1	2	1	2	1	1	1	1	2	1	1	1	2	1	1	1	1	1	1	2	1	1	2	2	1	1	1	1	1	2	2	2	1	2	2	2	1	2	2	1	2	1	1	1	2	1	1	1	1	1	1	1	1	1	1	2	2	1	2	2	1	2	2	2	2	2	1	1	2	1	1	1	2	1	1	1	1	1	1	1	1	1	1	1	1	1	2
92	2	2	2	2	2	2	1	1	2	1	2	1	1	1	2	2	1	1	1	2	1	1	1	1	1	1	2	2	1	2	2	1	1	1	1	2	2	2	2	2	2	2	2	1	2	2	1	2	1	1	1	2	1	1	1	1	1	1	1	1	1	1	1	2	1	2	2	1	2	2	2	2	2	1	1	2	1	1	1	2	1	1	2	1	1	1	1	1	1	1	1	1	2	2
93	1	2	2	2	1	2	2	1	2	1	2	1	1	1	1	2	1	1	1	2	1	1	1	2	1	1	2	1	1	1	2	1	1	1	1	2	2	2	2	2	2	2	2	1	2	2	1	2	1	1	1	2	1	1	1	1	1	1	1	1	1	1	2	2	1	2	2	1	2	2	2	2	2	1	1	2	1	1	2	2	1	2	1	1	1	1	1	1	1	1	1	1	2	2
93	1	2	2	2	2	2	1	1	2	1	2	2	1	2	1	2	1	1	1	1	1	1	2	2	1	2	2	1	1	2	2	1	1	1	1	2	2	2	2	2	2	2	2	1	2	2	2	2	1	1	1	2	1	1	1	1	1	1	1	1	1	1	2	2	1	2	2	1	2	2	2	2	1	1	2	2	1	1	2	2	1	2	1	1	1	1	1	1	1	1	1	1	2	2
93	1	2	2	2	2	2	1	1	1	1	2	1	1	1	2	2	1	1	1	1	1	1	1	2	1	1	2	1	1	1	2	1	1	1	1	2	2	2	2	2	2	2	2	1	2	2	1	2	1	1	1	2	1	1	1	1	1	1	1	1	1	1	2	2	1	2	2	1	2	2	2	2	2	1	2	2	1	1	2	2	1	1	2	1	1	1	1	1	1	1	1	1	2	2
94	2	2	2	2	2	2	2	1	2	1	2	1	1	1	1	2	1	1	1	2	1	1	1	1	1	2	2	2	1	2	2	1	1	1	2	1	2	2	2	2	2	1	2	1	2	2	1	2	1	1	1	1	1	1	2	1	1	1	1	1	1	1	1	2	1	2	2	1	2	2	2	2	2	1	2	2	1	1	2	2	1	1	2	1	1	1	1	1	1	1	1	1	2	2
94	2	2	2	2	2	2	2	2	2	1	2	1	1	1	1	2	1	1	1	1	1	2	1	1	1	1	2	1	1	2	2	1	1	1	1	1	2	2	2	2	2	1	2	1	2	2	1	2	1	1	1	2	1	1	1	1	1	1	1	1	1	1	1	2	2	2	2	1	2	2	2	2	2	1	2	2	1	1	1	2	1	1	1	1	1	1	1	1	1	1	1	1	2	2
94	2	2	2	2	2	2	2	1	2	1	2	1	1	1	2	2	1	2	1	2	1	1	1	1	1	2	1	2	1	2	2	1	1	1	1	1	2	2	2	2	2	2	2	1	2	2	1	2	1	1	1	2	1	1	1	1	1	1	1	1	1	1	1	2	1	2	2	1	2	2	2	2	2	2	2	2	1	1	2	2	1	1	1	1	1	1	1	1	1	1	1	1	2	2
95	2	2	2	2	2	2	1	1	1	1	2	1	1	1	1	2	1	1	1	2	1	2	1	2	1	1	2	2	1	1	2	1	1	1	1	1	2	2	2	2	2	1	1	2	2	2	1	2	1	1	1	2	1	1	1	1	1	1	1	1	1	1	2	2	2	2	2	1	2	2	2	2	2	2	1	2	1	1	2	2	1	1	1	1	1	1	1	1	1	1	1	1	2	2
95	2	2	2	2	2	2	1	1	2	1	2	1	2	1	2	2	1	1	1	1	1	1	1	1	1	1	2	1	1	2	2	1	1	1	1	2	2	2	2	2	2	2	2	1	2	2	1	2	1	1	1	2	1	1	1	2	1	1	1	1	1	1	1	2	1	2	2	1	2	2	2	2	2	2	2	2	1	1	2	2	1	1	1	1	1	1	1	1	1	1	1	1	2	2
95	2	2	2	2	2	2	2	2	2	1	2	1	1	1	2	2	1	1	1	2	1	2	1	1	1	1	2	2	1	2	2	1	1	1	1	1	2	2	2	2	2	2	1	1	2	2	1	2	1	1	1	2	1	1	1	1	1	1	1	2	1	1	1	2	1	2	2	1	2	2	2	1	2	2	2	2	1	1	2	2	1	1	1	1	1	1	1	1	1	2	1	1	2	2
96	2	2	2	2	2	2	1	1	2	1	2	1	1	1	1	2	1	1	1	2	1	1	1	2	1	1	2	2	1	1	2	1	1	1	1	2	2	2	2	2	2	2	2	1	2	2	1	2	1	1	1	2	1	1	2	1	1	1	1	1	1	1	1	2	1	2	2	1	2	2	2	2	2	2	1	2	1	1	2	2	1	1	1	1	1	1	1	1	1	1	1	1	2	2
96	2	2	2	2	2	2	1	1	2	1	2	1	2	1	2	2	1	1	1	2	1	1	1	2	1	1	1	1	1	2	2	1	1	1	1	1	2	2	2	2	2	2	2	1	2	2	2	2	1	1	1	2	1	1	1	1	1	1	1	1	1	1	1	2	2	2	2	1	2	2	2	2	2	1	2	2	1	1	2	2	1	1	1	1	1	1	1	1	1	1	1	1	2	2
96	2	2	2	2	2	2	2	1	2	1	2	1	1	1	2	2	1	1	1	2	1	2	2	1	1	2	2	1	1	2	2	1	1	1	1	2	2	2	2	2	2	1	2	1	2	2	1	2	1	1	1	2	1	1	1	1	1	1	1	1	1	1	2	2	2	2	1	1	2	2	2	2	2	1	2	2	1	1	2	2	1	1	1	1	1	1	1	1	1	1	1	1	2	2
97	2	2	2	2	2	2	2	2	2	1	2	1	1	1	2	2	1	1	1	2	1	1	1	1	2	1	2	2	1	2	2	1	1	1	2	1	2	2	2	2	2	1	2	1	2	2	1	2	1	1	1	2	1	1	1	1	1	1	1	1	1	1	1	2	2	2	2	1	2	2	2	2	2	2	2	2	1	1	2	2	1	1	1	2	1	1	1	1	1	2	1	1	2	2
97	2	2	2	2	2	2	2	2	2	1	2	1	1	1	2	2	1	1	1	2	1	2	1	1	1	1	2	1	1	2	2	1	1	1	1	2	2	2	2	2	1	1	2	1	2	2	1	2	1	1	1	2	1	1	1	1	1	1	1	1	1	1	1	2	1	2	2	1	2	2	2	2	2	1	2	2	1	1	2	2	1	1	2	1	1	1	1	1	1	2	1	1	2	2
97	2	2	2	2	2	2	2	1	2	1	2	1	1	1	1	2	1	1	1	2	1	1	1	1	1	1	2	1	1	2	2	1	1	1	1	1	2	2	2	2	2	2	2	1	2	2	1	2	1	1	1	2	1	1	1	1	1	1	1	1	1	1	2	2	2	2	2	1	2	2	2	2	2	1	1	2	1	1	2	2	1	1	1	1	1	1	1	1	1	1	1	1	2	2
98	2	2	2	2	2	2	2	1	2	1	1	1	1	1	1	2	1	1	1	1	1	2	2	1	1	1	2	2	1	2	2	1	1	1	1	1	2	2	2	2	1	2	2	1	2	2	1	2	1	1	1	2	1	1	1	1	1	1	1	1	1	1	1	2	1	2	2	1	2	2	2	2	2	2	1	2	1	1	2	2	1	2	1	1	1	1	1	1	1	1	1	1	2	2
98	2	2	2	2	2	2	2	1	2	1	1	1	1	1	1	2	1	1	1	1	1	2	1	1	1	1	2	2	1	2	2	1	1	1	1	2	2	2	2	2	2	2	2	1	2	2	1	2	1	1	1	2	1	1	1	1	1	1	1	1	1	1	1	2	1	2	2	1	2	2	2	2	2	1	2	2	1	1	2	2	1	1	1	1	1	1	1	1	1	1	1	1	2	2
98	2	2	2	2	2	2	2	1	2	1	2	1	1	1	2	2	1	1	1	2	1	1	2	1	1	1	2	2	1	2	2	1	2	1	1	1	2	2	2	2	2	1	2	1	2	2	1	2	1	1	1	2	1	1	1	1	1	1	1	1	1	1	2	2	1	2	2	1	2	2	2	2	2	2	1	2	1	1	2	2	1	1	1	1	1	1	1	1	1	1	1	1	2	2
99	2	2	2	2	2	2	2	1	2	2	2	2	2	1	1	2	1	1	1	2	1	2	1	1	1	1	2	1	1	2	2	2	1	1	1	2	2	2	2	1	2	1	1	2	2	2	1	2	1	1	1	1	1	1	1	1	1	1	1	1	1	1	2	2	1	2	2	1	2	2	2	1	2	1	2	2	1	1	1	2	1	1	1	1	1	1	1	1	1	1	1	1	2	2
99	2	2	2	1	2	2	1	1	2	2	2	1	1	1	1	2	1	1	1	2	1	1	1	1	1	1	2	1	1	2	2	1	2	1	1	1	2	2	2	1	2	1	1	1	2	2	1	2	1	1	1	2	1	1	1	1	1	1	1	1	1	1	1	2	1	2	2	1	2	2	2	2	2	1	1	2	1	1	1	2	1	1	1	1	1	1	1	1	1	1	1	1	2	2
99	2	2	2	2	2	2	1	1	2	1	2	1	2	1	2	2	1	1	1	2	1	2	1	1	1	1	2	1	1	1	2	1	2	1	1	1	2	2	2	2	2	2	2	1	2	2	1	2	1	1	1	2	1	1	1	1	1	1	1	1	1	1	2	2	1	2	2	1	2	2	2	2	2	1	2	2	1	1	2	2	1	1	1	1	1	1	1	1	1	1	1	1	2	2
100	2	2	2	2	2	2	2	1	2	1	2	1	1	1	1	2	1	1	1	2	1	2	1	1	1	1	2	2	1	2	2	1	1	1	1	1	2	2	2	2	2	2	2	1	2	2	1	2	1	1	1	2	1	1	1	1	1	1	1	1	1	1	2	2	1	2	2	1	2	2	2	2	2	1	1	2	1	1	1	2	1	1	1	1	1	1	1	1	1	1	1	1	2	2
100	2	2	2	2	2	2	2	2	2	1	2	1	1	1	2	2	1	1	1	2	1	2	1	1	1	1	2	1	1	2	2	1	1	1	1	1	2	2	2	2	1	2	2	1	2	2	1	2	1	1	1	2	1	1	1	1	1	1	1	2	1	1	1	2	1	2	2	1	2	2	2	2	2	2	1	2	1	1	1	2	1	1	1	1	1	1	1	1	1	1	1	1	2	2
100	2	2	2	2	2	2	2	1	2	1	1	1	1	1	2	2	1	1	1	2	1	1	1	1	1	1	1	2	1	2	2	1	1	1	1	2	2	2	2	2	2	2	2	1	2	2	1	2	1	1	1	2	1	1	1	1	1	1	1	1	1	1	1	2	1	2	2	1	2	2	2	2	2	2	2	2	1	1	1	2	1	1	1	1	1	1	1	1	1	1	1	1	2	2
101	2	2	2	2	2	2	2	1	1	1	2	1	1	1	2	2	1	1	1	2	1	2	2	1	1	1	1	2	1	2	2	2	1	1	1	2	2	2	2	2	1	1	2	1	2	2	1	2	1	1	1	2	1	1	1	1	1	1	1	1	1	1	1	2	1	2	2	1	2	2	2	2	2	1	2	2	1	1	1	2	1	2	2	2	1	1	1	1	1	1	1	1	2	2
101	2	2	2	2	2	2	2	1	2	1	2	1	1	2	2	2	1	1	1	2	1	1	1	2	1	1	2	2	1	1	2	1	1	1	1	2	2	2	2	2	2	1	1	1	2	2	1	1	2	1	1	2	2	1	1	1	1	1	1	1	1	1	1	2	1	2	2	1	2	2	2	2	2	2	1	2	1	1	2	2	1	1	1	1	2	1	1	1	1	1	1	1	2	2
101	2	2	2	2	2	2	2	1	2	1	1	2	2	1	2	2	1	1	1	1	1	2	1	1	1	1	1	1	1	1	2	1	1	1	1	2	2	2	2	2	2	2	2	2	2	2	1	2	1	1	1	2	1	1	1	1	1	1	1	1	1	1	1	2	1	2	2	1	2	2	2	2	2	1	1	2	1	1	2	2	1	1	1	1	1	1	1	1	1	1	1	1	2	2
102	2	2	2	2	2	2	1	1	2	1	2	1	2	1	2	2	1	1	1	1	2	1	2	2	1	2	2	2	1	2	2	1	1	1	1	1	2	2	2	2	2	1	2	1	2	2	2	2	1	1	1	2	1	1	1	1	1	1	1	2	2	2	1	2	2	2	2	1	2	2	2	2	2	1	1	2	1	1	2	2	1	2	1	2	1	1	1	1	1	1	1	1	2	2
102	2	2	2	2	2	2	1	1	2	1	2	1	2	1	2	2	1	1	1	1	2	1	2	2	1	1	2	2	1	2	2	1	1	1	1	1	2	2	2	2	2	1	2	1	2	2	2	2	1	1	1	2	1	1	1	1	1	1	1	2	2	2	1	2	2	2	2	1	2	2	2	2	2	1	1	2	1	1	2	2	1	2	1	2	1	1	1	1	1	1	1	1	2	2
102	2	2	2	2	2	2	1	2	1	1	2	1	2	1	1	2	1	1	1	2	1	1	2	2	1	1	2	1	1	2	2	1	1	1	1	1	2	2	2	2	2	2	2	1	2	2	1	2	1	1	1	2	1	1	1	1	1	1	1	1	2	1	1	2	2	2	2	1	2	2	2	2	2	2	2	2	1	1	2	2	1	1	1	1	1	2	1	1	1	1	1	1	2	2
103	2	2	2	2	2	2	2	1	2	1	1	2	2	1	2	2	1	1	1	2	1	1	1	1	1	1	1	1	1	2	2	2	1	1	1	1	2	2	2	2	2	1	2	1	2	2	1	2	1	1	1	2	1	1	1	1	1	1	1	1	1	1	1	2	1	2	2	1	2	2	2	2	2	1	1	2	1	1	1	2	1	1	1	1	1	1	1	1	1	1	1	1	2	2
103	2	2	2	2	2	2	2	1	2	1	2	1	1	1	2	2	1	1	1	1	1	1	2	1	1	1	1	1	1	2	2	2	1	1	1	2	2	2	2	2	2	1	1	1	2	2	1	2	1	1	1	2	1	1	1	1	1	1	1	1	1	1	1	2	2	2	2	1	2	2	2	2	2	1	1	2	1	1	2	2	1	1	1	1	1	1	1	1	1	1	1	1	2	2
103	2	2	2	2	2	2	2	1	2	1	1	2	2	1	2	2	1	1	1	2	1	1	1	1	1	1	1	1	1	2	2	1	1	1	1	1	2	2	2	2	2	2	2	1	2	2	1	2	1	1	1	1	1	1	1	1	1	1	1	1	1	1	1	2	1	2	2	1	2	2	2	1	2	1	1	2	1	1	2	2	1	1	1	1	1	1	1	1	1	1	1	1	2	2
104	2	2	2	2	2	2	2	1	2	1	1	2	2	1	2	2	1	1	1	2	1	1	1	1	1	1	2	1	1	2	2	2	1	1	1	1	2	2	2	2	2	1	2	2	2	2	1	2	1	1	1	2	1	1	1	1	1	1	1	1	1	1	1	2	1	2	2	1	2	2	2	2	2	1	2	2	1	1	2	2	2	1	1	1	1	1	1	1	1	1	1	1	2	2
104	2	2	2	2	2	2	1	1	2	1	2	2	2	1	2	2	1	1	1	2	1	1	1	1	1	1	2	1	1	2	2	1	1	1	1	1	2	2	2	2	2	1	2	1	2	2	1	2	1	1	1	2	1	1	1	1	1	1	1	1	1	1	1	2	2	2	2	1	2	2	2	2	2	1	2	2	1	1	2	2	1	1	1	1	1	1	1	1	1	1	1	1	2	2
104	2	2	2	2	2	1	2	1	2	1	1	2	2	1	1	2	1	1	1	2	1	2	2	1	1	1	1	1	1	2	2	1	1	1	1	2	2	2	2	2	2	2	2	2	2	2	1	2	1	1	1	2	1	1	1	1	1	1	1	1	1	1	1	2	1	2	2	1	2	2	2	2	2	2	2	2	1	1	2	2	1	1	1	1	1	1	1	1	1	1	1	1	2	2
105	2	2	2	2	2	2	2	1	2	1	1	1	1	1	2	2	1	2	1	2	1	1	1	1	1	1	1	1	1	2	2	1	1	1	1	2	2	2	2	2	2	2	2	1	2	2	1	2	1	1	2	1	1	1	1	1	1	1	1	1	1	1	1	2	1	2	2	1	2	2	2	2	2	2	2	2	1	1	2	2	1	1	1	1	1	1	1	1	1	1	1	1	2	2
105	2	2	2	2	2	2	1	2	2	1	2	1	1	1	1	2	1	1	1	2	1	1	2	1	2	1	1	1	1	2	2	2	1	1	1	2	2	2	2	2	2	1	2	1	2	2	1	2	1	1	1	2	1	1	1	1	1	1	1	1	1	1	1	2	1	2	2	1	2	2	2	2	2	2	2	2	1	1	2	2	1	1	1	1	1	1	1	1	1	1	1	1	2	2
105	2	2	2	2	2	2	1	1	2	1	2	2	1	2	2	2	1	1	2	2	1	1	1	1	1	1	2	1	1	1	2	1	2	1	1	1	2	2	2	2	2	1	1	1	2	2	1	2	1	1	2	2	1	1	1	1	1	1	1	1	1	1	1	2	1	2	2	1	2	2	2	2	2	2	2	2	1	1	2	2	1	1	2	1	1	1	1	1	1	1	1	1	2	2
106	2	2	2	2	2	2	1	1	1	1	2	1	1	1	1	2	2	2	1	2	1	1	1	1	1	1	1	2	1	2	2	1	2	1	1	2	2	2	2	2	1	2	2	1	2	2	2	2	1	1	1	2	1	1	1	1	1	1	1	1	1	1	1	2	1	2	1	1	2	2	2	2	2	1	1	2	1	1	1	2	1	1	1	1	1	1	1	1	1	1	1	1	2	2
106	2	2	2	2	2	2	1	2	2	1	2	1	1	1	1	2	2	2	1	2	1	1	1	1	1	1	1	2	1	2	2	1	1	1	1	2	2	2	2	2	1	2	2	1	2	2	2	2	1	1	1	2	1	1	1	1	1	1	1	1	1	1	1	2	1	2	2	1	2	2	2	2	2	1	1	2	1	1	1	2	1	1	1	1	1	1	1	1	1	1	1	1	2	2
106	2	1	2	2	2	2	1	1	2	1	2	1	2	1	2	2	1	1	1	2	1	1	1	1	1	1	2	2	1	2	2	1	1	1	1	2	2	2	2	2	2	2	2	1	2	2	1	2	1	1	1	2	1	1	1	1	1	2	1	1	1	1	1	2	1	2	1	1	2	2	2	2	2	1	2	2	1	1	1	2	1	1	1	1	1	1	1	1	1	1	1	1	2	2
107	2	2	2	2	2	2	2	1	2	1	2	2	2	1	2	2	1	1	1	1	1	1	1	1	1	1	1	1	1	2	2	1	1	1	1	2	2	2	2	2	2	2	2	1	2	2	1	2	1	1	1	2	1	1	1	1	1	1	1	1	1	1	1	2	1	2	2	1	2	2	2	2	2	2	2	2	1	1	2	2	1	1	1	1	1	1	1	1	1	1	1	1	2	2
107	2	2	2	2	2	2	2	1	2	1	2	1	1	1	2	2	1	1	1	2	1	1	1	1	2	1	2	2	1	2	2	1	1	1	1	1	2	2	2	2	2	1	2	1	2	2	1	2	1	1	1	2	1	1	1	1	1	1	1	1	1	1	1	2	2	2	2	1	2	2	2	2	2	1	1	2	1	1	2	2	2	1	1	1	1	1	1	1	1	1	1	1	2	2
107	2	2	2	2	2	2	2	1	2	1	2	2	2	1	1	2	1	1	1	2	1	2	1	1	1	1	2	1	1	1	2	1	1	1	1	1	2	2	2	2	2	2	2	1	2	2	1	2	1	1	2	2	1	1	1	2	1	1	1	1	1	1	1	2	1	2	2	1	2	2	2	2	2	2	1	2	1	1	2	2	1	1	1	1	1	1	1	1	1	1	1	1	2	2
