76	123	2	1
ACA_AAC_1.0
ACA_AAC_2.0
ACA_AAC_3.0
ACA_AAC_4.0
ACA_AAC_5.0
ACA_AAC_6.0
ACA_AAC_7.0
ACA_AAC_8.0
ACA_AAC_9.0
ACA_AAC_10.0
ACA_AAC_11.0
ACA_AAC_12.0
ACA_AAC_13.0
ACA_AAC_14.0
ACA_AAC_15.0
ACA_AAC_16.0
ACA_AAC_17.0
ACA_AAC_19.0
ACA_AAC_20.0
ACA_AAC_21.0
ACA_AAC_22.0
ACA_AAC_23.0
ACA_AAC_24.0
ACA_AAC_25.0
ACA_AAC_26.0
ACA_AAC_27.0
ACA_AAC_28.0
ACA_AAC_30.0
ACA_AAC_31.0
ACA_AAC_32.0
ACA_AAC_33.0
ACA_AAC_34.0
ACA_AAC_35.0
ACA_AAC_36.0
ACA_AAC_37.0
ACA_AAC_38.0
ACA_AAC_39.0
ACA_AAC_40.0
ACA_AAC_41.0
ACA_AAC_42.0
ACA_AAC_43.0
ACA_AAC_44.0
ACA_AAC_45.0
ACA_AAC_46.0
ACA_AAC_47.0
ACA_AAC_48.0
ACA_AAC_49.0
ACA_AAC_50.0
ACA_AAC_51.0
ACA_AAC_52.0
ACA_AAC_54.0
ACA_AAC_55.0
ACA_AAC_56.0
ACA_AAC_57.0
ACA_AAC_58.0
ACA_AAC_59.0
ACA_ACG_1.0
ACA_ACG_2.0
ACA_ACG_3.0
ACA_ACG_4.0
ACA_ACG_5.0
ACA_ACG_6.0
ACA_ACG_7.0
ACA_ACG_8.0
ACA_ACG_9.0
ACA_ACG_10.0
ACA_ACG_11.0
ACA_ACG_12.0
ACA_ACG_13.0
ACA_ACG_14.0
ACA_ACG_15.0
ACA_ACG_16.0
ACA_ACG_17.0
ACA_ACG_17.1
ACA_ACG_18.0
ACA_ACG_20.0
ACA_ACG_21.0
ACA_ACG_23.0
ACA_ACG_24.0
ACA_ACG_24.1
ACA_ACG_25.0
ACA_ACG_26.0
ACA_ACG_27.0
ACA_ACG_28.0
ACA_ACG_29.0
ACA_AGC_1.0
ACA_AGC_2.0
ACA_AGC_3.0
ACA_AGC_4.0
ACA_AGC_5.0
ACA_AGC_6.0
ACA_AGC_7.0
ACA_AGC_8.0
ACA_AGC_9.0
ACA_AGC_9.1
ACA_AGC_9.2
ACA_AGC_10.0
ACA_AGC_11.0
ACA_AGC_12.0
ACA_AGC_12.1
ACA_AGC_13.0
ACA_AGC_14.0
ACA_AGC_15.0
ACA_AGC_15.1
ACA_AGC_15.2
ACA_AGC_16.0
ACA_AGC_17.0
ACA_AGC_18.0
ACA_AGC_19.0
ACA_AGC_20.0
ACA_AGC_21.0
ACA_AGC_22.0
ACA_AGC_23.0
ACA_AGC_24.0
ACA_AGC_24.1
ACA_AGC_25.0
ACA_AGC_26.0
ACA_AGC_27.0
ACA_AGC_28.0
ACA_AGC_29.0
ACA_AGC_30.0
ACA_AGC_31.0
ACA_AGC_32.0
1	2	2	1	1	2	1	1	1	1	1	1	1	1	1	1	2	1	2	1	1	2	2	1	1	1	2	1	1	1	1	1	2	1	1	2	2	1	1	2	2	2	1	1	1	2	2	1	2	1	2	1	2	1	2	1	1	1	1	1	1	1	1	1	2	2	2	1	1	1	2	1	1	1	1	1	2	2	1	1	1	2	1	1	2	1	2	1	1	1	1	1	2	1	2	1	1	1	2	1	1	2	1	2	2	1	2	1	2	1	2	2	1	2	2	1	2	1	1	1	1	2	2	1
1	2	2	1	1	2	1	1	1	1	1	1	1	1	1	1	2	1	2	1	1	2	2	2	1	1	2	1	1	1	1	2	2	1	1	1	2	1	1	2	2	1	1	2	1	2	2	1	2	1	2	1	2	1	2	1	2	1	1	1	1	1	1	1	2	2	1	1	1	1	2	1	1	1	1	2	2	2	1	1	2	2	1	1	2	1	2	2	1	2	1	1	1	1	1	1	1	1	2	2	1	2	2	2	1	1	2	1	2	2	2	2	2	1	2	1	2	1	1	1	1	2	2	2
1	1	2	1	1	2	1	2	1	1	1	1	1	1	1	2	2	1	2	1	1	2	2	1	1	1	2	1	2	1	1	1	2	1	1	2	2	1	1	2	1	1	2	2	1	2	1	2	2	2	2	1	2	1	2	2	2	1	1	1	1	1	1	1	1	2	1	1	1	1	2	1	1	1	1	1	2	2	2	1	2	2	1	1	2	2	2	1	1	2	2	1	2	1	2	1	1	1	2	2	1	2	1	1	2	2	2	1	2	2	1	1	1	2	2	1	2	1	1	1	1	2	2	1
2	1	2	2	2	2	1	1	1	1	2	2	1	1	1	2	2	1	2	1	1	2	2	1	1	1	1	1	1	1	1	1	2	1	1	2	2	1	1	1	1	2	1	1	2	2	1	1	2	2	1	1	2	1	2	1	2	1	1	1	1	2	1	1	1	2	1	1	1	1	2	1	1	1	1	2	2	1	1	1	2	1	1	1	2	1	1	1	1	1	1	1	2	1	2	1	1	1	2	1	1	1	2	1	1	1	2	2	2	1	1	2	2	2	1	1	2	1	1	1	1	2	1	1
2	1	2	1	1	0	1	1	1	1	2	1	1	1	1	1	2	1	2	1	1	2	2	1	1	1	1	1	1	1	1	1	2	1	1	1	2	1	1	2	1	1	2	1	2	2	1	1	2	1	2	1	2	1	2	1	2	1	1	1	1	2	1	1	1	1	2	1	1	1	2	1	1	1	1	1	2	1	1	1	2	2	2	1	2	1	2	1	1	1	1	1	1	1	1	1	1	1	2	2	1	2	2	1	1	1	2	1	2	1	1	2	2	2	1	1	2	1	1	1	2	2	2	1
2	1	2	2	2	2	1	2	1	1	2	1	1	1	1	1	2	1	2	1	1	2	2	1	1	1	2	1	1	1	1	1	2	1	1	2	2	1	1	1	1	1	1	2	2	2	2	1	2	1	2	1	2	1	2	2	2	2	1	1	2	0	1	1	1	1	1	2	1	1	2	1	0	0	2	0	0	1	2	1	2	2	2	1	2	1	2	1	1	1	1	1	2	1	2	1	1	1	2	2	1	2	2	1	1	1	2	1	2	1	2	1	1	1	2	1	2	1	1	1	2	1	2	2
3	1	2	2	2	2	2	1	1	1	1	1	1	1	1	2	2	1	2	1	1	2	2	1	1	2	1	1	1	1	1	1	2	1	1	1	2	1	1	2	2	1	1	2	1	2	1	1	2	2	2	1	2	1	2	2	2	2	1	1	2	2	1	1	1	2	1	1	1	1	2	1	1	1	1	2	1	1	2	2	2	1	2	2	2	1	2	1	1	1	1	1	2	1	2	1	1	2	2	2	1	2	1	1	1	1	2	1	2	1	1	1	2	2	2	1	2	1	1	1	1	2	1	1
3	1	2	2	2	2	2	1	1	2	1	1	2	1	1	2	2	1	2	1	1	2	2	1	1	2	1	1	1	1	1	1	0	1	1	1	2	1	1	2	2	1	1	1	1	2	2	1	2	2	2	1	2	1	2	2	2	2	1	1	2	1	1	1	1	2	1	1	1	1	1	1	1	1	1	1	1	1	1	2	2	1	2	1	2	1	2	1	1	1	1	1	2	1	2	1	1	1	2	2	1	2	1	2	1	1	2	1	2	1	1	1	2	2	1	1	2	1	1	1	1	2	1	1
3	2	2	1	2	2	1	1	1	1	1	1	2	1	1	1	2	1	2	1	1	2	2	1	1	1	1	1	1	1	1	1	2	1	1	1	2	1	1	2	1	1	1	1	1	2	1	1	2	1	2	1	2	1	2	2	2	1	1	1	1	1	1	1	2	1	1	1	1	1	2	1	1	1	1	1	2	1	2	1	2	2	1	1	2	1	2	2	1	1	1	1	1	1	1	1	1	2	2	1	1	2	2	2	1	1	2	1	2	1	1	1	2	2	2	1	2	1	1	1	1	2	2	2
4	1	2	1	1	2	1	2	1	1	1	1	1	1	1	1	1	1	1	1	1	2	2	1	1	1	2	1	1	1	1	1	0	1	1	1	2	1	1	2	1	1	1	2	2	2	1	1	2	1	1	1	2	1	2	1	2	1	1	1	1	1	1	1	1	2	1	2	1	1	2	1	1	1	0	1	2	1	2	1	2	1	2	1	2	2	2	1	1	1	0	1	1	1	1	1	1	1	2	1	1	1	1	1	1	1	2	2	2	1	2	1	2	1	1	1	2	1	1	1	2	2	2	2
4	1	1	1	1	2	1	1	2	2	1	1	1	1	1	1	1	1	2	1	1	2	2	1	1	1	1	1	1	1	1	1	2	1	1	1	2	2	2	1	2	2	1	2	1	2	2	2	2	1	2	1	2	1	2	1	2	2	1	1	1	1	1	1	2	2	1	1	1	1	2	1	1	2	1	1	1	2	0	1	2	2	2	1	2	1	2	2	1	1	1	1	2	1	2	1	1	1	1	2	1	2	1	1	1	1	2	1	2	2	1	2	1	2	1	1	2	1	2	1	1	1	2	2
5	1	1	1	1	2	1	1	1	1	1	1	2	1	1	1	2	2	2	1	1	2	2	1	1	1	1	1	1	1	1	1	2	1	1	1	2	1	1	1	1	1	1	1	2	2	1	1	2	1	2	1	2	1	2	1	2	1	1	1	2	1	1	1	1	1	1	1	1	1	2	1	1	1	1	2	2	2	1	1	1	1	1	1	2	1	2	1	1	2	1	1	2	1	2	1	1	1	2	2	1	2	2	1	1	1	2	1	1	1	1	2	2	2	1	1	2	1	1	1	1	1	2	1
5	1	2	2	1	2	2	1	1	1	0	1	1	1	0	1	2	1	2	1	2	2	2	1	1	1	2	1	1	1	1	1	2	1	1	2	2	1	2	1	1	1	1	1	1	2	1	1	2	2	1	1	2	1	2	2	2	1	1	1	1	1	1	1	2	2	2	2	1	1	2	1	1	1	1	2	1	1	1	1	1	1	2	1	2	1	2	1	1	1	1	1	2	1	2	1	1	1	2	1	1	2	2	1	1	2	2	1	1	1	2	1	2	2	2	1	2	1	1	1	1	2	2	2
5	1	1	2	1	2	2	1	1	1	1	1	2	1	1	1	2	1	2	1	1	2	2	1	1	1	1	1	1	1	1	1	2	1	1	1	2	1	2	2	1	1	1	2	2	2	1	1	2	1	1	1	2	1	2	2	2	1	1	1	2	1	1	1	1	2	1	2	1	1	2	1	1	1	1	1	2	2	2	1	2	2	1	1	2	1	2	1	1	2	1	1	2	1	2	1	1	1	2	2	1	1	2	1	2	1	2	1	2	1	1	1	1	2	2	1	2	1	1	1	1	2	2	1
6	1	1	1	1	2	1	2	1	1	1	1	2	1	1	1	2	1	2	1	1	2	2	1	1	1	1	1	1	1	1	2	2	1	1	2	2	1	1	1	2	2	1	1	2	2	1	1	2	1	1	1	2	1	2	1	2	1	1	1	1	1	1	1	2	1	1	2	1	1	2	1	1	1	1	1	2	2	1	1	2	2	2	1	2	1	2	1	2	2	1	1	2	1	2	1	1	1	2	2	1	2	2	1	1	1	2	1	2	2	1	2	1	2	1	1	2	1	1	1	1	2	2	1
6	1	1	1	1	2	1	2	1	1	1	1	1	1	1	1	2	1	2	1	1	2	2	2	1	2	2	1	1	1	1	1	2	1	1	2	2	1	1	2	1	1	1	2	1	2	2	1	2	1	1	1	2	1	2	2	2	1	1	1	1	1	1	1	1	2	2	1	1	1	2	1	1	1	1	2	2	2	1	1	2	2	2	1	2	1	2	1	1	1	1	1	2	1	2	1	1	1	2	2	1	2	1	1	2	1	2	1	2	1	2	1	1	2	2	1	2	1	1	1	1	2	2	2
6	1	2	1	1	0	1	1	1	1	1	1	1	1	1	1	2	1	2	1	1	2	2	2	1	1	2	1	1	1	1	2	2	1	1	1	2	2	1	1	1	2	1	1	2	2	1	2	2	1	1	1	2	1	2	1	2	1	1	1	1	1	1	1	2	2	1	1	2	1	2	1	2	1	1	2	1	1	2	1	2	1	1	1	2	1	2	1	1	1	1	1	2	1	2	1	1	1	2	2	1	2	1	1	1	1	2	1	2	1	1	1	2	1	1	1	2	1	1	1	1	1	2	1
7	2	1	2	1	2	1	2	2	2	1	1	1	1	1	1	0	1	2	1	1	2	2	2	1	1	2	1	1	1	1	1	1	1	1	1	2	1	1	2	2	1	1	2	1	2	1	1	2	1	2	1	2	2	2	1	2	1	1	1	2	1	1	1	1	2	0	1	1	1	2	1	2	1	1	1	2	2	1	1	2	1	2	1	2	2	2	1	1	1	1	1	1	1	1	1	1	1	2	2	1	2	0	1	1	2	2	1	1	1	2	2	2	2	2	1	2	1	1	1	2	2	1	2
7	2	1	2	1	2	1	2	1	2	1	1	1	1	1	1	2	1	2	1	1	2	2	2	1	1	2	1	1	1	1	1	2	1	1	1	2	1	1	2	2	1	1	2	1	2	2	0	2	1	2	1	2	2	2	1	2	1	1	1	2	1	1	1	1	2	1	1	1	1	2	1	2	1	1	1	2	2	2	1	2	1	2	1	2	1	2	1	1	1	1	1	1	1	1	1	1	1	2	2	1	2	2	1	1	2	2	1	1	1	2	2	2	2	2	1	2	1	1	1	2	2	1	2
7	1	1	1	1	2	1	2	1	2	1	1	1	1	1	1	2	1	2	1	1	2	2	2	1	1	2	1	1	1	1	1	2	1	1	1	2	1	1	1	2	1	1	2	1	2	1	1	2	1	1	1	2	2	2	2	2	1	1	1	2	1	1	1	1	2	2	1	1	1	2	1	2	1	1	1	1	2	1	2	2	2	1	1	2	1	2	1	1	1	1	1	2	1	2	1	1	2	2	2	1	1	2	1	1	1	2	1	2	1	1	1	1	2	2	1	2	1	1	1	2	2	2	1
8	2	2	2	1	2	1	2	1	1	1	1	1	1	1	1	2	2	2	1	1	2	2	2	1	1	2	1	1	1	1	1	2	1	1	2	2	1	1	1	2	1	1	2	1	2	1	1	2	1	1	1	2	1	2	1	2	1	1	1	1	1	1	1	2	2	1	2	1	1	2	1	1	1	1	2	1	2	1	1	1	1	1	1	2	1	2	1	1	1	1	1	2	1	2	1	1	1	2	1	1	2	1	1	1	1	2	1	2	1	2	1	1	2	1	1	2	1	1	1	1	2	2	2
8	1	2	1	1	2	1	1	1	2	1	1	1	1	1	1	2	2	2	1	1	2	2	2	1	1	1	1	1	1	1	1	2	1	1	1	2	1	1	2	1	1	1	2	2	0	0	1	2	1	1	1	2	1	2	2	2	1	1	1	1	1	1	1	2	2	1	1	2	1	2	1	1	1	1	2	2	2	1	1	2	1	1	1	2	1	2	1	1	1	1	1	2	1	2	1	1	1	2	1	1	2	1	1	1	1	2	1	1	1	1	2	1	2	1	1	2	1	1	1	1	2	2	1
9	2	2	1	1	2	2	1	1	1	1	2	1	1	1	2	2	1	2	1	1	2	2	1	1	2	2	2	1	1	1	1	2	1	1	2	2	1	1	1	1	1	1	2	1	2	1	1	2	1	2	2	1	1	2	2	2	1	1	1	2	1	2	1	1	1	1	1	1	1	2	1	1	1	1	2	2	1	1	1	2	2	2	1	2	1	2	1	2	1	1	1	1	1	1	1	1	1	2	2	1	2	2	1	1	1	2	1	2	1	2	1	1	2	2	1	2	1	1	1	2	1	2	1
9	1	2	1	1	2	2	2	1	1	1	1	1	1	1	2	2	1	2	1	1	2	2	1	1	2	2	2	1	1	1	1	2	1	1	1	2	1	1	1	1	2	2	2	1	2	2	1	1	1	2	1	2	1	2	2	2	2	1	1	2	2	1	1	1	2	1	1	1	1	2	1	1	2	1	1	2	2	1	1	2	1	2	1	2	1	2	1	1	1	1	1	1	1	1	1	1	1	2	1	1	2	2	1	2	1	2	1	2	1	2	2	2	2	2	1	2	1	1	1	2	1	2	1
9	2	2	1	1	2	2	2	1	1	2	2	2	1	1	2	2	1	1	1	1	2	2	1	1	1	2	2	2	1	1	1	2	1	1	1	2	1	2	1	1	1	2	2	1	2	1	1	1	1	2	1	2	2	2	2	2	2	1	1	2	1	1	1	1	2	1	1	1	1	2	1	1	1	1	2	2	2	1	1	2	2	2	1	2	1	2	1	1	1	1	2	1	1	2	1	1	1	2	2	1	1	1	1	2	1	2	1	2	1	2	2	1	2	2	1	2	1	1	1	2	2	2	2
10	2	2	1	1	2	2	1	1	1	2	2	2	1	1	2	2	1	2	1	1	2	2	1	1	2	2	1	1	1	1	1	2	2	1	1	2	1	1	2	1	2	1	2	1	2	1	1	1	1	1	1	2	1	2	2	2	1	1	1	2	1	1	1	2	1	1	1	1	1	2	1	1	1	1	1	2	1	1	1	2	1	1	1	2	1	2	2	1	1	1	1	1	1	1	1	1	1	2	2	1	2	2	2	1	1	2	1	2	1	2	1	1	2	2	1	2	1	1	2	1	2	2	2
10	1	2	1	2	2	1	1	1	2	2	1	1	1	1	2	2	1	2	1	1	2	2	1	1	2	2	2	1	1	1	2	2	2	1	1	2	1	1	1	1	2	1	1	1	2	1	1	2	1	2	1	2	1	2	2	2	1	1	1	2	1	1	1	1	2	1	1	1	1	1	1	2	1	1	2	2	1	1	1	2	1	1	1	2	1	1	2	1	2	1	1	2	1	2	1	1	1	2	1	1	2	2	1	1	1	2	1	2	1	2	2	2	2	2	1	2	1	1	1	1	1	2	2
10	2	2	1	1	2	2	1	1	1	2	1	2	1	1	2	2	1	1	1	1	2	2	1	1	1	1	1	1	1	1	2	2	2	1	1	2	1	2	2	1	2	1	1	1	2	1	1	2	1	2	1	2	1	2	2	2	1	1	1	2	1	1	1	1	2	1	1	1	1	2	1	2	1	1	2	2	1	1	1	2	1	2	1	2	1	2	1	1	2	1	1	2	1	2	1	1	1	2	1	1	2	2	1	1	1	2	1	2	1	1	2	2	2	2	1	2	1	1	2	1	2	2	1
11	2	2	1	1	2	1	2	1	1	1	1	1	1	1	1	2	1	2	1	1	2	2	1	1	1	2	1	1	1	1	1	1	1	1	1	2	1	1	1	2	1	1	2	1	2	1	1	2	1	2	2	2	1	2	2	2	1	1	1	1	2	1	1	1	2	1	1	1	1	2	1	1	1	1	2	2	1	2	1	2	1	2	1	2	1	2	1	1	1	1	1	2	1	2	1	1	1	2	1	1	1	2	2	1	1	2	2	2	1	2	1	2	1	1	1	2	1	1	1	2	2	2	2
11	2	2	1	1	2	1	1	1	1	1	1	1	1	1	1	2	1	2	1	1	2	2	1	1	1	2	1	1	1	1	1	1	1	1	1	2	1	1	1	2	2	1	2	1	2	1	1	2	1	2	1	2	1	2	2	2	1	1	1	1	1	1	1	1	1	1	2	1	1	2	1	1	1	1	2	1	1	2	1	2	1	2	2	2	1	2	1	1	1	1	1	2	1	2	1	1	1	2	1	1	2	2	1	1	1	2	2	2	1	2	1	1	2	1	1	2	1	1	1	2	2	2	2
11	2	2	1	1	2	1	1	1	1	1	1	1	1	2	1	2	1	2	1	1	2	2	2	1	1	2	1	1	1	1	1	1	1	1	1	2	1	2	1	2	2	1	2	1	2	1	2	2	1	2	1	2	1	2	2	2	1	1	1	1	1	1	1	1	1	1	2	1	1	2	1	1	1	1	2	1	1	2	1	2	1	2	2	2	1	2	1	1	1	1	1	2	1	2	1	1	1	2	1	1	2	2	1	1	1	2	2	2	1	2	1	1	2	1	1	2	1	1	1	2	2	2	2
12	2	2	1	1	2	1	2	1	1	2	1	2	1	1	1	2	1	2	1	2	2	2	1	1	1	1	1	1	1	1	1	2	1	1	1	2	1	1	1	2	2	1	2	1	2	2	1	2	1	2	1	2	1	2	2	2	0	0	0	0	0	0	0	0	0	0	0	0	0	0	0	0	0	0	0	0	0	0	0	0	0	0	0	0	0	0	0	0	0	0	0	0	0	0	0	0	0	0	0	0	0	0	0	0	0	0	0	0	0	0	0	0	0	0	0	0	0	0	0	0	0	0	0
12	1	2	1	1	2	2	1	1	1	1	1	1	1	1	1	2	1	2	1	1	2	2	2	1	1	1	1	1	1	1	1	2	1	1	2	2	1	2	1	1	2	1	2	2	2	2	2	2	1	2	1	2	1	2	2	2	0	0	0	0	0	0	0	0	0	0	0	0	0	0	0	0	0	0	0	0	0	0	0	0	0	0	0	0	0	0	0	0	0	0	0	0	0	0	0	0	0	0	0	0	0	0	0	0	0	0	0	0	0	0	0	0	0	0	0	0	0	0	0	0	0	0	0
12	1	2	1	1	2	2	1	1	1	1	1	1	1	1	1	2	1	2	1	1	2	2	2	1	1	1	1	1	1	1	1	2	1	1	2	2	1	2	1	1	2	1	2	2	2	2	2	2	1	2	1	2	1	2	2	2	0	0	0	0	0	0	0	0	0	0	0	0	0	0	0	0	0	0	0	0	0	0	0	0	0	0	0	0	0	0	0	0	0	0	0	0	0	0	0	0	0	0	0	0	0	0	0	0	0	0	0	0	0	0	0	0	0	0	0	0	0	0	0	0	0	0	0
13	1	2	2	2	2	1	1	1	1	1	1	1	1	1	1	2	1	2	1	1	2	2	1	1	1	1	1	1	1	1	1	2	1	1	1	2	1	1	2	1	2	1	2	2	2	2	1	2	1	2	1	2	1	2	2	2	1	1	1	1	1	1	1	2	2	2	2	1	1	2	1	1	1	1	1	2	1	1	1	2	2	2	1	2	1	2	1	1	1	1	1	2	1	2	1	1	1	2	1	1	2	1	1	1	1	2	1	2	1	1	1	1	1	2	1	2	1	1	1	1	1	2	1
13	1	2	1	1	2	1	1	1	1	2	1	2	1	1	1	1	1	2	1	1	2	2	2	1	1	1	1	1	1	1	1	2	1	1	1	2	1	2	2	2	2	1	2	1	2	1	1	2	1	2	1	2	2	2	2	2	1	1	1	1	2	1	1	1	2	1	1	2	1	2	1	1	1	1	2	2	2	1	1	2	2	2	1	2	1	2	1	1	1	1	1	2	1	2	1	1	1	2	2	1	2	2	1	1	1	2	1	2	1	1	1	1	2	2	1	2	1	1	1	1	2	2	1
13	1	2	1	1	2	1	2	1	1	1	2	1	1	1	1	1	1	2	1	1	2	2	2	1	1	1	1	1	1	1	2	2	1	1	1	2	1	2	1	2	1	2	1	1	2	2	1	2	1	1	1	2	1	2	2	2	1	1	1	2	2	1	1	2	1	1	1	2	1	2	1	1	1	0	1	2	1	1	1	2	1	1	1	2	1	2	2	1	1	1	1	2	1	2	1	1	1	2	1	1	2	1	2	1	1	2	1	2	1	1	1	2	2	1	1	2	1	1	1	1	2	2	1
14	1	2	1	1	2	1	2	1	1	1	2	2	1	1	2	2	1	2	1	1	2	2	1	1	2	2	1	1	1	1	1	2	1	1	2	2	1	1	2	1	1	1	2	1	2	2	1	2	1	2	1	2	1	2	2	2	2	1	1	2	1	1	1	1	2	1	2	1	1	2	1	1	1	1	1	2	1	2	1	2	1	1	1	2	1	2	1	1	1	1	1	1	1	2	1	1	1	2	1	1	2	2	1	2	1	2	1	1	1	2	1	2	2	2	1	2	1	1	1	2	2	1	1
14	1	2	1	1	2	1	1	1	2	2	2	1	1	1	1	2	1	2	1	1	2	2	1	1	1	2	1	1	1	1	1	2	1	1	2	2	1	2	2	0	2	1	1	1	2	2	2	1	1	1	1	2	1	2	1	2	1	1	1	1	1	1	1	2	2	1	1	1	1	2	1	1	1	1	0	1	1	2	1	2	1	2	2	2	1	1	1	1	1	1	1	2	1	2	1	1	1	2	1	1	2	1	1	2	1	2	1	1	1	2	1	1	1	1	1	2	1	2	1	1	2	1	2
15	1	2	1	2	2	1	2	1	1	2	1	1	1	1	1	2	1	2	1	1	2	2	1	1	2	2	1	1	1	1	2	2	1	1	2	2	1	1	1	1	1	1	2	1	2	1	1	2	1	1	1	2	1	2	2	2	2	1	1	1	1	1	1	2	1	1	1	1	1	2	2	1	2	1	1	2	1	2	1	2	2	1	1	2	1	2	1	1	2	1	1	2	1	2	1	1	1	2	2	1	2	1	1	1	1	2	1	2	1	1	2	2	2	2	1	2	1	1	1	1	2	2	1
15	2	2	1	2	2	2	1	1	1	2	1	1	1	1	1	2	1	2	1	1	2	2	2	1	1	2	1	1	1	1	2	2	1	1	2	2	1	1	1	1	2	1	2	2	2	2	1	1	1	1	1	2	1	2	2	2	2	1	1	1	1	1	1	2	2	1	1	1	1	2	2	1	2	1	1	2	1	2	1	2	1	1	1	2	1	1	1	1	2	1	1	2	1	2	1	1	1	2	1	1	2	2	1	1	1	2	1	2	1	1	2	2	2	2	1	2	1	1	1	1	2	2	1
15	1	1	1	1	2	2	1	1	1	1	1	1	1	1	1	2	1	2	1	2	2	2	1	1	2	1	2	1	1	2	1	1	1	1	2	2	1	1	2	1	0	1	2	2	2	1	1	1	1	1	1	2	1	2	2	2	1	1	1	2	1	1	1	1	2	1	2	2	1	2	1	1	1	1	2	2	1	2	1	2	2	2	1	2	1	2	1	1	1	1	1	1	1	1	1	1	1	2	1	1	2	1	1	1	1	2	1	2	2	1	1	1	2	2	1	2	1	1	1	1	2	1	1
16	1	1	1	1	2	2	2	1	1	1	1	1	1	1	2	2	1	2	1	1	2	2	1	1	2	1	1	2	1	1	1	2	1	1	1	2	1	1	2	2	2	1	2	1	2	2	1	1	1	2	1	2	0	2	2	2	1	1	1	1	1	1	1	1	2	1	2	1	1	2	1	1	1	1	1	2	1	2	1	2	1	2	1	2	1	2	2	1	1	1	1	2	1	2	1	1	1	2	2	1	2	2	1	2	1	2	1	2	1	1	1	1	2	1	1	2	1	1	1	2	2	2	2
16	2	1	2	1	2	2	2	1	1	2	1	1	1	1	2	2	1	2	1	1	2	2	2	1	2	2	1	1	1	1	1	2	1	1	1	2	1	1	2	1	1	1	2	1	2	1	1	1	1	2	1	2	1	2	2	2	1	1	1	2	1	1	1	1	1	1	1	1	1	2	1	1	1	1	1	2	1	2	1	2	1	2	1	2	1	2	1	1	1	1	2	2	1	2	1	1	1	2	1	1	2	1	2	1	1	2	1	2	1	1	2	2	2	2	1	2	1	1	1	2	2	2	1
16	2	1	2	1	2	2	2	1	1	2	1	1	1	1	2	2	1	2	1	1	2	2	1	1	2	1	1	1	1	1	1	2	1	1	1	2	1	2	2	1	1	1	2	1	2	1	1	1	1	2	1	2	1	2	2	2	1	1	1	2	1	1	1	1	1	1	1	1	1	2	1	1	1	1	1	2	1	2	1	2	1	2	1	2	1	2	1	1	1	1	2	2	1	2	1	1	1	2	1	1	2	1	2	1	1	2	1	2	1	1	2	2	2	2	1	2	1	1	1	2	2	2	1
17	2	1	1	1	2	2	1	1	1	2	1	1	1	1	2	2	1	2	1	1	2	2	1	2	2	2	1	1	1	1	1	2	1	1	1	2	1	1	2	1	1	1	2	1	2	1	1	1	1	1	1	2	2	2	2	2	1	1	1	1	1	1	1	2	2	1	1	1	1	2	1	1	1	1	2	1	1	2	1	2	2	1	1	2	1	2	1	1	1	1	1	1	1	2	1	1	1	2	2	1	2	2	1	1	1	2	1	2	1	1	2	1	2	1	1	2	1	1	1	1	1	2	1
17	2	1	1	1	2	2	1	1	1	1	1	1	1	1	1	2	1	2	1	1	2	2	2	1	2	2	2	1	1	1	1	2	2	1	1	2	1	1	2	1	1	1	1	1	2	1	1	2	1	2	1	2	2	2	2	2	1	1	1	1	1	1	1	2	1	1	1	1	1	2	1	1	1	1	1	1	1	2	1	2	2	1	1	2	1	2	1	1	1	1	1	1	1	2	1	1	1	2	2	1	2	2	1	1	1	2	1	2	1	1	2	1	2	1	1	2	1	1	1	1	2	2	2
17	1	1	1	1	2	2	1	1	1	1	1	2	1	1	1	2	1	2	1	1	2	2	1	1	1	2	2	1	1	1	1	2	1	1	1	2	1	2	2	1	2	1	2	1	2	1	1	1	1	1	1	2	1	2	2	2	1	1	1	2	1	1	1	2	2	1	1	1	1	2	1	1	1	1	1	2	2	1	1	2	2	2	1	2	1	2	1	1	1	1	1	1	1	2	1	1	1	2	1	1	2	1	1	2	2	2	1	1	1	2	1	2	2	1	1	2	1	1	1	1	2	2	1
18	1	1	1	1	2	1	1	1	1	2	1	1	1	1	1	2	1	2	1	1	2	2	1	1	2	2	1	1	1	2	1	2	1	1	1	2	1	2	1	2	1	1	2	1	2	1	1	2	1	1	1	2	1	2	1	2	1	1	1	1	1	1	1	1	2	1	2	2	1	2	1	1	1	1	2	2	1	1	1	2	2	1	1	2	1	2	1	1	1	1	1	2	1	2	1	1	1	2	1	1	1	1	1	2	1	2	1	1	1	2	1	1	2	2	1	2	1	1	1	1	2	1	1
18	2	2	1	1	2	1	1	1	2	2	1	1	1	1	1	2	1	2	1	1	2	2	1	1	1	1	1	1	1	2	1	2	1	1	1	2	1	2	1	1	1	2	2	1	2	1	1	2	1	2	1	2	1	2	1	2	1	1	1	1	1	1	1	2	1	1	2	1	1	2	1	1	1	1	2	2	1	1	1	2	2	1	1	2	1	2	1	1	1	1	1	2	1	2	1	1	1	2	1	1	2	2	1	1	2	2	1	2	1	1	1	1	2	2	1	2	1	1	1	1	2	2	1
18	1	1	1	1	2	1	1	1	1	1	1	1	1	1	1	2	1	2	1	1	2	2	2	1	2	1	1	1	1	1	1	2	1	1	1	2	1	1	2	1	1	2	2	1	2	1	1	1	1	1	1	2	1	2	2	2	1	1	1	2	2	1	1	2	1	1	2	1	2	2	1	1	1	1	2	2	1	1	1	2	2	1	1	2	1	2	1	1	1	1	1	2	1	2	1	1	1	2	1	1	1	1	1	1	1	2	1	2	1	1	2	1	2	2	1	2	1	1	1	1	2	1	1
19	1	1	1	1	2	1	1	1	1	1	1	1	1	1	2	2	1	2	1	1	2	2	2	1	1	1	1	1	1	1	1	2	1	1	2	2	1	1	2	1	2	1	1	1	2	2	0	2	1	1	1	2	1	2	2	2	2	1	1	1	2	1	1	1	1	2	1	1	1	2	1	1	1	2	1	2	1	1	1	2	1	1	1	2	1	2	1	1	1	2	1	2	1	2	1	1	1	2	2	1	1	2	1	1	1	2	1	2	1	1	1	2	2	2	1	2	1	2	1	1	2	2	1
19	2	1	1	1	2	1	2	1	1	2	1	1	1	1	1	2	1	2	1	1	2	2	1	1	1	2	1	1	1	1	1	2	1	1	0	2	1	1	1	1	1	1	2	1	2	1	1	2	1	1	1	2	1	2	2	2	1	1	1	1	1	1	1	2	1	1	1	1	1	2	1	1	1	1	0	1	1	1	0	0	1	1	1	0	1	2	2	1	1	1	1	2	1	2	1	1	1	2	2	1	1	2	2	1	2	2	1	2	1	2	1	1	2	2	1	2	1	1	1	1	2	2	1
19	1	1	1	1	1	1	2	1	1	1	1	1	1	2	2	2	1	2	1	1	2	2	2	1	1	1	1	1	1	1	2	2	1	1	1	2	1	1	1	2	2	1	2	1	2	1	2	2	1	2	1	2	1	2	1	1	1	1	1	2	1	1	1	1	1	2	1	1	1	2	1	1	1	1	1	1	1	1	1	2	1	2	1	2	1	1	1	1	1	1	1	2	1	2	1	1	1	2	2	1	1	1	2	2	1	2	1	2	1	1	1	1	2	1	1	2	1	1	1	1	1	1	1
20	1	2	1	1	2	1	0	1	1	1	1	1	1	1	2	2	1	2	1	1	2	2	2	1	2	2	1	1	1	1	1	2	1	1	1	2	2	1	1	1	1	1	1	1	2	2	2	2	2	2	1	2	1	2	2	2	1	1	1	1	1	1	1	2	2	1	1	1	1	2	1	1	1	1	2	1	1	2	1	2	1	1	1	1	1	2	1	2	1	1	1	2	1	1	1	1	1	2	1	1	2	2	1	2	1	2	1	2	1	1	2	1	2	1	1	2	1	1	1	1	2	1	1
20	2	2	1	1	2	1	2	1	1	1	1	1	1	1	2	2	1	2	1	1	2	2	2	1	1	1	1	1	1	1	1	2	1	1	2	2	2	1	2	1	2	1	1	1	2	1	1	2	1	1	1	2	1	2	2	2	1	1	1	2	2	1	1	1	2	1	1	1	1	2	1	1	1	1	2	1	1	1	1	2	1	1	1	1	1	2	1	1	1	1	1	2	1	2	2	1	1	2	1	1	2	2	2	2	2	2	1	2	1	1	2	2	2	1	1	2	1	1	1	1	1	2	1
20	2	2	1	1	2	1	2	1	1	1	1	1	1	1	2	1	1	2	1	1	2	2	2	1	1	2	1	1	1	1	1	2	1	1	2	2	2	1	2	1	2	1	2	1	2	1	1	2	1	1	1	2	1	2	2	2	1	1	1	2	2	1	1	1	2	1	1	1	1	2	1	1	1	1	1	1	1	1	1	2	1	1	1	2	1	2	1	1	1	1	1	1	1	2	2	1	1	2	1	1	2	2	2	2	2	2	1	2	1	2	2	2	2	1	1	2	1	1	1	1	1	2	2
21	1	1	1	1	2	1	1	1	1	2	1	2	1	1	2	1	1	2	1	1	2	2	1	1	2	2	1	1	1	1	1	2	1	1	1	2	1	1	1	1	1	1	2	1	2	2	2	1	1	1	1	2	1	2	2	2	0	0	0	0	0	0	0	0	0	0	0	0	0	0	0	0	0	0	0	0	0	0	0	0	0	0	0	0	0	0	0	0	0	0	0	0	0	0	0	0	0	0	0	0	0	0	0	0	0	0	0	0	0	0	0	0	0	0	0	0	0	0	0	0	0	0	0
21	1	2	1	1	2	1	2	1	2	2	2	1	1	1	1	2	1	2	1	1	2	2	1	1	2	2	1	1	1	1	1	2	1	1	2	2	1	1	1	1	1	1	2	2	2	2	1	1	1	1	1	2	2	2	2	2	0	0	0	0	0	0	0	0	0	0	0	0	0	0	0	0	0	0	0	0	0	0	0	0	0	0	0	0	0	0	0	0	0	0	0	0	0	0	0	0	0	0	0	0	0	0	0	0	0	0	0	0	0	0	0	0	0	0	0	0	0	0	0	0	0	0	0
21	1	2	1	1	2	2	1	1	1	1	2	2	1	1	1	2	1	2	1	2	2	2	1	1	2	2	1	1	1	1	2	2	1	1	1	2	1	1	1	2	1	1	2	2	2	2	2	1	1	1	1	2	2	2	2	2	0	0	0	0	0	0	0	0	0	0	0	0	0	0	0	0	0	0	0	0	0	0	0	0	0	0	0	0	0	0	0	0	0	0	0	0	0	0	0	0	0	0	0	0	0	0	0	0	0	0	0	0	0	0	0	0	0	0	0	0	0	0	0	0	0	0	0
22	1	2	2	1	2	1	2	1	1	1	1	2	1	1	1	2	2	2	1	1	2	2	1	1	2	2	1	1	1	1	1	2	1	1	1	2	1	1	2	2	1	1	2	1	2	2	1	2	1	2	1	2	1	2	2	2	1	1	1	2	1	1	1	2	1	1	1	1	1	2	1	1	1	1	1	2	2	2	1	2	2	1	2	2	1	2	1	1	1	1	1	1	1	2	1	1	1	2	2	1	2	1	2	1	1	2	1	2	1	1	2	1	2	2	1	2	1	1	1	1	1	1	2
22	1	1	2	1	2	1	2	1	1	1	1	2	1	1	1	2	2	2	1	1	2	2	1	1	1	2	1	1	1	2	1	2	1	1	2	2	1	1	1	1	1	1	2	2	2	1	2	1	1	2	1	1	1	2	2	2	1	1	1	2	1	1	1	1	1	1	1	1	1	2	1	1	2	1	2	2	2	1	1	2	2	2	2	2	1	1	1	1	1	1	1	1	1	1	1	1	1	2	1	1	2	1	2	1	1	2	2	1	1	2	1	2	2	2	1	2	1	1	1	2	2	1	1
23	1	1	1	1	2	0	1	1	2	1	1	1	1	1	1	2	1	2	1	1	2	2	1	1	1	2	1	1	1	1	2	2	1	1	2	2	1	2	1	1	1	2	2	1	2	2	1	1	1	2	1	1	1	2	2	2	1	1	1	2	1	1	1	2	2	1	1	1	1	2	1	1	1	1	2	2	1	2	1	2	1	1	1	2	1	2	1	1	1	1	1	2	1	2	1	1	1	2	1	1	2	1	1	1	1	2	1	1	1	2	2	2	2	1	1	2	1	1	1	2	2	2	1
23	1	1	1	1	2	2	2	1	1	1	1	1	1	1	1	2	1	2	1	1	2	2	1	1	1	2	2	1	1	1	2	2	1	1	2	2	1	2	1	1	2	2	2	2	2	2	1	1	1	2	1	1	1	2	2	2	1	1	1	1	1	1	1	2	2	1	1	2	1	2	1	1	1	1	2	1	1	1	1	2	1	1	1	2	2	2	1	1	1	1	1	2	1	2	1	1	1	2	2	1	2	1	1	1	1	2	1	2	2	2	2	1	2	1	1	2	1	1	1	1	2	2	2
23	1	2	2	1	2	2	2	1	1	1	1	1	1	1	1	2	1	2	1	1	2	2	1	1	2	2	1	1	1	1	1	2	1	1	2	2	1	2	1	2	2	1	2	1	2	2	1	1	1	1	1	1	1	2	2	2	1	1	1	1	1	1	1	2	2	1	1	2	1	2	1	1	1	1	1	2	2	1	1	1	1	1	1	2	2	1	1	2	1	2	1	2	1	2	1	1	1	2	2	1	2	1	1	1	2	1	1	2	1	2	2	1	2	1	1	2	1	1	1	0	2	2	2
24	2	2	1	1	2	2	2	1	1	1	1	1	1	1	2	2	1	2	1	1	2	2	1	1	2	2	0	1	1	1	1	2	2	1	1	2	1	1	1	1	1	1	2	2	2	1	1	1	1	2	1	1	1	2	2	2	1	1	1	1	2	1	1	2	1	1	1	1	1	2	1	1	1	1	1	2	2	1	1	2	2	2	1	2	1	2	1	1	1	2	1	2	1	2	1	1	1	2	2	1	2	2	1	1	1	2	1	2	1	1	2	1	2	2	1	2	1	1	1	1	1	2	1
24	1	2	2	1	2	2	2	1	1	1	1	1	1	1	1	2	1	2	1	2	2	2	1	1	1	2	2	1	1	1	1	2	2	1	2	2	1	1	1	1	1	1	2	2	2	1	1	2	2	2	1	2	1	2	2	2	2	1	1	2	2	1	1	2	2	1	1	1	1	2	1	1	1	1	2	2	2	2	1	2	1	1	1	2	1	2	1	1	1	1	2	2	1	2	1	1	1	2	2	1	2	1	1	1	1	2	1	2	1	2	1	1	2	2	1	2	1	1	1	1	2	2	2
24	2	2	2	1	2	2	1	1	1	1	1	1	1	1	1	2	1	1	1	2	2	2	1	1	2	2	2	1	1	1	1	2	1	1	1	2	1	1	2	1	1	1	2	1	2	2	1	2	1	2	1	2	1	2	2	2	2	1	1	2	1	1	1	2	2	1	1	1	1	2	1	1	1	1	1	2	2	2	1	2	1	1	1	2	1	2	1	1	1	1	1	2	1	2	1	1	1	2	1	1	2	2	2	1	1	2	1	2	1	2	2	1	2	2	1	2	1	1	1	1	2	2	2
25	2	1	2	1	2	1	1	1	1	2	1	1	1	1	2	2	1	2	1	2	2	2	1	1	2	2	1	1	1	1	1	2	1	1	2	2	1	1	1	1	1	1	2	1	2	1	1	1	1	2	2	1	1	2	2	2	1	1	1	1	1	1	1	2	2	1	1	1	1	2	1	1	1	1	2	2	2	1	1	2	2	2	1	2	1	2	1	1	1	1	1	1	1	2	1	1	1	2	2	1	2	1	2	1	1	2	1	2	1	2	2	2	2	1	1	2	1	1	1	1	2	2	2
25	1	1	2	1	2	1	1	1	1	1	1	1	1	1	1	2	1	2	1	1	2	2	1	1	1	1	1	1	1	1	1	2	1	1	1	2	1	1	1	1	1	1	2	2	2	1	1	1	1	1	1	2	1	2	2	2	1	1	1	2	1	1	1	1	2	1	1	1	1	2	1	1	1	1	1	2	1	1	1	2	2	1	1	2	1	2	1	1	2	1	1	2	1	2	1	1	1	2	2	1	2	2	1	2	1	2	1	2	1	1	2	2	2	2	1	2	1	1	1	2	2	2	1
25	1	2	1	1	2	1	1	2	1	1	1	1	1	1	1	2	1	2	1	2	2	2	1	1	1	2	1	1	1	1	2	2	2	1	2	2	1	1	2	1	1	2	2	1	2	2	1	1	1	1	1	2	1	2	2	2	1	1	1	2	1	1	1	1	2	1	1	1	1	2	1	1	1	1	1	2	2	1	1	2	1	1	1	2	1	2	1	1	1	1	1	2	1	2	1	1	1	2	1	1	1	2	2	2	1	2	1	2	1	2	1	2	2	1	1	2	1	1	1	1	2	2	2
26	1	2	1	1	2	1	2	1	1	1	1	2	1	1	2	2	1	2	1	1	2	2	2	1	1	2	1	1	1	1	1	2	1	1	1	2	1	2	2	2	1	2	2	2	2	1	1	2	2	1	1	1	1	2	1	2	1	1	1	2	2	1	1	1	2	1	1	1	1	2	2	1	1	1	0	2	1	1	1	2	1	1	2	1	1	2	1	2	1	1	1	2	1	2	1	1	1	2	2	1	2	2	2	2	2	2	1	2	1	1	2	1	2	2	1	2	1	1	1	1	2	2	1
26	1	2	1	1	2	1	2	1	1	1	1	2	1	1	2	2	1	2	1	1	2	2	2	1	2	2	2	1	1	1	1	2	1	1	1	2	1	2	2	2	1	2	1	2	2	1	1	2	2	1	1	1	1	2	1	2	1	1	1	2	0	1	1	1	2	1	1	1	1	2	2	1	1	1	0	2	1	1	1	2	1	1	2	1	1	2	1	2	1	1	1	2	1	2	1	1	1	2	2	1	2	2	2	2	2	2	1	2	1	1	2	1	2	2	1	2	1	1	1	1	2	2	1
26	1	1	1	1	2	1	2	1	1	1	1	1	1	1	1	2	1	2	1	2	2	2	2	1	1	2	2	1	1	1	1	2	1	1	2	2	1	2	2	1	2	2	1	1	2	1	1	2	1	1	1	2	1	2	1	2	1	1	1	1	1	1	1	2	2	1	1	1	1	2	2	1	1	1	2	2	1	1	1	2	2	1	2	2	2	2	2	1	1	1	1	2	1	2	1	1	1	2	1	1	2	2	1	1	1	2	1	2	1	1	1	1	2	1	1	2	1	1	1	1	1	2	1
27	2	1	1	1	2	1	1	1	1	1	1	1	1	1	1	2	1	2	1	1	0	2	2	1	1	2	1	1	1	1	1	2	1	1	2	2	1	1	1	1	2	1	2	1	2	1	1	2	1	1	1	2	1	2	2	2	1	1	1	1	1	1	1	2	2	1	1	1	1	1	1	2	1	1	2	2	2	1	1	2	2	1	1	2	1	2	1	1	1	1	1	2	1	2	1	1	1	2	2	1	2	1	2	1	2	2	1	2	1	2	1	1	2	2	1	2	1	2	1	1	2	2	1
27	1	1	1	1	2	1	1	1	1	1	1	1	1	1	1	2	1	2	1	1	1	2	2	1	1	2	1	1	1	1	1	2	1	1	2	2	1	1	1	1	2	1	2	1	2	1	1	2	1	1	1	2	1	2	2	2	1	1	1	1	1	1	1	2	2	1	1	1	1	1	1	2	1	1	2	2	2	1	1	2	2	1	1	2	1	2	1	1	1	1	1	2	1	2	1	1	1	2	2	1	2	1	2	1	2	2	1	2	1	2	1	1	2	2	1	2	1	2	1	1	2	2	1
27	1	1	1	1	2	1	1	1	1	1	1	1	1	1	1	2	1	2	1	1	2	2	1	1	1	2	1	1	1	1	1	2	1	1	2	2	1	1	1	1	2	1	2	1	2	1	1	2	1	1	1	2	1	2	2	2	2	1	1	1	2	1	1	2	2	1	2	1	1	2	1	1	1	1	2	1	2	2	1	2	1	2	1	2	1	2	2	1	1	1	1	1	1	1	1	1	1	2	1	1	2	2	1	1	2	2	1	2	1	1	2	1	2	1	1	2	1	2	1	1	1	2	1
28	1	1	1	1	2	1	1	1	2	1	2	2	1	1	1	2	1	2	1	1	2	2	1	1	1	2	1	1	1	1	1	2	1	1	1	2	1	2	2	1	1	1	2	1	2	2	1	1	1	1	1	2	2	2	2	2	1	1	1	1	1	1	1	1	1	1	1	1	1	2	1	1	1	1	2	2	1	2	1	1	2	2	1	2	1	2	1	1	1	1	1	2	2	2	1	1	1	2	2	1	2	2	2	1	1	2	1	2	1	2	1	1	2	2	1	2	1	1	1	1	2	2	2
28	1	1	1	1	2	1	2	1	2	2	1	1	1	1	1	2	1	2	1	1	2	2	2	1	2	2	1	1	1	1	1	2	1	1	1	2	1	2	2	1	2	2	2	1	2	2	1	2	1	1	1	2	2	2	1	2	1	1	1	2	1	1	1	1	2	1	1	1	1	2	1	1	1	1	1	2	2	0	1	1	2	2	1	2	1	2	1	1	1	2	1	1	2	1	1	1	1	2	2	1	2	2	2	1	1	2	1	2	1	2	1	1	2	2	1	2	1	1	1	1	1	2	1
28	2	1	1	1	2	1	2	1	2	1	2	1	1	1	2	2	1	2	1	1	2	2	1	1	1	1	1	1	1	1	1	2	1	1	1	2	1	1	2	1	1	1	2	1	2	2	1	1	1	1	1	2	2	2	2	2	1	1	1	2	1	1	1	1	2	1	1	1	1	2	1	1	1	1	2	2	1	2	1	1	2	2	1	2	1	2	1	1	1	1	1	1	2	1	1	1	1	2	1	1	2	2	2	1	1	2	1	2	1	1	1	1	1	2	1	2	1	1	1	1	2	2	1
29	1	2	1	1	2	1	2	1	1	2	2	2	1	1	1	2	1	1	1	1	2	2	1	1	1	2	1	1	1	1	1	2	1	1	1	2	2	2	1	1	2	1	2	1	2	1	1	1	1	2	2	1	1	2	2	2	1	1	1	1	1	1	1	2	2	1	1	1	1	2	1	1	1	1	2	2	1	2	1	1	2	1	1	2	1	2	1	2	1	1	1	2	2	2	1	1	1	2	2	1	2	2	2	1	1	2	1	1	1	2	2	1	1	2	1	2	1	1	1	2	1	1	2
29	2	2	1	1	2	1	2	1	1	2	1	1	1	1	2	2	1	2	1	1	2	2	1	1	1	2	1	1	1	1	2	1	1	1	1	2	1	1	2	1	2	1	2	2	2	1	1	1	1	1	1	2	1	2	2	2	1	1	1	1	1	1	1	1	2	1	1	1	1	2	1	1	1	1	0	2	2	1	1	1	2	1	1	2	1	1	1	2	1	1	1	1	2	1	1	1	1	2	2	1	2	2	2	1	1	2	1	2	1	2	2	1	2	1	1	2	1	1	1	1	1	2	1
29	1	1	1	2	2	1	2	1	1	2	1	1	1	1	1	2	1	2	1	1	2	2	1	1	1	2	1	1	1	1	1	2	1	1	1	2	1	2	2	1	2	1	2	1	2	1	1	1	1	2	2	1	1	2	2	2	1	1	1	1	1	1	1	2	1	1	1	1	2	2	1	1	1	1	1	2	1	2	1	1	2	1	1	2	1	2	1	2	1	1	1	2	2	2	1	1	1	2	2	1	2	2	2	1	1	2	1	1	1	2	2	2	2	1	1	2	1	1	1	2	2	2	2
30	1	2	1	1	2	1	2	1	1	2	1	1	2	1	1	2	1	2	1	1	2	2	1	1	2	1	1	1	1	1	1	2	1	1	1	2	1	1	1	1	1	1	2	1	2	1	1	1	1	2	2	2	1	2	2	2	1	1	1	2	1	1	1	1	2	1	1	1	1	2	1	1	1	1	1	1	2	1	2	1	2	1	1	2	1	2	1	2	1	1	1	1	2	2	1	1	1	2	2	1	2	2	1	1	1	2	1	2	1	1	2	1	2	1	1	2	1	1	1	1	2	2	1
30	2	2	1	1	2	1	2	1	1	1	1	1	1	1	2	2	1	2	1	1	2	2	1	1	1	2	1	1	1	1	1	1	1	1	1	2	1	2	1	1	1	1	2	1	2	1	1	1	1	2	1	2	1	2	2	2	1	1	1	1	1	1	1	1	2	1	1	2	1	2	1	1	1	2	1	2	1	1	1	1	2	1	1	2	1	2	1	1	1	1	1	2	2	2	1	1	1	2	2	1	2	1	2	1	1	2	1	2	1	2	1	2	2	1	1	2	1	1	1	2	2	2	1
30	1	1	1	2	2	1	2	1	1	2	1	1	1	1	2	2	1	2	1	1	2	2	1	1	1	2	1	1	1	1	1	1	1	1	1	2	1	2	1	1	2	1	2	1	2	1	1	1	1	1	1	2	1	2	2	2	1	1	1	2	1	1	1	1	2	1	1	1	1	2	1	1	1	2	1	1	1	1	1	1	2	1	1	2	1	2	1	1	1	1	1	2	2	2	1	1	1	2	2	1	2	2	2	1	1	2	1	2	1	2	1	2	2	1	1	2	1	1	2	2	2	2	1
31	1	1	1	1	2	2	1	1	1	1	1	1	1	1	2	2	1	2	1	1	2	2	1	1	1	2	1	1	1	1	1	1	1	1	2	2	2	1	1	2	1	2	2	1	2	2	1	1	1	2	1	2	1	2	2	2	0	0	0	0	0	0	0	0	0	0	0	0	0	0	0	0	0	0	0	0	0	0	0	0	0	0	0	0	0	0	0	0	0	0	0	0	0	0	0	0	0	0	0	0	0	0	0	0	0	0	0	0	0	0	0	0	0	0	0	0	0	0	0	0	0	0	0
31	1	2	1	1	2	2	1	1	1	2	1	1	1	1	2	2	1	2	1	1	2	2	1	1	1	2	1	1	1	1	1	1	1	1	1	2	1	1	1	2	2	1	2	1	2	2	1	1	1	2	2	2	1	2	2	2	0	0	0	0	0	0	0	0	0	0	0	0	0	0	0	0	0	0	0	0	0	0	0	0	0	0	0	0	0	0	0	0	0	0	0	0	0	0	0	0	0	0	0	0	0	0	0	0	0	0	0	0	0	0	0	0	0	0	0	0	0	0	0	0	0	0	0
31	1	1	1	1	2	2	1	1	1	2	1	1	1	1	2	2	1	2	1	1	2	2	1	1	1	2	1	1	1	1	1	1	1	1	1	2	1	1	1	2	2	1	2	1	2	2	1	1	1	2	1	2	1	2	2	2	0	0	0	0	0	0	0	0	0	0	0	0	0	0	0	0	0	0	0	0	0	0	0	0	0	0	0	0	0	0	0	0	0	0	0	0	0	0	0	0	0	0	0	0	0	0	0	0	0	0	0	0	0	0	0	0	0	0	0	0	0	0	0	0	0	0	0
32	1	1	1	1	2	2	2	1	1	1	1	1	1	1	1	2	1	2	1	2	2	2	2	1	2	1	2	2	1	2	2	2	1	1	1	2	1	1	1	1	1	1	2	1	2	2	1	1	1	2	1	2	1	2	2	2	1	1	1	2	1	1	1	1	2	1	1	1	1	2	1	1	1	1	1	1	1	1	1	2	1	2	1	2	1	2	1	1	1	1	1	1	1	1	1	1	1	2	2	1	2	2	1	1	1	2	1	2	1	1	2	1	2	2	1	2	1	1	1	2	1	2	1
32	1	1	1	1	2	2	2	1	1	1	1	1	1	1	1	2	1	2	1	2	2	2	2	1	2	1	2	1	1	2	2	2	1	1	1	2	1	1	1	1	1	1	2	1	2	2	1	2	1	2	1	2	1	2	2	2	1	1	1	2	1	1	1	1	2	1	1	1	1	2	1	1	1	1	1	1	1	1	1	2	1	2	1	2	1	2	1	1	1	1	1	1	1	1	1	1	1	2	2	1	2	2	1	1	1	2	1	2	1	1	2	1	2	2	1	2	1	2	1	2	1	2	1
32	1	1	1	1	2	2	2	1	1	1	1	2	1	1	2	1	1	2	1	2	2	2	0	1	1	1	2	1	1	1	1	2	1	1	1	2	1	2	1	1	1	1	2	1	2	2	1	1	1	2	2	2	1	2	2	2	1	1	1	2	1	1	1	2	2	1	1	2	1	2	1	1	1	1	2	2	1	2	1	2	1	2	2	2	1	2	1	1	1	1	1	1	1	2	1	1	1	2	1	1	2	2	1	1	1	2	1	1	2	1	1	2	2	2	1	2	1	1	1	1	2	1	1
33	1	1	1	1	2	2	2	1	1	1	1	1	1	1	2	1	1	2	1	2	2	2	2	1	2	2	1	1	1	1	1	2	1	1	1	2	1	1	1	2	2	1	1	1	2	1	2	2	1	2	2	2	1	2	2	2	1	1	1	1	2	1	1	1	2	1	1	1	1	2	1	1	1	1	1	1	1	1	1	2	1	2	2	2	1	2	1	1	1	1	1	1	1	2	1	1	1	2	2	1	2	1	1	1	1	2	1	1	1	2	2	2	2	2	1	2	1	1	1	2	2	1	2
33	1	1	1	1	2	2	1	1	1	1	2	1	1	1	1	2	1	2	1	2	2	2	1	1	2	2	1	1	1	1	1	2	1	1	2	2	1	1	1	1	2	1	2	1	2	1	1	2	1	2	1	2	1	2	2	2	1	1	1	2	2	1	1	2	2	1	1	1	1	2	1	1	1	1	1	1	1	1	1	2	2	1	1	2	1	2	1	1	1	1	1	2	1	2	1	1	1	2	1	1	2	1	2	1	1	2	1	2	1	2	1	1	2	1	1	2	1	1	1	2	2	2	2
33	1	1	1	1	2	2	1	1	1	1	1	1	1	1	1	2	1	2	1	1	2	2	2	1	2	2	1	1	1	1	1	2	1	1	2	2	2	1	1	2	1	1	1	1	2	1	2	1	2	2	1	2	1	2	2	2	1	1	1	1	2	1	1	1	2	1	1	1	1	2	1	1	1	1	2	1	1	1	1	2	2	1	1	2	1	2	1	1	1	1	1	2	1	2	1	1	1	2	1	1	2	1	1	1	1	2	1	2	1	2	1	1	1	1	1	2	1	1	1	1	2	2	2
34	1	2	1	1	2	2	1	1	1	2	2	1	1	1	1	2	1	2	1	1	2	2	1	1	1	1	2	1	1	1	1	2	1	1	1	2	1	1	1	1	1	1	2	1	2	1	1	1	1	1	1	2	1	2	2	2	1	1	1	1	1	1	1	2	2	1	1	1	1	2	1	1	1	1	1	2	1	2	1	2	1	1	1	2	1	2	1	1	1	1	1	2	1	2	1	1	1	2	1	1	1	2	2	2	1	2	1	2	1	1	1	2	2	2	1	2	1	1	1	1	2	2	1
34	2	2	2	1	2	2	1	1	1	1	2	1	1	1	2	2	1	2	1	1	2	2	1	1	1	1	1	1	1	1	1	2	1	1	1	2	1	1	1	1	1	1	2	1	2	2	1	1	1	1	1	2	1	2	1	2	1	1	1	1	1	1	1	2	2	1	1	1	1	2	1	1	1	1	1	2	1	2	1	2	2	1	1	2	1	2	1	1	1	1	1	2	1	2	1	1	1	2	1	1	2	2	2	1	2	2	1	2	1	1	2	1	2	1	1	2	1	1	1	1	2	2	1
34	2	2	2	1	2	2	1	1	1	1	2	1	1	1	2	2	1	2	1	1	2	2	1	1	2	1	1	1	1	1	1	2	1	1	1	2	1	1	2	1	1	1	2	1	2	1	1	1	1	1	1	2	1	2	1	2	1	1	1	2	1	1	1	1	2	1	1	1	1	2	1	1	1	1	1	2	1	2	1	2	2	1	1	2	1	2	1	1	1	2	1	2	1	2	1	1	1	2	1	1	1	2	2	1	2	1	1	2	1	1	2	2	2	2	1	2	1	1	1	1	2	2	1
35	1	2	1	1	2	1	1	1	1	2	1	1	1	1	1	1	1	2	1	1	2	2	1	1	1	2	1	1	1	1	2	2	1	1	1	2	1	1	1	1	2	0	2	1	2	1	2	2	1	2	1	2	1	2	1	2	1	1	1	1	2	1	1	2	2	1	1	1	1	2	1	2	1	1	1	2	1	2	1	2	2	2	1	2	1	2	1	2	1	1	1	1	1	1	1	1	1	2	2	1	2	2	1	1	2	2	1	2	2	2	1	2	2	1	1	2	1	1	1	1	1	2	1
35	1	2	1	1	2	1	2	1	1	1	1	1	1	1	2	2	1	2	1	1	2	2	1	1	1	1	1	1	1	1	2	2	1	1	1	2	1	1	2	1	2	2	2	2	2	2	1	2	1	1	1	1	1	2	0	2	1	1	1	1	1	1	1	2	2	1	1	1	1	2	1	1	1	1	1	2	1	2	1	2	2	1	1	2	1	2	1	1	1	1	1	1	1	2	1	1	1	2	2	1	2	2	1	1	1	2	1	2	1	1	2	1	2	1	1	2	1	1	1	1	2	2	1
35	1	2	1	1	2	1	1	1	1	1	1	1	1	1	1	2	1	2	1	2	2	2	2	1	1	1	1	1	1	1	2	2	1	1	1	2	1	1	2	2	1	1	2	1	2	2	1	2	1	1	1	2	1	2	2	2	1	1	1	1	1	1	1	2	2	1	1	1	1	2	1	1	1	1	1	2	1	2	2	2	2	2	1	2	1	2	1	1	1	1	1	2	1	2	1	1	1	2	2	1	2	2	1	1	1	2	1	2	1	1	2	1	1	2	1	2	1	1	1	1	1	2	1
36	2	1	2	1	2	1	2	1	1	1	1	1	1	1	2	2	1	2	1	1	2	2	1	1	1	2	1	1	1	1	2	2	1	1	1	2	1	1	2	1	2	0	2	1	2	1	1	2	2	2	1	2	1	2	1	2	2	1	1	2	1	1	1	1	1	1	2	1	1	2	1	1	1	1	2	1	2	1	1	2	2	1	1	2	1	2	1	1	1	1	1	2	1	2	1	1	1	2	2	1	2	2	1	1	2	2	1	1	1	2	2	1	1	1	1	2	1	1	1	2	2	2	1
36	2	1	2	1	2	1	1	1	1	1	2	1	1	1	2	1	1	2	1	1	0	2	2	1	1	1	1	1	1	1	1	2	1	1	1	2	1	1	1	1	2	1	2	1	2	2	1	2	2	1	1	2	1	2	1	2	1	1	1	1	1	1	1	2	1	1	2	1	1	2	1	1	1	1	1	2	2	1	1	2	1	2	1	2	2	2	1	1	1	1	1	2	1	2	1	1	1	2	2	1	2	2	2	1	1	2	1	2	1	1	2	1	2	2	1	2	1	1	1	2	2	1	1
36	2	1	2	1	2	1	1	1	1	1	1	1	1	1	2	2	1	2	1	1	2	2	2	1	1	1	1	1	1	1	2	2	1	1	1	2	1	1	1	1	2	1	2	1	2	1	1	2	2	2	1	2	1	2	1	1	2	1	1	1	1	1	1	1	2	1	2	1	1	2	1	2	1	1	2	2	2	1	1	2	2	2	1	2	1	2	1	1	1	1	1	2	1	2	1	1	1	2	2	1	2	2	1	1	2	2	1	2	1	1	2	1	1	2	1	2	1	1	1	1	2	2	1
37	1	2	1	1	2	1	2	1	1	2	2	1	1	2	2	2	1	2	1	1	2	2	1	1	1	2	1	1	1	1	1	2	1	1	1	2	1	2	1	1	2	2	2	1	2	1	1	1	1	2	1	2	1	2	1	2	1	1	1	2	1	1	1	1	2	1	1	2	2	2	1	1	1	1	1	1	1	2	2	1	2	2	1	2	2	2	1	1	1	1	1	2	2	2	1	1	1	2	2	1	2	2	1	1	1	2	1	2	1	2	1	2	2	1	1	2	1	2	1	1	2	2	1
37	1	2	1	1	2	1	2	1	1	2	1	1	1	1	1	2	1	2	1	1	2	2	1	1	1	2	1	1	1	1	1	2	1	1	1	2	1	2	2	1	2	1	2	2	2	1	1	1	1	2	1	2	1	2	2	2	1	1	1	2	1	1	1	1	2	1	1	1	1	2	1	1	1	1	1	2	2	1	1	1	2	1	1	2	1	2	1	1	1	1	2	2	2	2	1	1	1	2	2	1	2	1	1	1	1	2	1	2	2	2	1	2	1	2	1	2	1	1	1	1	2	2	1
37	1	2	1	1	2	1	2	1	2	2	2	1	1	1	2	2	1	2	1	1	2	2	1	1	1	0	1	1	1	1	1	2	1	1	1	2	1	2	1	1	2	2	2	1	2	1	2	1	1	2	1	1	1	2	2	2	1	1	1	1	1	1	1	1	2	1	2	1	1	2	1	1	1	2	2	2	2	2	1	1	2	1	1	2	2	2	1	2	1	1	2	2	2	2	1	1	1	2	1	1	2	2	1	1	1	2	1	2	1	2	1	1	2	1	1	2	1	1	1	1	2	2	1
38	1	2	1	1	2	1	2	1	2	2	1	1	2	1	2	2	2	2	1	1	2	2	1	1	2	1	1	1	1	1	2	2	1	1	2	2	1	1	2	1	1	1	2	1	2	1	1	1	1	2	1	2	1	2	2	2	1	1	1	1	1	1	1	1	2	1	1	1	1	2	1	2	1	1	2	2	1	2	1	1	2	1	1	2	2	2	2	2	1	1	1	2	2	2	1	1	1	2	1	1	2	1	2	1	1	2	1	2	1	1	2	1	2	2	1	2	1	1	1	2	1	2	1
38	1	2	1	1	2	1	2	1	1	2	1	1	2	1	1	2	1	2	1	1	2	2	1	1	2	2	1	1	1	1	1	2	1	1	1	2	1	1	2	1	2	1	2	1	2	1	2	1	1	2	1	2	1	2	2	2	1	1	1	1	1	1	1	1	2	1	1	1	1	2	1	2	1	1	1	2	1	2	1	1	2	1	1	2	1	2	1	1	2	1	1	2	2	2	1	1	1	2	2	1	1	1	2	1	1	2	1	2	1	1	2	1	2	2	1	2	1	1	1	1	1	2	1
38	2	2	1	1	2	1	2	1	1	2	1	2	2	1	1	2	1	2	1	1	2	2	1	1	1	1	1	1	1	1	1	2	1	1	1	2	1	2	2	1	1	1	2	1	2	1	1	1	1	1	1	2	1	2	2	2	1	1	1	1	1	1	1	1	2	1	1	1	1	2	1	1	1	1	2	2	1	2	1	1	2	1	1	2	1	2	1	1	1	1	1	2	2	2	1	1	1	2	1	1	1	1	1	1	1	2	1	2	1	1	2	1	2	2	1	2	1	1	1	0	1	0	0
39	1	2	1	2	2	1	2	1	1	2	1	1	1	1	1	2	1	2	1	1	2	2	1	1	1	1	1	1	1	1	1	2	1	1	1	2	1	2	2	1	2	1	2	2	2	2	1	1	1	1	1	2	1	2	2	2	1	1	1	2	1	1	1	1	2	1	2	1	1	2	1	1	1	2	1	2	1	2	1	1	2	2	1	2	1	2	1	2	1	1	1	1	2	2	1	1	1	2	1	1	2	1	2	1	1	2	1	2	1	1	1	1	2	2	1	2	1	1	2	1	1	2	1
39	1	1	1	2	2	1	2	1	1	2	1	1	1	1	2	2	1	2	1	1	2	2	1	1	1	0	1	1	1	1	1	2	1	1	1	2	1	1	1	1	2	1	2	1	2	1	1	1	1	1	2	1	1	2	2	2	1	1	1	2	1	2	1	2	2	1	1	1	1	2	1	2	1	1	1	2	2	2	1	1	2	1	1	2	1	2	2	2	1	1	1	1	2	2	1	1	1	2	2	1	2	2	1	1	1	2	1	1	1	2	2	2	2	1	1	2	1	1	1	2	2	2	1
39	1	2	1	2	2	1	2	1	1	2	1	1	1	1	2	2	1	2	1	1	2	2	1	1	1	1	1	1	1	1	1	2	1	1	1	2	1	1	1	1	2	1	2	2	2	1	1	1	2	2	2	2	1	2	2	2	1	1	1	2	1	2	1	1	2	1	1	1	1	2	1	2	1	1	2	2	1	2	1	1	2	2	1	2	1	2	1	2	1	1	1	2	2	2	1	1	1	2	1	1	2	2	2	1	1	2	1	1	1	1	2	1	2	2	1	2	1	1	1	2	1	2	2
40	1	2	1	1	2	2	2	1	2	2	1	1	1	1	1	2	2	2	2	2	2	2	1	1	2	1	1	1	1	1	2	2	1	1	1	2	1	1	2	2	1	2	1	1	2	2	1	1	1	2	1	2	2	2	2	2	1	1	1	2	1	1	1	2	2	1	2	1	1	2	1	1	1	1	2	1	2	2	1	2	2	2	1	2	1	2	1	1	1	1	1	2	1	2	1	1	1	2	2	1	2	2	1	2	1	2	1	2	1	1	1	1	2	2	1	2	1	1	1	1	2	2	1
40	1	2	1	1	2	2	2	1	2	2	1	1	1	1	1	2	2	2	1	2	2	2	1	1	1	1	1	1	1	1	2	2	1	1	1	2	1	1	2	2	1	2	1	1	2	2	1	1	1	2	1	2	2	2	2	2	1	1	1	2	1	1	1	2	2	1	2	1	1	2	1	1	1	1	2	1	2	2	1	2	2	2	1	2	1	2	1	1	1	1	1	2	1	2	1	1	1	2	2	1	2	2	1	2	1	2	1	2	1	1	1	1	2	2	1	2	1	1	1	1	2	2	1
40	1	1	1	1	2	2	2	1	1	2	2	1	1	1	1	2	2	2	1	1	2	2	1	1	2	2	1	1	1	1	1	2	1	1	2	2	1	1	1	1	1	1	2	2	2	1	1	1	1	2	1	2	1	2	2	2	1	1	1	2	1	1	1	2	2	1	2	1	1	2	1	1	1	1	2	1	2	1	1	2	2	2	1	2	1	2	1	2	1	1	1	1	1	1	1	1	1	2	1	1	2	2	2	1	1	2	1	1	1	2	1	2	2	2	1	2	1	1	1	2	2	1	1
41	1	1	2	1	2	1	2	1	1	1	1	1	1	1	1	2	1	2	1	1	2	2	2	1	1	2	1	1	1	1	1	2	2	1	1	2	1	1	1	2	1	1	2	1	2	1	1	1	1	1	2	2	1	2	1	2	2	1	1	2	1	1	1	2	1	1	2	1	1	2	1	1	1	1	1	1	2	1	1	2	1	1	1	2	1	1	1	1	1	1	1	2	1	2	1	1	1	2	2	1	2	2	1	1	1	2	1	2	1	2	2	1	2	1	1	2	1	1	1	1	2	2	2
41	1	1	2	1	2	1	2	1	1	1	1	1	1	1	1	2	1	2	1	1	2	2	2	1	1	2	1	1	1	1	1	2	2	1	1	2	1	1	1	2	1	1	2	1	2	1	1	1	1	1	2	2	1	2	1	2	2	1	1	2	1	1	1	2	1	1	2	1	1	2	1	1	1	1	1	1	2	1	1	2	1	1	1	2	1	1	1	1	1	1	1	2	1	2	1	1	1	2	2	1	2	2	1	1	1	2	1	2	1	2	2	1	2	1	1	2	1	1	1	1	2	2	2
41	1	1	2	1	2	1	2	1	1	1	1	1	1	1	1	2	1	2	1	1	2	2	2	1	2	2	1	1	1	1	1	2	2	1	1	2	2	1	1	2	1	1	2	1	2	1	2	1	1	1	1	2	1	2	1	2	2	1	1	2	1	1	1	2	1	1	2	1	1	2	1	1	1	1	1	0	2	1	1	2	1	1	1	2	1	1	1	1	1	1	1	2	1	2	1	1	1	2	2	1	2	2	1	1	1	2	1	2	1	2	2	1	2	1	1	2	1	1	1	1	2	2	2
42	1	1	1	1	2	2	2	1	1	1	1	2	1	1	1	2	1	2	1	1	2	2	2	1	1	1	1	1	1	1	1	2	1	1	2	2	2	1	2	1	1	1	2	1	2	1	1	1	1	2	2	2	1	2	2	2	1	1	1	2	2	1	1	2	2	1	1	1	1	2	1	1	1	1	1	2	1	2	1	2	2	2	2	2	1	2	1	1	1	1	1	1	1	2	1	1	1	2	2	1	2	1	2	1	1	2	1	2	1	1	1	1	2	2	1	2	1	2	1	1	2	2	2
42	2	1	1	1	2	2	2	1	1	1	1	1	1	1	1	2	1	2	1	1	2	2	2	1	2	1	2	1	1	1	1	2	1	1	1	2	1	1	1	2	2	1	1	1	2	2	1	2	1	1	1	2	1	2	1	2	2	1	1	2	1	1	1	2	2	1	1	1	1	2	1	1	1	1	1	2	1	2	1	2	2	1	1	2	1	2	1	1	1	1	1	1	1	2	1	1	1	2	2	1	2	2	2	1	1	2	1	2	1	1	1	1	2	2	1	2	1	1	1	1	1	2	1
42	1	1	1	1	2	2	2	2	2	1	1	1	1	1	1	2	1	1	1	1	2	2	2	1	1	2	1	1	1	1	1	2	1	1	1	2	2	1	1	1	2	1	2	1	2	2	1	1	1	2	1	2	1	2	2	2	1	1	1	1	2	1	1	2	2	1	1	1	1	2	1	1	1	1	2	1	1	2	1	2	1	1	1	2	1	2	1	1	2	1	1	2	1	2	1	1	1	2	2	1	1	2	1	1	1	2	1	1	1	2	1	1	2	1	1	2	1	1	1	2	2	2	2
43	2	2	1	2	2	1	1	1	1	1	1	1	1	1	1	2	1	2	1	1	2	2	1	1	1	2	1	1	1	1	1	2	1	1	1	2	1	1	2	1	2	1	2	1	2	2	1	1	1	1	1	2	1	2	2	2	1	1	1	2	1	1	1	1	2	1	1	1	1	2	1	1	1	1	1	2	1	2	1	1	2	1	1	2	1	2	1	1	1	1	1	2	2	2	1	1	1	2	1	1	2	1	1	1	1	2	1	2	1	2	1	1	2	1	1	2	1	1	1	1	2	2	1
43	1	2	1	1	2	1	2	1	1	1	1	1	1	1	1	2	1	2	2	1	2	2	1	1	1	2	1	1	1	1	1	2	1	1	1	2	1	1	2	1	1	1	2	1	2	2	1	1	1	1	1	2	1	2	2	2	1	1	1	2	1	1	1	1	2	1	2	1	1	2	1	2	1	1	1	2	1	2	1	1	2	1	1	2	1	2	2	1	1	1	1	2	2	2	1	1	1	2	2	1	2	2	2	1	1	2	1	2	1	2	1	1	2	2	1	2	1	1	2	2	2	1	1
43	1	2	1	2	2	1	2	1	1	2	1	1	1	1	1	2	1	2	1	1	2	2	1	1	1	1	1	1	1	1	1	2	1	1	2	2	1	1	2	1	1	1	1	1	2	2	1	1	1	1	1	2	1	2	1	2	1	1	1	2	1	1	1	1	2	1	1	1	1	1	1	2	1	1	1	2	1	2	1	1	2	1	1	2	1	2	1	1	1	1	1	2	2	2	1	1	1	2	2	1	1	2	2	1	1	2	1	2	1	1	1	1	2	2	1	2	1	1	2	2	2	1	1
44	2	2	1	1	2	1	2	1	1	1	1	1	1	1	1	2	1	2	1	1	2	2	1	1	2	1	0	1	1	1	1	2	1	1	2	2	2	1	1	1	1	1	1	2	2	2	1	1	1	1	2	2	1	2	2	2	1	1	1	2	1	1	1	2	2	1	1	1	1	2	1	1	1	1	1	2	1	2	1	1	2	2	1	2	1	2	1	2	1	1	1	1	2	1	1	1	1	2	1	1	2	2	1	1	1	2	1	2	1	1	2	2	1	1	1	2	1	1	1	2	2	2	1
44	1	2	1	1	2	1	2	1	1	2	1	1	1	1	1	2	1	2	1	1	2	2	1	1	1	1	1	1	1	1	1	2	1	1	1	2	1	2	1	2	2	1	1	1	2	1	1	1	1	2	1	1	1	2	2	2	2	1	1	1	1	1	1	1	2	1	1	1	1	2	1	1	1	1	1	2	1	2	1	1	2	2	1	2	2	2	1	1	1	1	1	1	2	1	1	1	1	2	2	1	2	2	1	1	1	2	1	2	1	1	1	1	2	2	1	2	1	1	1	2	2	2	2
44	1	2	1	1	2	1	2	1	1	2	1	1	1	1	1	2	1	2	1	1	2	2	1	1	2	1	1	1	1	1	1	2	1	1	1	2	1	2	1	2	2	1	1	1	2	1	1	1	1	2	1	1	1	2	2	2	2	1	1	1	1	1	1	1	2	1	1	1	1	2	1	1	1	1	1	2	1	2	1	1	2	2	1	2	2	2	1	1	1	1	1	1	2	1	1	1	1	2	2	1	2	2	1	1	1	2	1	2	1	1	1	1	2	2	1	2	1	1	1	2	2	2	2
45	1	1	1	2	2	1	2	1	1	2	1	1	1	1	2	2	1	2	1	1	2	2	2	1	1	1	1	1	1	1	1	2	1	1	1	2	1	1	2	1	2	1	2	1	2	2	1	1	1	2	1	2	1	2	2	2	1	1	1	2	1	1	1	2	2	1	2	1	1	2	1	1	1	1	2	1	2	2	1	1	2	1	1	2	1	2	2	1	2	1	1	2	2	2	1	1	1	2	2	1	2	2	1	1	1	2	1	2	1	1	2	2	2	2	1	2	1	1	1	1	2	2	1
45	1	1	1	1	2	1	2	1	1	1	1	2	1	1	1	2	1	2	1	1	2	2	1	1	1	2	1	1	1	1	1	2	1	1	1	2	1	2	1	1	1	1	2	1	2	2	1	1	1	1	1	1	1	2	2	2	1	1	1	2	1	1	1	2	2	1	1	1	1	1	1	1	1	1	1	1	2	2	1	1	2	1	1	2	1	2	1	2	1	1	1	2	2	2	1	1	1	2	1	1	2	2	2	1	1	2	1	2	1	2	1	1	2	2	1	2	1	1	1	1	1	2	1
45	1	1	1	2	2	1	2	1	1	2	1	1	1	1	2	2	1	2	1	1	2	2	1	1	1	1	1	1	1	1	1	2	1	1	1	2	1	1	2	1	2	1	1	1	2	2	1	1	1	2	1	2	1	2	2	2	1	1	1	2	1	1	1	2	2	1	2	1	1	1	1	1	1	1	2	1	2	2	1	1	2	1	1	2	1	2	2	1	2	1	1	2	2	2	1	1	1	2	1	1	2	2	1	1	1	2	1	2	1	1	2	2	2	2	1	2	1	1	1	1	2	2	1
46	1	2	1	1	2	1	1	1	1	2	1	1	1	1	2	2	2	2	1	1	2	2	1	1	2	2	1	1	1	1	1	2	1	1	2	2	1	2	2	1	1	1	2	1	2	2	1	1	1	2	1	2	1	2	2	2	1	1	1	2	1	1	1	1	1	1	2	1	1	2	1	1	1	1	2	1	1	1	1	1	2	2	1	2	1	2	1	1	1	2	1	1	2	1	2	1	1	2	1	1	2	1	1	1	1	2	1	2	1	1	1	1	2	1	1	2	1	1	1	1	2	2	2
46	1	2	1	1	2	1	1	1	1	1	1	1	1	1	1	1	2	2	1	1	2	2	1	1	1	2	1	1	1	1	1	2	1	1	2	2	1	2	2	1	2	1	1	2	2	2	1	1	1	2	1	1	1	2	2	2	1	1	1	2	1	1	1	1	1	1	1	1	1	2	1	1	1	1	1	2	1	2	1	1	2	1	1	2	1	2	1	1	1	1	1	2	2	2	1	1	1	2	2	1	2	2	2	1	1	2	1	1	1	2	1	2	2	1	1	2	1	1	1	2	1	2	2
46	1	2	1	1	2	1	2	1	1	2	1	1	1	2	1	2	1	2	1	1	2	2	1	1	1	1	1	1	1	1	1	2	1	1	1	2	1	1	1	1	1	1	2	2	2	2	1	1	1	2	1	2	1	2	2	2	1	1	1	2	1	1	1	1	2	1	1	1	1	2	1	1	1	1	1	2	1	1	1	1	2	2	1	2	1	2	1	1	1	2	1	1	2	1	1	1	1	2	1	1	2	2	1	1	1	2	1	2	1	1	1	1	2	2	1	2	1	1	1	1	2	2	2
47	1	2	1	1	2	2	2	1	1	1	1	1	1	1	1	2	1	2	1	1	2	2	1	1	1	2	1	1	1	1	1	2	1	1	2	2	1	1	2	1	1	1	0	2	2	2	1	1	1	1	2	1	1	2	2	2	1	1	1	2	1	2	1	1	1	1	2	1	1	2	1	1	1	1	1	1	2	1	1	2	1	1	1	2	1	2	1	1	1	1	1	1	1	1	1	1	1	2	2	1	2	2	1	1	1	2	1	2	1	2	1	1	2	1	1	2	1	1	1	1	2	2	2
47	2	2	1	1	2	2	2	1	1	2	2	1	1	1	1	2	1	2	1	1	2	2	1	1	1	2	1	1	1	1	1	2	1	1	2	2	1	2	2	1	2	1	2	2	2	1	1	1	2	2	1	1	1	2	1	2	1	1	1	1	1	1	1	2	1	1	1	2	1	2	1	1	1	1	2	1	2	1	2	2	1	2	1	2	1	2	1	2	1	1	1	2	1	2	1	1	1	2	2	1	2	1	1	1	1	2	2	2	1	2	1	1	2	1	1	2	1	1	1	1	1	2	1
48	1	1	1	1	2	1	1	1	1	2	1	1	1	1	2	2	2	1	1	1	2	2	2	1	2	1	1	1	1	1	2	2	1	1	1	2	1	2	2	2	1	1	2	1	2	1	1	1	1	1	1	2	1	2	2	2	2	1	1	2	2	1	1	2	1	1	1	1	1	2	1	2	1	1	1	1	2	1	2	2	2	2	1	2	1	1	1	1	1	1	1	2	1	2	1	1	1	2	1	1	2	2	1	1	1	2	1	2	1	1	1	1	2	1	1	2	1	1	1	1	2	1	1
48	1	1	1	1	2	1	1	1	1	1	1	1	1	1	2	2	2	2	1	1	2	2	2	1	1	1	1	1	1	1	1	2	1	1	2	2	2	1	2	2	1	1	2	0	2	1	2	1	1	2	1	2	1	2	2	2	1	1	2	1	1	1	1	2	1	1	1	2	1	2	1	2	1	1	1	1	1	1	2	2	1	1	1	2	1	1	1	1	1	2	1	2	1	2	1	1	1	2	1	1	2	2	1	1	1	2	1	2	1	1	1	1	1	1	1	2	1	1	1	1	2	1	2
48	1	2	2	2	2	1	2	1	1	2	1	1	1	1	2	2	1	2	1	1	2	2	2	1	1	2	1	1	1	2	1	2	1	1	1	2	1	2	2	1	2	1	2	1	2	1	1	1	1	1	1	2	1	2	2	2	1	1	1	2	1	1	1	2	1	1	1	1	1	2	1	2	1	1	2	1	2	1	1	2	2	1	1	2	1	2	1	1	1	1	1	2	1	2	1	1	1	2	1	1	1	1	1	1	1	2	1	2	1	2	1	1	1	1	1	2	1	1	2	1	2	2	1
49	1	2	1	1	2	1	1	1	1	2	1	1	1	1	2	2	1	2	1	1	2	2	1	1	1	2	1	1	1	1	1	2	1	1	1	2	1	2	2	1	2	1	1	1	2	1	2	1	1	1	1	2	1	2	2	2	1	1	1	2	1	1	1	1	2	1	1	1	1	2	1	1	1	1	1	2	1	2	1	1	2	1	1	2	1	2	1	2	1	1	1	2	2	2	1	1	1	2	2	1	2	1	1	1	1	2	1	2	2	2	2	1	2	2	1	2	1	1	1	1	2	2	1
49	1	2	1	1	2	1	1	1	1	2	1	1	1	1	2	2	1	2	1	1	2	2	1	1	1	2	1	1	1	1	1	2	1	1	1	2	1	1	2	1	1	1	1	1	2	2	1	1	1	1	1	2	1	2	2	2	1	1	1	2	1	1	1	1	1	1	1	1	1	2	1	1	1	1	1	2	2	1	1	1	2	1	1	2	1	2	1	1	1	1	1	2	2	2	1	1	1	2	2	1	2	2	2	1	1	2	1	2	1	2	1	2	2	2	1	2	1	2	1	1	1	2	1
49	1	2	1	1	2	1	1	1	1	2	1	1	1	1	2	2	1	2	1	1	2	2	1	1	1	1	1	1	1	1	1	2	1	1	2	2	1	1	2	2	1	1	1	1	2	1	2	1	1	1	1	2	1	2	1	2	1	1	1	2	1	1	1	2	1	1	1	1	1	2	1	1	1	1	1	1	1	2	1	1	2	1	1	2	1	2	2	1	1	1	1	2	2	2	1	1	1	2	2	1	2	2	1	1	1	2	1	2	2	1	1	1	2	1	1	2	1	1	1	2	2	1	1
50	1	1	2	1	2	1	1	1	1	2	1	1	1	1	2	2	1	2	1	2	2	2	1	1	2	1	2	1	1	1	1	2	1	1	1	2	1	1	1	1	2	1	1	1	2	1	2	1	1	1	1	2	1	2	2	0	1	1	1	1	1	1	1	2	1	1	1	1	1	2	1	1	1	1	2	1	1	2	1	1	2	2	1	2	1	2	1	2	1	1	1	2	2	2	1	1	1	2	1	1	2	2	2	1	1	2	1	2	1	1	1	2	2	1	1	2	1	1	1	1	2	2	1
50	1	1	1	1	2	2	1	1	1	1	1	1	1	1	1	2	1	1	1	1	2	2	1	1	1	1	2	1	1	1	2	2	1	1	1	2	2	1	1	1	2	1	1	2	2	2	1	1	1	2	2	2	1	2	2	2	1	1	1	1	1	1	1	2	1	1	1	1	1	2	1	1	1	2	1	2	1	2	1	1	2	2	1	2	1	2	1	1	1	1	1	2	2	2	1	1	1	2	1	1	2	2	2	1	1	2	1	2	1	1	1	1	2	2	1	2	1	1	2	2	1	2	1
51	2	2	2	2	2	1	1	1	1	1	1	1	1	1	2	2	1	2	1	1	2	2	1	1	1	2	1	1	1	1	1	2	1	1	1	2	1	2	1	1	2	1	2	1	2	1	1	1	1	2	2	2	1	2	2	2	1	1	1	2	1	1	1	1	2	1	1	1	1	2	1	1	1	1	1	1	1	2	1	1	2	1	1	2	1	2	1	1	1	1	2	2	2	2	1	1	1	2	2	1	2	1	2	1	1	2	1	2	1	2	2	1	2	1	1	2	1	1	1	2	2	2	2
51	2	2	2	1	2	1	2	1	1	1	1	1	1	1	1	2	1	2	1	1	2	2	1	1	1	2	1	1	1	1	2	2	1	1	1	2	1	1	2	2	1	2	2	1	2	2	1	1	1	2	1	2	1	2	2	2	2	1	1	2	1	1	1	1	2	1	1	1	1	2	1	1	1	1	1	2	1	1	1	1	2	1	1	2	1	2	1	1	1	2	1	1	2	2	1	1	1	2	2	1	2	2	1	1	1	2	1	2	1	2	2	1	2	1	1	2	1	1	1	2	2	2	1
51	1	2	1	2	2	1	2	1	1	2	1	1	1	1	2	2	1	2	1	1	2	2	1	1	1	0	1	1	1	1	1	2	1	1	1	2	1	1	2	1	1	1	1	1	2	1	1	1	1	1	1	1	1	2	2	2	1	1	1	2	1	1	1	1	2	1	1	1	1	2	1	1	1	1	1	1	1	2	1	1	2	1	1	2	1	2	1	1	1	1	2	1	2	1	1	1	1	2	1	1	2	2	1	1	1	2	1	2	1	2	2	1	2	1	1	2	1	1	1	1	2	2	2
52	1	1	1	1	2	1	2	1	1	1	1	1	1	1	1	2	1	2	1	1	2	2	1	1	1	1	1	1	1	1	1	2	1	1	1	2	1	1	1	1	1	1	2	1	2	2	1	2	1	2	1	2	1	2	2	2	1	1	1	2	1	1	1	2	1	1	2	2	1	2	1	2	1	1	1	2	1	1	1	2	2	1	1	2	1	2	1	2	1	1	1	2	1	2	1	1	1	2	2	1	2	1	2	2	1	2	1	2	1	1	1	1	1	2	1	2	1	1	1	2	2	1	1
52	1	1	1	1	2	1	1	1	1	1	1	1	1	1	1	2	1	2	1	1	2	2	1	1	2	1	2	1	1	1	1	2	1	1	1	2	1	2	1	1	1	1	2	1	2	2	1	1	1	2	1	2	1	2	2	2	1	1	1	2	1	1	1	2	1	1	2	2	1	2	1	2	1	1	1	2	1	1	1	2	2	1	1	2	1	2	1	2	1	1	1	2	1	2	1	1	1	2	2	1	2	1	2	2	1	2	1	2	1	1	1	1	1	2	1	2	1	1	1	2	2	1	1
53	1	2	1	1	2	1	2	1	1	1	1	1	1	1	1	2	1	2	1	1	2	2	1	1	1	2	1	1	1	1	2	2	1	1	1	2	1	1	1	2	2	1	2	1	2	2	1	1	2	1	1	2	1	2	1	2	1	1	2	2	1	1	1	2	2	1	2	1	1	2	1	1	1	1	1	2	1	1	1	2	2	1	1	2	1	2	1	1	1	1	1	2	1	2	1	1	1	2	1	1	1	2	2	1	1	2	1	2	1	2	1	2	2	1	1	2	1	1	1	1	2	2	1
53	1	2	1	1	2	1	2	1	1	1	1	2	1	1	1	2	1	2	1	1	2	2	1	2	1	2	1	1	1	1	2	2	1	1	1	2	1	2	1	1	2	1	2	1	2	2	1	1	1	1	1	2	1	2	2	2	1	1	1	2	1	1	1	2	2	1	2	1	1	2	1	1	1	1	1	1	1	1	1	2	2	2	1	2	2	2	1	1	1	1	1	1	1	1	1	1	1	2	1	1	1	1	1	1	1	2	1	2	1	2	1	2	2	1	1	2	1	2	1	1	2	1	2
53	1	2	1	1	2	1	2	1	1	1	1	2	1	1	1	2	1	2	1	1	2	2	0	1	2	1	1	1	1	1	1	2	1	1	1	2	1	2	1	1	2	1	2	2	2	1	1	2	1	1	1	2	1	2	2	2	1	1	1	1	1	1	1	2	2	1	2	1	1	2	1	1	1	1	1	2	1	1	1	2	2	2	1	2	1	2	1	1	1	1	1	2	1	2	1	1	1	2	1	1	2	2	1	1	2	2	1	2	1	1	1	1	2	1	1	2	2	2	1	1	2	1	1
54	1	1	1	1	2	1	1	1	1	2	2	1	1	1	1	2	1	2	1	1	2	2	2	1	2	1	1	1	1	0	1	2	1	1	1	2	1	1	2	1	1	1	2	1	2	1	1	1	1	1	1	2	1	2	2	2	1	1	1	2	1	1	1	1	2	1	2	1	1	2	1	1	1	1	1	1	2	1	1	1	2	2	1	2	1	2	1	1	1	1	1	1	1	2	1	1	1	2	1	1	2	2	1	1	1	2	1	2	1	1	2	2	2	1	1	2	1	1	1	1	2	2	1
54	1	1	1	1	2	1	1	1	1	2	1	1	1	1	1	2	1	2	1	1	2	2	2	1	1	1	1	1	1	1	1	2	1	1	1	2	1	1	2	1	1	1	2	1	2	1	1	1	1	2	1	2	1	2	1	2	1	1	1	2	1	1	1	2	2	1	1	1	1	2	1	1	1	1	2	1	2	1	1	1	2	1	1	2	1	1	2	1	1	1	1	1	1	2	1	1	1	2	2	1	2	1	1	1	1	2	1	1	1	1	1	2	1	1	1	2	1	1	1	1	2	1	1
55	1	2	1	0	2	1	2	1	1	2	1	1	1	1	2	2	1	2	1	2	2	2	1	1	1	1	1	1	1	1	1	2	1	1	1	2	2	1	2	1	2	1	1	1	2	1	1	1	1	2	1	2	1	2	2	2	1	1	1	2	1	1	1	1	2	1	2	2	1	2	1	1	1	1	1	2	1	1	1	1	2	2	1	2	1	2	1	2	1	1	1	1	2	2	1	1	1	2	2	1	2	2	2	1	1	2	1	2	2	2	2	2	2	2	1	2	1	1	1	1	1	2	1
55	1	2	1	1	2	1	2	1	1	1	1	1	1	1	2	2	1	2	1	2	1	2	1	1	1	2	1	1	1	1	2	2	1	1	1	2	2	2	1	2	2	1	1	1	2	1	1	1	2	1	1	1	1	2	2	2	1	1	1	2	1	1	1	1	2	1	2	2	1	2	1	1	1	1	1	2	1	1	1	1	2	1	1	2	1	2	1	2	1	1	1	1	2	2	1	1	1	2	1	1	2	2	2	1	1	2	1	2	1	1	2	2	2	2	1	2	1	1	1	2	2	2	1
55	1	2	1	1	2	1	2	1	1	2	1	1	1	1	2	2	1	2	1	1	2	2	1	1	1	2	1	1	1	1	2	2	1	1	1	2	2	2	2	2	2	1	1	1	2	1	1	1	2	1	2	2	1	2	2	2	1	1	1	2	1	1	1	1	2	1	2	1	1	2	1	1	1	1	1	2	1	2	1	1	2	1	1	2	1	2	1	2	1	1	1	1	2	2	1	1	1	2	1	1	2	1	2	1	1	2	1	2	1	2	2	2	1	2	1	2	1	1	1	2	2	2	1
56	2	2	1	1	2	1	2	1	1	1	1	2	1	1	2	2	1	2	1	1	2	2	1	1	1	1	1	1	1	2	1	2	1	1	1	2	1	1	1	1	2	1	1	1	2	2	1	1	1	1	1	2	1	2	2	2	1	1	1	1	1	2	1	2	2	1	1	1	1	2	1	1	1	1	2	1	1	2	1	1	2	2	1	2	1	2	1	1	1	1	1	1	2	1	1	1	1	2	2	1	1	2	1	1	1	2	1	2	1	1	2	1	1	1	1	2	1	1	1	1	1	1	1
56	2	2	1	1	2	1	2	1	1	1	1	2	1	1	2	2	1	2	1	1	2	2	1	1	1	1	1	1	1	2	1	2	1	1	1	2	1	1	2	1	2	1	1	1	2	2	1	1	1	1	1	2	1	2	1	2	1	1	1	1	1	2	1	2	2	1	1	1	1	2	1	1	1	1	2	1	1	2	1	1	2	2	1	2	1	2	1	1	1	1	1	1	2	1	1	1	1	2	2	1	1	2	1	1	1	2	1	2	1	1	1	1	1	1	1	2	1	1	1	2	1	2	1
56	2	2	1	1	2	1	2	1	1	1	1	2	1	1	2	2	1	2	1	1	2	2	1	1	1	1	1	1	1	2	1	2	1	1	1	2	1	2	2	1	2	1	1	1	2	2	1	1	1	1	1	2	1	2	1	2	1	1	1	1	1	2	1	2	2	1	1	1	1	2	1	1	1	1	2	1	1	2	1	1	2	2	1	2	1	2	1	2	1	1	1	2	2	2	1	1	1	2	2	1	1	2	1	1	1	2	1	2	1	1	2	1	1	1	1	2	1	1	1	2	2	1	2
57	1	2	2	1	2	1	2	1	1	1	1	1	1	1	2	2	1	2	2	1	2	2	2	1	2	2	1	1	1	1	1	2	1	1	1	2	1	1	2	1	1	1	2	1	2	1	1	1	1	1	1	2	1	2	2	2	1	1	1	1	2	2	1	2	1	1	1	2	1	2	1	1	1	1	1	1	2	2	1	2	1	1	1	2	1	2	1	1	1	1	1	2	1	2	1	1	1	2	2	1	2	2	1	1	2	2	1	2	1	2	2	2	1	2	1	2	1	1	1	1	1	1	2
57	1	2	2	1	2	1	2	1	1	1	1	1	1	1	2	2	1	2	1	1	2	2	2	1	2	2	2	1	1	1	1	2	1	1	1	2	1	1	2	1	1	1	2	1	2	1	1	2	1	1	2	2	1	2	2	2	1	1	1	1	2	2	1	2	1	1	1	2	1	2	1	1	1	1	1	1	2	2	1	2	1	1	1	2	1	2	1	1	1	1	1	2	1	2	1	1	1	2	2	1	2	2	1	1	2	2	1	2	1	2	2	2	1	2	1	2	1	1	1	1	1	1	2
57	1	2	2	1	2	1	2	1	1	1	1	2	1	1	2	2	1	2	1	1	2	2	2	1	1	2	1	1	1	1	1	2	1	1	1	2	1	1	2	1	1	1	2	1	2	1	1	1	1	1	1	2	1	2	2	2	1	1	1	2	1	1	1	1	1	1	1	2	1	2	1	1	1	1	1	1	2	2	1	2	1	1	1	2	1	2	1	1	1	1	1	2	1	2	1	1	1	2	1	1	2	2	1	1	2	2	2	2	1	2	2	1	1	1	1	2	1	1	1	1	2	2	2
58	1	2	1	1	2	1	1	1	2	2	1	1	1	1	1	2	1	2	1	1	2	2	2	1	1	2	1	1	1	1	2	2	1	1	1	2	1	1	1	2	1	1	2	1	2	1	1	1	2	2	1	1	1	2	1	2	1	1	2	2	1	1	1	1	1	1	1	1	1	2	1	1	1	1	2	1	2	1	1	2	1	1	1	2	2	2	1	1	1	2	1	2	1	2	1	1	1	2	1	1	2	2	2	1	1	2	1	2	1	2	1	1	2	1	1	2	1	1	1	1	1	2	1
58	1	2	1	1	2	1	1	1	2	1	1	1	1	1	2	2	1	2	1	1	2	2	1	1	2	2	1	1	1	1	1	2	1	1	1	2	1	2	1	2	1	1	2	1	2	1	1	1	2	2	1	2	1	2	2	1	2	1	1	2	1	1	1	2	1	1	1	1	1	2	1	1	1	1	1	1	1	2	1	2	2	1	1	2	1	2	1	1	1	2	1	2	1	2	1	1	1	2	1	1	2	2	1	1	1	2	1	2	1	1	1	1	2	1	1	2	1	2	1	1	2	2	1
58	1	2	1	1	2	1	2	1	1	1	1	1	1	1	1	2	2	1	1	1	2	2	2	1	2	2	1	1	1	1	2	2	1	1	1	2	1	1	1	2	1	1	2	1	2	1	2	2	1	2	2	2	1	2	2	2	1	1	2	2	1	1	1	2	2	1	1	1	1	2	1	1	1	1	1	1	2	2	1	2	1	2	1	2	2	2	2	1	1	2	1	2	1	2	1	1	1	2	1	1	2	2	2	1	1	2	1	1	1	2	1	1	2	1	1	2	1	1	1	1	2	2	1
59	2	2	1	1	2	1	1	1	1	1	2	1	1	1	2	2	1	2	1	1	2	2	1	1	1	2	2	1	1	1	1	2	1	1	1	2	1	2	1	1	2	1	2	2	2	1	1	1	1	1	1	2	1	2	2	2	1	1	1	1	1	1	1	2	1	1	1	1	1	2	1	1	1	1	0	1	1	2	1	2	2	1	2	2	1	2	1	1	1	1	1	2	1	2	2	2	1	2	1	1	2	1	1	1	1	2	1	2	1	2	1	2	2	1	1	2	1	1	1	1	2	2	1
59	1	2	1	1	2	1	1	1	1	2	1	2	1	1	1	2	1	2	1	1	2	2	1	1	1	2	1	1	1	1	1	2	1	1	2	2	1	1	1	1	1	1	2	2	2	1	2	1	1	1	1	2	1	2	2	2	1	1	1	2	2	1	1	2	1	1	1	1	1	2	1	2	1	1	1	1	1	1	1	2	1	1	2	2	1	2	1	2	1	1	1	2	1	2	2	2	1	2	1	1	2	2	2	1	1	2	1	2	1	2	2	1	1	1	1	2	1	1	2	1	2	2	1
59	1	1	1	1	2	1	1	1	1	1	1	2	1	1	1	2	1	2	1	1	2	2	1	1	1	1	1	1	1	1	2	2	1	1	1	2	1	2	1	1	1	1	2	1	2	1	1	1	1	2	1	1	1	2	2	2	1	1	1	1	1	1	1	1	1	1	1	2	1	2	1	1	1	1	1	2	1	1	1	1	1	1	1	2	1	1	1	1	1	2	1	2	1	2	1	1	1	2	2	1	2	2	1	1	1	2	1	2	1	1	2	2	2	1	1	2	1	1	2	1	2	2	1
60	1	1	1	1	2	1	1	1	1	2	1	2	1	1	1	2	1	2	1	1	2	2	2	1	1	2	1	1	1	1	1	2	1	1	2	2	2	1	2	1	2	1	2	1	2	2	1	1	1	1	1	2	1	2	2	2	1	1	1	1	1	1	1	1	1	1	1	1	1	2	1	1	1	1	1	1	1	2	1	1	2	1	1	2	1	2	1	1	1	1	1	2	1	2	1	1	1	2	2	1	2	2	1	1	1	2	1	2	1	2	2	2	2	1	1	2	1	1	2	1	2	2	1
60	1	2	1	1	2	2	2	1	1	1	1	2	1	1	2	2	1	2	1	1	2	2	1	1	1	2	1	1	1	1	1	2	1	1	2	2	2	1	1	1	2	1	2	2	2	1	1	1	1	2	2	2	1	2	2	2	1	1	1	2	1	1	1	2	2	1	1	1	1	2	1	1	1	1	1	1	1	1	1	1	2	2	1	2	1	2	1	1	1	2	1	2	1	2	1	1	1	2	2	1	2	1	1	1	1	2	1	2	1	2	2	1	2	1	1	2	1	1	2	1	2	2	1
60	1	2	1	1	2	1	1	1	1	2	1	2	1	1	1	2	1	2	1	1	2	2	1	1	2	1	1	1	1	1	1	2	1	1	1	2	1	1	2	1	1	1	2	2	2	2	1	1	1	2	2	2	1	2	2	2	1	1	1	2	1	2	1	2	1	1	1	1	1	2	1	1	1	2	2	2	1	1	1	1	2	2	1	2	1	2	1	1	1	1	1	2	1	2	1	1	1	2	2	1	2	1	1	1	1	2	1	2	1	1	2	1	2	2	1	2	1	1	1	1	2	2	1
61	1	2	1	1	2	1	1	1	1	1	1	1	1	2	2	2	1	1	1	1	2	2	1	1	1	1	1	1	2	1	1	2	1	1	2	1	2	2	1	2	1	1	2	2	2	1	1	1	1	1	2	1	1	2	2	2	1	2	1	1	2	1	1	1	1	1	1	1	1	2	1	1	1	1	1	2	2	1	1	1	1	1	2	1	1	2	1	1	1	1	1	2	1	2	1	1	1	2	1	2	1	2	1	1	1	2	1	2	1	1	1	1	2	1	1	1	2	1	1	1	1	2	1
61	1	2	1	1	2	1	1	1	1	1	1	1	1	2	2	2	1	1	1	1	2	2	2	1	2	1	2	1	1	1	1	1	1	1	1	2	2	2	1	2	1	1	2	2	2	1	1	1	1	1	2	1	1	2	2	2	1	2	1	1	2	1	1	1	1	1	1	1	2	2	1	1	1	1	1	1	2	2	1	1	2	1	2	1	1	1	1	1	1	1	1	2	2	2	1	1	1	2	1	2	1	2	1	1	1	2	1	2	1	1	1	1	2	1	1	1	1	1	1	1	1	2	1
61	1	2	1	1	2	1	1	1	1	1	2	1	1	2	2	2	1	1	1	1	2	2	1	1	1	1	2	1	1	1	1	1	1	1	1	1	2	2	2	2	1	1	1	2	2	2	1	1	1	1	2	2	1	2	2	1	1	2	1	1	2	1	1	1	1	1	1	1	1	2	1	1	1	1	1	1	2	1	1	1	2	1	1	1	1	1	1	1	1	1	1	2	2	2	1	1	1	2	1	2	1	2	1	1	1	2	1	2	1	1	1	1	2	1	1	2	1	1	1	1	1	2	1
62	1	1	1	1	2	1	2	1	1	1	2	1	1	1	1	2	1	2	1	1	2	2	1	1	2	2	2	1	1	1	1	2	1	1	1	2	1	2	2	1	1	1	2	1	2	1	1	1	1	1	2	1	1	2	2	2	1	1	1	2	1	1	1	1	1	1	1	1	1	2	1	1	1	1	1	1	1	2	1	2	1	1	1	2	1	2	2	1	1	1	1	1	1	2	1	1	1	2	2	1	2	2	1	1	2	2	1	2	1	2	1	1	2	1	1	2	1	1	1	2	2	2	1
62	1	2	1	1	2	1	2	1	1	1	1	1	1	1	1	1	1	2	1	1	2	2	1	1	1	2	1	1	2	2	1	2	1	1	1	2	2	1	1	1	1	1	2	1	2	1	1	1	1	1	1	2	1	2	2	2	1	1	1	1	1	1	1	1	1	1	1	1	1	2	1	1	1	1	2	1	1	1	1	2	1	1	1	2	1	2	1	1	1	1	1	2	1	2	1	1	1	2	2	1	2	2	1	1	2	2	1	2	1	2	2	1	2	1	1	2	1	1	1	1	2	2	1
62	1	1	1	1	2	1	1	1	1	2	2	1	1	1	1	2	1	2	1	1	2	2	1	1	1	2	1	1	1	1	1	2	1	1	1	2	1	1	2	1	1	1	2	1	2	1	1	1	1	1	1	1	1	2	2	2	1	1	1	2	1	1	1	1	1	1	1	2	1	2	1	1	1	1	2	1	1	2	1	2	1	1	2	2	1	2	2	1	1	2	1	2	1	2	1	1	1	2	1	1	2	2	1	1	2	2	1	2	1	2	2	1	2	1	1	2	1	1	1	1	2	2	2
63	2	1	1	1	2	1	1	1	1	2	1	2	1	1	1	2	1	2	1	1	2	2	1	1	2	2	1	1	1	2	1	2	1	1	1	2	1	2	1	2	2	2	2	1	2	1	1	1	2	1	1	2	1	2	2	2	1	1	1	1	1	2	1	2	1	1	1	1	1	2	1	1	1	1	1	2	1	2	1	1	2	1	1	2	1	2	1	1	1	2	1	2	1	2	1	1	1	2	1	1	2	2	1	1	1	2	1	2	1	2	1	1	1	2	1	2	1	1	1	2	2	2	1
63	1	2	1	1	2	1	2	1	1	2	1	1	1	1	2	2	1	2	1	1	1	2	2	1	1	2	1	1	1	2	1	2	1	1	2	2	1	2	2	1	2	1	2	1	2	1	1	1	1	1	1	1	1	2	2	2	1	1	1	1	1	2	1	2	2	1	1	1	1	2	1	1	1	1	1	2	1	1	1	1	2	1	1	2	1	2	1	1	1	1	1	2	1	2	1	1	1	2	1	1	2	1	2	1	1	2	1	2	1	2	2	1	2	2	1	2	1	1	1	2	1	1	1
63	1	1	1	1	2	1	1	1	1	2	1	1	1	1	2	2	1	2	1	1	1	2	2	1	1	1	1	1	1	1	1	2	1	1	2	2	1	2	2	0	2	1	2	1	2	1	1	1	1	1	1	2	1	2	2	2	1	1	1	2	1	1	1	1	2	1	1	1	1	2	1	1	1	1	1	2	1	1	1	1	2	1	1	2	1	2	2	1	1	1	1	2	1	2	1	1	1	2	1	1	1	2	1	1	1	2	1	2	1	1	2	2	2	2	1	2	1	1	1	2	2	2	1
64	1	2	1	1	2	1	1	2	1	1	2	2	2	1	1	2	1	2	1	1	2	1	1	1	2	1	2	1	2	2	1	1	1	1	1	1	2	2	1	2	1	2	2	2	2	1	1	1	1	1	2	2	1	2	2	2	1	2	1	1	2	1	1	2	2	1	1	1	1	2	1	1	1	1	1	1	1	2	1	1	1	1	2	1	1	1	1	1	2	1	1	2	2	2	1	1	1	2	1	2	1	2	1	1	1	2	1	2	1	1	1	2	2	1	1	1	2	1	1	1	1	1	1
64	1	2	1	1	2	1	1	2	1	1	2	1	2	1	1	2	1	2	1	1	2	2	1	1	1	1	2	1	2	2	1	1	1	1	1	1	2	1	2	2	1	2	2	2	2	1	1	2	1	1	2	2	1	2	2	2	1	2	1	1	2	1	1	1	2	1	1	1	1	2	1	1	1	1	1	2	1	2	1	1	2	1	2	2	1	2	1	1	1	1	1	2	2	2	2	2	1	2	1	2	1	2	1	1	1	2	1	2	1	1	1	2	2	2	1	2	2	1	1	2	1	1	1
64	1	2	1	1	2	1	1	2	1	1	2	1	2	1	1	2	1	2	1	1	2	1	1	1	1	1	2	1	2	2	1	2	1	1	1	1	2	1	1	2	2	2	2	1	2	1	1	1	1	1	1	2	1	2	2	2	1	2	1	2	2	1	1	1	1	1	1	1	1	2	1	1	1	1	1	1	1	2	1	1	2	1	2	1	1	1	1	1	1	1	1	2	2	2	2	2	1	2	1	2	1	2	1	1	1	2	1	2	1	1	1	2	2	1	1	1	2	1	1	1	2	1	1
65	2	1	1	1	2	1	1	1	1	2	2	1	1	1	1	1	1	2	1	1	2	2	2	2	1	2	1	1	1	1	1	2	1	1	1	2	1	2	1	2	2	1	2	1	2	1	1	1	1	1	1	2	1	2	1	2	2	1	1	1	1	1	1	1	2	1	1	1	1	2	1	1	1	1	1	2	1	2	1	1	2	1	1	2	1	2	1	1	1	1	1	2	1	2	1	1	1	2	1	1	1	1	2	1	1	2	1	2	1	2	2	1	2	1	1	2	1	1	1	2	2	2	1
65	2	1	1	1	2	2	1	1	1	2	2	1	1	1	1	2	1	2	1	1	2	2	2	2	2	2	2	1	1	1	1	2	1	1	1	2	1	1	2	2	1	1	2	1	2	1	1	1	1	1	1	2	1	2	1	2	2	1	1	1	1	1	1	2	2	1	1	1	1	2	1	1	0	1	1	2	1	2	1	1	2	1	1	2	1	2	1	1	1	1	1	2	1	2	1	1	1	2	1	1	2	2	2	1	1	2	1	2	1	2	2	1	2	1	1	2	1	1	1	2	2	2	1
65	2	1	1	1	2	2	1	1	1	2	2	1	1	1	1	2	1	2	1	1	2	2	2	1	1	2	2	1	1	1	1	2	1	1	1	2	1	1	2	2	1	1	2	1	2	2	1	1	1	1	1	2	1	2	2	2	2	1	1	1	1	1	1	2	2	1	1	1	1	2	1	1	1	1	1	2	1	2	1	1	2	1	1	2	1	2	1	1	1	1	1	2	1	2	1	1	1	2	1	1	2	2	2	1	1	2	1	2	1	2	2	1	2	1	1	2	1	1	1	2	2	2	1
66	1	2	1	1	2	1	1	1	1	1	1	1	2	2	1	2	1	2	2	1	1	1	1	1	1	1	1	1	2	2	1	1	2	1	1	1	2	2	1	2	2	1	1	1	2	1	1	2	1	2	2	2	2	2	2	1	1	2	1	1	2	1	2	0	1	1	1	2	1	2	1	1	1	1	1	1	1	2	2	1	1	1	2	1	1	1	1	1	1	1	1	2	2	2	1	1	1	2	1	1	1	2	1	1	1	2	1	2	1	1	1	2	2	1	1	2	1	2	1	1	1	1	1
66	1	2	1	1	2	1	1	2	1	1	2	1	2	1	1	2	1	2	2	1	1	1	1	1	1	1	2	2	2	2	1	1	2	1	1	1	2	2	1	2	2	1	1	1	2	2	1	1	1	2	2	2	1	2	2	1	1	2	1	1	2	1	1	2	1	1	1	2	1	2	1	1	1	1	1	2	1	2	2	1	1	1	2	1	2	1	1	1	1	1	1	2	2	2	1	1	1	1	1	1	1	2	1	1	1	2	1	2	1	1	1	2	2	1	1	2	1	2	1	1	1	1	1
66	1	2	1	1	2	1	1	2	1	1	2	1	1	1	1	2	1	2	2	1	1	1	1	1	1	1	2	2	2	2	1	1	2	1	1	1	2	2	1	2	1	1	1	1	2	2	1	2	1	2	2	2	1	2	2	2	1	2	1	1	2	1	1	2	2	1	1	2	1	2	1	1	1	1	1	1	1	2	2	1	1	1	2	1	2	2	1	1	1	1	1	2	2	2	1	1	1	1	1	1	1	2	1	1	1	2	1	2	1	1	2	2	1	1	1	2	2	2	1	1	1	1	1
67	1	2	1	1	2	1	1	1	1	1	1	1	2	1	1	2	1	1	2	1	1	1	1	1	1	1	1	2	2	2	1	1	2	1	1	1	2	2	1	2	2	1	1	1	2	1	1	2	1	2	2	2	2	2	2	1	1	2	1	1	2	1	1	2	1	1	1	1	1	2	1	1	2	1	1	2	1	2	2	1	2	1	2	1	2	1	1	1	1	1	1	2	2	2	1	1	1	2	1	1	1	2	1	1	1	2	1	2	1	1	1	2	2	2	2	2	1	2	1	1	1	1	1
67	1	2	1	1	2	1	1	1	1	1	1	1	2	2	2	2	1	1	1	1	1	0	1	1	2	1	1	2	2	2	1	1	2	1	1	1	2	2	1	2	1	1	1	1	2	1	1	2	1	2	2	2	2	2	2	1	1	2	1	1	2	1	1	2	1	1	1	2	1	2	1	1	2	1	1	2	1	2	2	1	2	1	2	1	1	1	1	1	1	1	1	2	2	2	1	1	1	2	1	1	1	2	1	1	1	2	1	2	1	1	1	2	2	2	1	2	1	2	1	1	1	1	1
67	1	2	1	1	2	1	1	1	1	1	1	1	1	2	2	2	1	1	2	1	1	1	1	1	0	1	1	2	2	2	1	1	2	1	1	1	2	2	1	2	2	2	1	1	2	1	1	2	1	2	2	2	2	2	2	1	1	2	1	1	2	1	1	2	1	1	1	2	1	2	1	1	2	1	1	2	1	2	2	1	2	1	2	1	2	1	1	1	2	1	1	2	2	2	1	1	1	1	1	1	1	2	1	1	1	2	1	2	1	1	1	2	2	2	1	2	1	2	1	1	1	1	1
68	1	2	1	2	2	1	1	1	1	1	1	1	1	1	1	2	1	2	1	1	1	2	1	1	1	1	2	1	2	2	1	1	1	1	1	1	1	2	1	2	2	1	1	2	2	1	1	2	1	2	1	2	1	2	2	1	0	0	0	0	0	0	0	0	0	0	0	0	0	0	0	0	0	0	0	0	0	0	0	0	0	0	0	0	0	0	0	0	0	0	0	0	0	0	0	0	0	0	0	0	0	0	0	0	0	0	0	0	0	0	0	0	0	0	0	0	0	0	0	0	0	0	0
68	1	2	1	1	2	1	1	1	1	1	1	1	1	1	2	2	1	1	1	1	1	2	1	1	1	1	2	2	2	2	1	1	1	1	1	1	2	2	1	2	2	1	1	2	2	1	1	1	1	2	2	2	2	1	2	2	0	0	0	0	0	0	0	0	0	0	0	0	0	0	0	0	0	0	0	0	0	0	0	0	0	0	0	0	0	0	0	0	0	0	0	0	0	0	0	0	0	0	0	0	0	0	0	0	0	0	0	0	0	0	0	0	0	0	0	0	0	0	0	0	0	0	0
68	1	2	1	1	2	1	1	1	1	1	1	2	2	1	2	2	1	2	1	1	2	2	1	1	1	1	2	2	2	2	1	1	1	1	1	1	2	2	1	2	2	1	1	2	2	1	1	1	1	2	2	2	2	2	2	1	0	0	0	0	0	0	0	0	0	0	0	0	0	0	0	0	0	0	0	0	0	0	0	0	0	0	0	0	0	0	0	0	0	0	0	0	0	0	0	0	0	0	0	0	0	0	0	0	0	0	0	0	0	0	0	0	0	0	0	0	0	0	0	0	0	0	0
69	1	2	1	1	2	1	1	1	1	1	1	1	1	1	1	2	1	2	2	1	1	1	1	1	1	1	1	2	2	2	1	1	2	1	1	1	2	2	1	2	1	1	1	2	2	2	1	1	1	2	2	2	2	2	2	1	0	0	0	0	0	0	0	0	0	0	0	0	0	0	0	0	0	0	0	0	0	0	0	0	0	0	0	0	0	0	0	0	0	0	0	0	0	0	0	0	0	0	0	0	0	0	0	0	0	0	0	0	0	0	0	0	0	0	0	0	0	0	0	0	0	0	0
69	1	2	1	1	2	1	1	1	1	1	1	1	1	1	1	2	1	2	1	1	1	1	1	1	1	1	2	2	2	2	1	1	2	1	1	1	2	2	1	2	1	1	1	2	2	1	1	1	1	2	2	1	1	2	2	1	0	0	0	0	0	0	0	0	0	0	0	0	0	0	0	0	0	0	0	0	0	0	0	0	0	0	0	0	0	0	0	0	0	0	0	0	0	0	0	0	0	0	0	0	0	0	0	0	0	0	0	0	0	0	0	0	0	0	0	0	0	0	0	0	0	0	0
69	1	2	1	1	2	1	1	1	1	1	1	1	2	2	2	2	1	2	1	1	1	1	1	1	1	1	2	1	2	2	1	1	2	1	1	1	2	2	1	2	2	1	1	2	2	2	1	1	1	2	2	2	1	2	2	1	0	0	0	0	0	0	0	0	0	0	0	0	0	0	0	0	0	0	0	0	0	0	0	0	0	0	0	0	0	0	0	0	0	0	0	0	0	0	0	0	0	0	0	0	0	0	0	0	0	0	0	0	0	0	0	0	0	0	0	0	0	0	0	0	0	0	0
70	1	2	1	1	2	1	1	1	1	1	2	1	2	1	1	2	1	1	2	1	2	1	1	1	1	1	2	2	2	2	1	1	1	1	1	1	2	2	1	2	1	1	1	2	2	1	1	1	1	1	2	2	2	2	2	2	0	0	0	0	0	0	0	0	0	0	0	0	0	0	0	0	0	0	0	0	0	0	0	0	0	0	0	0	0	0	0	0	0	0	0	0	0	0	0	0	0	0	0	0	0	0	0	0	0	0	0	0	0	0	0	0	0	0	0	0	0	0	0	0	0	0	0
70	1	2	1	1	2	1	1	1	1	1	1	1	2	1	2	2	1	1	2	1	2	1	1	1	1	1	2	2	2	2	2	1	1	1	1	1	2	2	1	2	2	1	1	2	2	1	1	2	1	2	2	2	1	2	2	2	0	0	0	0	0	0	0	0	0	0	0	0	0	0	0	0	0	0	0	0	0	0	0	0	0	0	0	0	0	0	0	0	0	0	0	0	0	0	0	0	0	0	0	0	0	0	0	0	0	0	0	0	0	0	0	0	0	0	0	0	0	0	0	0	0	0	0
70	1	2	1	1	2	1	1	1	1	1	1	1	2	1	1	2	1	1	2	1	1	2	1	1	1	1	2	2	2	2	1	1	1	1	1	1	2	2	1	2	2	1	1	1	2	2	1	2	1	1	2	2	2	2	2	2	0	0	0	0	0	0	0	0	0	0	0	0	0	0	0	0	0	0	0	0	0	0	0	0	0	0	0	0	0	0	0	0	0	0	0	0	0	0	0	0	0	0	0	0	0	0	0	0	0	0	0	0	0	0	0	0	0	0	0	0	0	0	0	0	0	0	0
71	1	2	1	2	2	1	1	2	1	1	1	1	2	1	2	2	1	2	2	1	1	1	1	1	1	1	1	2	2	2	1	1	2	1	1	1	2	2	1	2	1	2	1	1	2	2	1	2	1	2	2	2	1	2	2	1	1	2	1	1	2	1	2	2	1	1	1	2	1	2	1	1	2	1	1	2	1	2	2	1	2	1	2	1	1	1	1	1	2	1	1	2	2	2	1	1	1	1	1	1	1	2	1	1	1	2	1	2	1	1	1	2	2	1	2	1	1	2	1	1	1	1	1
71	1	2	1	1	2	1	1	1	1	1	1	1	2	1	2	2	1	2	1	1	1	1	1	1	1	1	1	1	2	2	1	1	2	1	1	1	2	2	1	2	2	1	1	1	2	2	1	2	1	2	2	2	1	2	2	1	1	2	1	1	2	1	2	2	1	1	1	2	1	2	1	1	1	1	1	2	1	2	2	1	1	1	2	1	1	2	1	1	1	1	1	2	2	2	1	1	1	2	1	1	1	2	1	1	1	2	1	2	1	1	1	2	2	1	1	2	1	2	1	1	1	1	1
71	1	2	1	1	2	1	1	2	1	1	1	1	2	2	1	2	1	2	2	1	1	1	1	1	1	1	1	2	2	2	1	1	2	1	1	1	2	2	1	2	2	1	1	1	2	1	1	2	1	2	2	2	2	2	2	1	1	2	1	1	2	1	1	2	1	1	1	2	1	2	1	1	2	1	1	2	1	2	2	1	2	0	2	1	2	2	1	1	2	1	1	2	2	2	1	1	1	1	1	1	1	2	1	1	1	2	1	2	1	1	1	2	2	1	1	2	1	2	1	1	1	1	1
72	1	2	1	2	2	1	1	1	1	1	1	1	2	1	1	2	1	2	1	1	2	2	1	1	2	1	2	1	2	2	1	1	1	0	1	1	2	2	2	2	1	1	1	2	2	1	1	2	1	2	2	2	2	2	2	2	0	0	0	0	0	0	0	0	0	0	0	0	0	0	0	0	0	0	0	0	0	0	0	0	0	0	0	0	0	0	0	0	0	0	0	0	0	0	0	0	0	0	0	0	0	0	0	0	0	0	0	0	0	0	0	0	0	0	0	0	0	0	0	0	0	0	0
72	1	2	1	2	2	1	1	1	1	1	1	1	1	1	2	2	1	1	2	1	1	1	1	1	1	1	2	2	2	2	1	1	1	2	1	1	2	2	1	2	2	1	1	2	2	1	1	2	1	2	2	2	2	1	2	2	0	0	0	0	0	0	0	0	0	0	0	0	0	0	0	0	0	0	0	0	0	0	0	0	0	0	0	0	0	0	0	0	0	0	0	0	0	0	0	0	0	0	0	0	0	0	0	0	0	0	0	0	0	0	0	0	0	0	0	0	0	0	0	0	0	0	0
72	1	2	1	1	2	1	1	1	1	1	1	1	2	2	1	2	1	2	1	1	2	1	1	1	1	1	2	2	2	2	1	1	1	2	1	1	2	2	2	2	2	1	1	1	2	1	1	1	1	1	2	2	2	2	2	2	0	0	0	0	0	0	0	0	0	0	0	0	0	0	0	0	0	0	0	0	0	0	0	0	0	0	0	0	0	0	0	0	0	0	0	0	0	0	0	0	0	0	0	0	0	0	0	0	0	0	0	0	0	0	0	0	0	0	0	0	0	0	0	0	0	0	0
73	1	2	1	1	2	1	1	1	1	1	1	1	2	2	2	2	2	2	2	1	1	1	1	1	1	1	1	2	2	2	1	1	2	1	1	1	2	2	1	2	1	1	1	2	2	1	1	2	1	2	2	2	2	2	2	1	1	2	1	1	2	1	1	2	1	1	1	1	1	2	1	1	1	1	1	1	1	2	2	2	2	2	2	1	1	2	1	1	2	1	1	2	2	2	1	1	1	2	1	1	1	2	1	1	1	2	1	2	1	1	1	2	2	1	1	2	1	2	1	1	1	1	1
73	1	2	1	1	2	1	1	1	1	1	1	1	2	2	2	2	1	1	2	1	1	1	1	1	1	1	1	2	2	2	1	1	2	1	1	1	2	2	1	2	1	1	1	2	2	1	1	2	1	2	2	2	2	2	2	1	1	2	1	1	2	1	2	2	1	1	1	1	1	2	1	1	1	1	1	2	1	2	2	2	2	1	2	1	1	2	1	1	2	1	1	2	2	2	1	1	1	2	1	1	1	2	1	1	1	2	1	2	1	1	1	2	2	1	1	2	1	2	1	1	1	1	1
73	1	2	1	1	2	1	1	1	1	1	1	1	2	2	2	2	1	1	2	1	1	1	1	1	1	1	1	2	2	2	1	1	2	1	1	1	2	2	1	2	1	1	1	1	2	1	1	2	1	2	2	2	2	2	2	1	1	2	1	1	2	1	2	2	1	1	1	1	1	2	1	1	1	1	1	2	1	2	2	2	1	1	2	1	1	1	1	1	1	1	1	2	2	2	1	1	1	2	1	1	1	2	1	1	1	2	1	2	1	1	1	2	2	1	1	2	1	2	1	1	1	1	1
74	1	2	1	1	2	1	1	1	1	1	1	1	2	2	1	2	1	2	2	1	1	1	1	1	1	1	1	2	2	2	1	1	2	1	1	1	2	2	1	2	1	1	1	1	2	1	1	2	1	2	2	2	2	2	2	1	1	2	1	1	2	1	2	2	1	1	1	2	1	2	1	1	2	1	1	1	1	2	2	2	1	1	2	1	2	2	1	1	2	1	1	2	2	2	1	1	1	2	1	1	1	2	1	1	1	2	1	2	1	1	1	2	2	1	1	2	1	2	1	1	1	1	1
74	1	2	1	1	2	1	1	1	1	1	1	1	1	2	2	2	1	2	1	1	1	1	1	1	1	1	2	2	2	2	1	1	2	1	1	1	2	2	1	2	1	1	1	1	2	1	1	2	1	2	2	2	2	2	2	2	1	2	1	1	2	1	1	2	1	1	1	2	1	2	1	1	1	1	1	1	1	2	2	1	1	1	2	1	1	2	1	1	2	1	1	2	2	2	1	1	1	2	1	1	1	2	1	1	1	2	1	2	1	1	1	2	2	1	1	1	2	2	1	1	1	1	1
74	1	2	1	1	2	1	1	1	1	1	1	1	1	2	2	2	1	2	1	1	1	1	1	1	1	1	1	2	2	2	1	1	2	1	1	1	2	2	1	2	1	1	1	1	2	1	1	2	1	2	2	2	2	2	2	1	1	2	1	1	2	1	1	2	1	1	1	2	1	2	1	1	1	1	1	1	1	2	2	2	1	1	2	1	1	2	1	1	2	1	1	2	2	2	1	1	1	2	1	1	1	2	1	1	1	2	1	2	1	1	1	2	2	1	1	2	1	2	1	1	1	1	1
75	1	2	1	1	2	1	1	1	1	1	1	1	2	1	1	2	1	1	1	1	1	1	1	1	1	1	1	2	2	1	1	1	2	1	1	1	2	2	1	2	2	1	1	1	2	2	1	1	1	2	2	2	2	2	2	1	0	0	0	0	0	0	0	0	0	0	0	0	0	0	0	0	0	0	0	0	0	0	0	0	0	0	0	0	0	0	0	0	0	0	0	0	0	0	0	0	0	0	0	0	0	0	0	0	0	0	0	0	0	0	0	0	0	0	0	0	0	0	0	0	0	0	0
75	1	2	1	1	2	1	1	1	1	1	1	1	2	2	1	2	1	1	2	1	1	1	1	1	1	1	1	2	2	2	1	1	2	1	1	1	2	2	1	2	2	1	1	1	2	2	1	1	1	2	2	1	2	2	2	1	0	0	0	0	0	0	0	0	0	0	0	0	0	0	0	0	0	0	0	0	0	0	0	0	0	0	0	0	0	0	0	0	0	0	0	0	0	0	0	0	0	0	0	0	0	0	0	0	0	0	0	0	0	0	0	0	0	0	0	0	0	0	0	0	0	0	0
75	1	2	1	1	2	1	1	1	1	1	1	1	2	2	1	2	1	1	2	1	1	1	1	1	1	1	1	2	2	2	1	1	2	1	1	1	2	2	1	2	2	1	1	1	2	2	1	1	1	2	2	2	2	2	2	1	0	0	0	0	0	0	0	0	0	0	0	0	0	0	0	0	0	0	0	0	0	0	0	0	0	0	0	0	0	0	0	0	0	0	0	0	0	0	0	0	0	0	0	0	0	0	0	0	0	0	0	0	0	0	0	0	0	0	0	0	0	0	0	0	0	0	0
76	1	2	1	1	2	1	1	1	1	1	1	1	1	1	2	2	1	1	1	1	2	1	2	1	1	1	2	2	2	2	2	1	1	2	1	1	2	2	1	2	1	1	1	2	2	1	1	1	1	2	2	2	1	2	2	2	0	0	0	0	0	0	0	0	0	0	0	0	0	0	0	0	0	0	0	0	0	0	0	0	0	0	0	0	0	0	0	0	0	0	0	0	0	0	0	0	0	0	0	0	0	0	0	0	0	0	0	0	0	0	0	0	0	0	0	0	0	0	0	0	0	0	0
76	1	2	1	1	2	1	1	1	1	1	1	1	2	1	2	2	1	1	1	1	2	2	2	1	1	1	2	1	2	2	1	1	1	2	1	1	2	2	2	2	1	1	2	2	0	1	1	1	1	2	2	2	1	2	2	2	0	0	0	0	0	0	0	0	0	0	0	0	0	0	0	0	0	0	0	0	0	0	0	0	0	0	0	0	0	0	0	0	0	0	0	0	0	0	0	0	0	0	0	0	0	0	0	0	0	0	0	0	0	0	0	0	0	0	0	0	0	0	0	0	0	0	0
76	1	2	1	1	2	1	1	1	1	1	2	1	2	1	2	2	1	1	1	1	2	1	1	1	1	1	2	1	2	2	2	1	1	2	1	1	2	2	1	2	1	2	1	1	1	1	1	2	1	2	2	2	1	2	2	2	0	0	0	0	0	0	0	0	0	0	0	0	0	0	0	0	0	0	0	0	0	0	0	0	0	0	0	0	0	0	0	0	0	0	0	0	0	0	0	0	0	0	0	0	0	0	0	0	0	0	0	0	0	0	0	0	0	0	0	0	0	0	0	0	0	0	0
