59	102	2	1
ACA_CAC_53.7
ACA_CAC_60.7
ACA_CAC_72.3
ACA_CAC_79.2
ACA_CAC_88.4
ACA_CAC_104.4
ACA_CAC_110.4
ACA_CAC_113.7
ACA_CAC_116.2
ACA_CAC_117.3
ACA_CAC_126.6
ACA_CAC_138.6
ACA_CAC_141.0
ACA_CAC_143.3
ACA_CAC_170.4
ACA_CAC_185.0
ACA_CAC_225.3
ACA_CAC_298.0
ACA_CAC_306.9
ACA_CAC_318.8
ACA_CAC_336.2
ACA_CAC_344.8
ACA_CAC_346.3
ACA_CAC_347.9
ACA_CAC_352.5
ACA_CAC_355.6
ACA_CAC_379.1
ACA_CAC_387.9
ACA_CAC_398.6
ACA_CAC_403.5
ACA_CAC_428.0
ACA_CAC_431.3
ACA_CAC_455.6
ACA_CAC_459.5
ACA_CAC_463.3
ACA_CAC_466.4
ACA_CAC_472.3
ACA_CAC_477.2
ACC_CAG_69.3
ACC_CAG_76.9
ACC_CAG_84.7
ACC_CAG_92.5
ACC_CAG_94.0
ACC_CAG_99.3
ACC_CAG_106.1
ACC_CAG_109.9
ACC_CAG_111.4
ACC_CAG_116.3
ACC_CAG_125.2
ACC_CAG_127.7
ACC_CAG_133.5
ACC_CAG_135.4
ACC_CAG_146.4
ACC_CAG_164.3
ACC_CAG_204.8
ACC_CAG_207.5
ACC_CAG_236.8
ACC_CAG_240.8
ACC_CAG_263.2
ACC_CAG_266.3
ACC_CAG_284.1
ACC_CAG_392.8
ACC_CAG_421.6
ACC_CAG_474.1
ACC_CAG_497.1
AGG_CTG_54.3
AGG_CTG_56.4
AGG_CTG_65.6
AGG_CTG_73.9
AGG_CTG_75.2
AGG_CTG_77.6
AGG_CTG_84.4
AGG_CTG_94.3
AGG_CTG_99.4
AGG_CTG_112.6
AGG_CTG_115.2
AGG_CTG_127.1
AGG_CTG_136.0
AGG_CTG_140.9
AGG_CTG_142.7
AGG_CTG_157.3
AGG_CTG_168.6
AGG_CTG_185.6
AGG_CTG_197.3
AGG_CTG_201.3
AGG_CTG_220.6
AGG_CTG_231.8
AGG_CTG_255.7
AGG_CTG_271.0
AGG_CTG_280.2
AGG_CTG_281.3
AGG_CTG_295.5
AGG_CTG_307.2
AGG_CTG_331.4
AGG_CTG_334.7
AGG_CTG_346.1
AGG_CTG_358.5
AGG_CTG_378.3
AGG_CTG_392.8
AGG_CTG_417.4
AGG_CTG_441.5
AGG_CTG_483.2
1	2	2	1	2	1	1	1	2	1	2	2	2	1	1	2	1	1	2	1	2	2	1	2	2	1	1	1	1	2	1	1	2	2	1	1	2	1	1	2	2	1	1	2	2	1	1	1	2	1	1	2	1	1	2	2	1	1	2	2	2	2	1	2	2	1	1	2	2	1	1	1	1	1	2	1	2	1	2	1	2	2	2	2	2	2	1	2	2	2	1	1	1	1	1	1	1	1	1	1	1	1	2
1	2	2	1	2	1	1	1	2	1	2	2	2	1	1	2	1	2	2	1	2	2	1	2	1	1	1	1	1	2	1	1	2	2	1	1	2	1	1	1	2	1	1	2	2	1	1	1	2	1	1	2	1	1	2	2	1	1	2	2	2	2	1	2	2	1	1	2	1	2	1	1	1	1	2	1	2	1	2	1	2	2	2	2	2	2	1	2	2	2	1	1	1	2	1	1	1	1	1	1	1	1	2
1	2	2	1	2	1	1	1	2	1	2	2	2	1	1	2	1	1	2	1	2	2	1	2	2	1	1	1	1	2	1	1	2	2	1	1	2	2	1	1	2	2	1	2	2	1	1	1	2	1	1	2	1	1	2	2	1	1	2	1	2	2	1	2	2	1	1	2	2	2	1	1	1	1	2	1	2	1	2	1	2	2	2	2	2	2	1	1	1	2	1	1	1	2	1	2	1	1	1	1	1	1	2
2	2	2	1	2	1	1	1	2	1	2	2	2	1	1	2	2	2	2	1	2	2	1	2	2	1	1	1	1	2	1	1	1	2	1	1	2	1	1	2	2	2	1	2	2	1	1	1	2	1	1	2	1	1	1	2	2	1	2	1	2	2	1	1	2	2	1	2	1	2	1	1	1	1	2	1	2	2	2	1	2	2	2	2	2	2	1	2	2	2	1	1	1	2	1	1	1	1	1	1	1	1	2
2	2	2	1	2	1	1	1	2	1	2	2	2	1	1	2	1	2	2	1	2	2	1	2	1	1	1	1	1	2	1	1	1	2	1	1	2	1	1	1	2	2	1	2	2	1	1	1	2	1	1	2	1	1	1	2	2	1	2	1	2	2	1	1	2	2	1	2	1	2	1	1	1	1	2	1	2	1	2	1	2	2	2	2	2	2	1	1	2	1	1	1	1	2	1	1	1	1	1	1	1	1	2
2	2	2	1	2	1	1	1	2	1	2	2	2	1	1	2	2	1	2	1	2	2	1	2	2	1	1	1	1	2	1	1	2	2	1	1	2	1	1	1	2	1	1	2	2	1	1	1	2	2	1	2	1	1	1	2	2	1	2	2	2	1	1	2	2	2	1	2	1	2	1	1	1	1	2	1	2	1	2	2	2	2	2	2	2	2	1	1	2	2	1	1	1	2	1	2	1	1	1	1	1	1	2
3	2	2	1	2	1	1	1	2	1	2	2	2	2	1	2	1	2	2	1	1	2	1	2	2	1	1	1	1	2	1	1	2	2	1	1	2	1	1	2	2	1	1	2	2	1	1	1	2	1	1	2	2	1	1	2	2	1	2	2	2	2	1	1	2	1	1	2	1	1	1	1	1	1	2	1	1	1	2	2	2	1	2	2	2	2	1	2	1	2	1	1	1	2	1	2	1	1	1	1	1	1	1
3	2	2	1	2	1	1	1	2	1	2	2	2	2	1	2	1	2	2	1	2	2	1	2	2	1	1	1	1	2	1	1	1	2	1	1	2	1	1	2	2	1	1	2	2	1	1	1	2	1	1	2	2	1	1	2	2	1	2	2	2	2	1	2	2	1	1	2	1	2	1	1	1	1	2	1	2	1	2	2	2	1	2	2	2	2	1	2	2	2	1	1	1	2	1	1	1	1	1	1	1	1	1
3	2	2	1	2	1	1	1	2	1	2	2	2	1	1	2	1	1	2	2	2	2	1	2	2	1	1	1	1	2	1	1	1	2	1	1	2	1	1	2	2	1	1	2	2	1	1	1	2	1	1	2	2	1	1	2	2	1	2	1	2	2	1	2	2	2	1	2	1	1	1	1	1	1	2	1	2	2	2	2	2	1	2	2	2	2	2	1	2	2	1	1	1	2	1	2	1	1	1	1	1	1	2
4	2	2	1	2	1	1	1	2	1	2	2	2	1	1	2	1	2	2	1	1	1	1	1	1	1	1	1	1	2	1	1	1	2	1	1	2	1	1	2	2	1	1	2	2	1	1	1	2	1	1	2	2	1	1	2	1	1	1	1	2	2	1	1	2	2	1	2	1	1	1	1	1	1	2	1	2	1	2	2	2	1	2	2	2	2	1	2	2	2	1	1	1	2	1	2	1	1	1	1	1	1	2
4	2	2	1	2	1	2	1	2	1	2	2	2	1	1	2	1	2	2	1	1	1	1	2	2	1	1	1	1	1	1	1	2	2	1	1	2	1	1	2	1	2	1	2	2	1	1	1	2	2	1	2	1	1	1	2	1	1	2	2	2	2	1	1	2	2	1	2	1	1	1	1	1	1	2	1	2	2	2	2	2	2	2	2	2	2	2	2	1	2	1	1	1	2	1	1	1	1	1	1	1	1	2
4	2	2	1	2	1	1	2	2	1	2	2	2	1	1	2	1	2	2	1	2	2	1	2	2	1	1	1	1	2	1	1	1	2	1	1	2	1	1	2	2	1	1	2	2	1	1	1	2	1	1	2	2	1	1	2	1	1	2	2	2	2	1	1	2	2	1	2	1	1	1	1	1	1	2	1	2	1	2	2	2	2	2	2	2	2	2	2	2	2	1	1	1	2	1	1	1	1	1	1	1	1	2
5	2	2	1	2	1	1	1	2	1	2	2	2	2	1	2	1	2	2	1	2	1	1	2	2	1	1	1	1	2	1	1	2	2	1	1	2	1	1	2	2	1	1	2	2	1	1	1	2	1	1	2	1	1	1	2	2	1	1	1	2	2	1	2	2	1	1	2	1	2	1	1	1	1	2	1	2	1	2	2	2	1	2	2	2	2	2	2	2	2	1	1	1	1	1	2	1	1	1	1	1	1	2
5	2	2	1	2	1	1	1	2	1	2	2	2	2	1	2	1	2	2	1	1	1	1	2	2	1	1	1	1	2	1	1	1	2	1	1	2	1	1	2	2	2	1	2	2	1	1	1	2	1	1	2	2	1	1	2	2	1	2	2	2	2	1	2	2	1	1	2	1	2	1	1	1	1	2	1	2	1	2	2	2	2	2	2	2	2	1	2	1	2	1	1	1	2	1	2	1	1	1	1	1	1	2
5	2	2	1	2	1	1	1	2	1	2	2	2	1	1	2	1	2	2	1	2	1	1	2	2	1	1	1	1	2	1	1	1	2	2	1	2	1	1	2	2	2	1	2	2	1	1	1	2	1	1	2	2	1	1	2	1	1	2	2	2	2	1	2	2	1	1	2	1	2	1	1	1	1	2	1	2	1	2	2	2	2	2	2	2	2	1	2	1	2	1	1	1	2	1	1	1	1	1	1	1	1	1
6	2	2	1	2	1	1	1	2	1	2	2	2	1	1	2	2	2	2	1	2	2	1	2	2	1	1	1	1	1	1	1	2	2	1	1	2	1	1	1	2	1	1	2	2	1	1	1	2	1	1	2	1	1	2	2	1	1	2	2	2	1	1	1	2	2	1	2	1	1	1	1	1	1	2	1	2	2	2	1	2	1	2	2	2	2	1	1	2	2	1	1	1	2	1	1	1	1	1	1	1	1	2
6	2	2	1	2	1	1	1	2	1	2	2	2	1	1	2	1	1	2	1	2	2	1	2	2	1	1	1	1	2	1	1	2	2	1	1	2	2	1	2	2	1	1	2	2	1	1	1	2	1	1	2	1	1	2	2	1	1	2	2	2	2	1	1	2	2	1	2	1	1	1	1	1	1	2	1	2	2	2	1	2	2	2	2	2	2	1	2	2	2	1	1	1	2	1	2	1	1	1	1	1	1	2
6	1	2	1	2	1	1	1	2	1	2	2	2	1	1	2	1	1	2	1	2	1	1	2	2	1	1	1	1	2	1	1	2	2	1	1	2	1	1	2	2	1	1	2	2	1	1	1	2	1	1	1	1	1	1	2	2	1	2	1	2	2	1	1	2	2	1	2	1	2	1	1	1	1	2	1	2	2	2	1	2	2	2	2	2	2	1	1	2	2	1	1	1	2	1	2	1	1	1	1	1	1	1
7	2	2	1	2	1	1	1	2	1	2	2	2	1	1	2	1	1	2	1	2	1	1	2	2	1	1	1	1	2	1	1	2	2	1	1	2	1	1	2	2	1	1	2	2	1	1	1	2	1	1	2	1	1	2	2	2	1	2	1	2	2	1	1	2	1	1	2	1	2	1	1	1	1	2	1	2	2	2	1	2	1	2	2	2	2	1	2	2	2	1	1	1	2	1	2	1	1	1	1	1	1	2
7	2	2	1	2	1	1	1	2	1	2	2	2	1	1	2	1	2	2	1	2	1	1	2	2	1	1	1	1	2	1	1	2	2	1	1	2	1	1	2	2	1	1	2	2	1	1	1	2	1	1	1	1	1	2	2	2	1	2	1	2	2	1	1	2	2	1	2	1	1	1	1	1	1	1	1	2	1	2	1	2	2	2	2	2	2	1	2	2	2	1	1	1	1	1	2	1	1	1	1	1	1	2
7	2	2	1	2	1	1	1	2	1	2	2	2	1	1	2	2	2	2	1	2	1	1	2	2	1	1	1	1	2	1	1	2	2	1	1	2	1	1	2	1	1	1	2	2	1	1	1	2	1	1	2	1	1	2	2	2	1	1	2	2	2	1	2	2	2	1	2	1	2	1	1	1	1	2	1	2	1	2	1	2	1	2	2	2	2	1	2	2	2	1	1	1	2	1	1	1	1	1	1	1	1	2
8	2	2	1	2	1	1	1	2	1	2	2	2	1	1	2	2	2	2	1	2	1	1	2	2	1	1	1	1	2	1	1	2	2	1	1	2	1	1	1	2	1	1	2	2	1	1	1	2	1	1	2	1	1	2	2	1	1	2	1	2	2	1	2	2	2	1	2	1	2	1	1	1	1	2	1	2	2	2	1	2	2	2	2	2	2	1	2	2	2	1	1	1	2	1	1	1	1	1	1	1	1	2
8	2	2	1	2	1	1	1	2	1	2	2	2	1	1	2	1	2	2	1	2	2	1	2	2	1	1	1	1	2	1	1	2	2	1	1	2	2	1	1	2	1	1	2	2	1	1	1	2	1	1	1	1	1	2	2	2	1	1	1	2	2	1	1	2	1	1	2	1	2	1	1	1	1	2	1	2	2	2	1	2	2	2	2	2	2	1	2	1	2	1	1	1	2	1	1	1	1	1	1	1	1	2
8	2	2	1	2	1	1	1	2	1	2	2	2	1	1	2	1	1	2	1	2	2	1	2	2	1	1	1	1	2	1	1	2	2	1	1	2	1	1	1	2	1	1	2	2	1	1	1	2	1	1	2	1	1	2	2	1	1	2	1	2	2	1	1	2	2	1	2	1	2	1	1	1	1	2	1	2	1	2	1	2	2	2	2	2	2	1	2	1	2	1	1	1	1	1	2	1	1	1	1	1	1	1
9	2	2	1	2	1	1	1	2	1	2	2	2	1	1	2	2	2	2	1	2	1	1	2	2	1	1	1	1	2	1	1	2	2	1	1	2	1	1	1	2	1	1	2	2	1	1	1	2	1	1	2	1	1	2	2	2	1	2	1	2	2	1	1	2	2	1	2	1	2	1	1	1	1	2	1	2	2	2	2	2	2	2	2	2	2	1	2	2	2	1	1	1	2	1	2	1	1	1	1	1	1	2
9	2	2	1	2	1	1	1	2	1	2	2	2	1	1	2	1	2	2	1	2	1	1	2	2	1	1	1	1	2	1	1	2	2	1	1	2	1	1	1	2	2	1	2	2	1	1	1	2	1	1	2	1	1	2	2	2	1	2	2	2	2	1	1	2	1	1	2	2	2	1	1	1	1	2	1	2	1	2	2	2	2	2	2	2	2	1	1	2	2	1	1	1	2	1	1	1	1	1	1	1	1	2
9	2	2	1	2	1	1	2	2	1	2	2	2	1	1	2	2	2	2	2	2	1	1	2	2	1	1	1	1	2	1	1	2	2	1	1	2	1	1	1	2	1	1	2	2	1	1	1	2	1	1	2	1	1	1	2	2	1	2	1	2	2	1	1	2	2	1	2	1	2	1	1	1	1	2	1	2	2	2	1	2	1	2	2	2	2	1	2	2	2	1	1	1	2	1	2	1	1	1	1	1	1	2
10	2	2	1	2	1	1	1	2	1	2	2	2	1	1	2	2	2	2	1	2	2	1	2	2	1	1	1	1	2	1	1	1	2	1	1	2	2	1	1	2	1	1	2	2	1	1	1	2	1	1	2	1	1	2	2	2	1	2	1	2	2	1	2	2	2	1	2	2	2	1	1	1	1	2	1	2	2	2	2	2	2	2	2	2	2	1	2	1	2	1	1	1	2	1	2	1	1	1	1	1	1	2
10	2	2	1	2	1	1	1	2	1	2	2	2	1	1	2	1	2	2	1	2	2	1	2	1	1	1	1	1	2	1	2	1	2	1	1	2	1	1	2	2	1	1	2	2	1	1	1	2	2	1	2	1	1	1	2	2	1	2	2	2	2	1	1	2	2	1	2	1	2	1	1	1	1	2	1	2	2	2	2	2	1	2	2	2	2	1	2	2	2	1	1	1	1	1	1	1	1	1	1	1	1	2
10	2	2	1	2	1	1	1	2	1	2	2	2	1	1	2	2	2	2	1	2	2	1	2	1	1	1	1	1	2	1	1	2	2	1	1	2	2	1	2	2	2	1	2	2	1	1	1	2	1	1	2	1	1	2	2	2	1	2	1	2	2	1	1	2	1	1	2	1	2	1	1	1	1	2	1	2	2	2	2	2	2	2	2	2	2	1	2	1	2	1	2	1	2	1	2	1	1	1	1	1	1	2
11	2	2	1	2	1	1	1	2	1	2	2	2	1	1	2	1	2	2	1	2	1	1	2	2	1	1	1	1	2	1	1	2	2	1	1	2	1	1	2	2	1	1	2	2	1	1	1	2	2	1	2	2	1	1	2	2	1	2	1	2	2	1	1	2	2	1	2	1	2	1	1	1	1	2	1	2	1	2	1	2	2	2	2	2	2	1	2	2	2	1	1	1	2	1	2	1	1	1	1	1	1	2
11	2	2	2	2	1	1	1	2	1	2	2	2	1	1	2	1	2	2	1	2	1	1	2	2	1	1	1	1	2	1	1	2	2	1	1	2	1	1	2	2	1	1	2	2	1	1	1	2	1	1	2	2	1	1	2	1	1	2	1	2	2	1	1	2	2	1	2	1	2	1	1	1	1	2	1	2	1	2	1	2	2	2	2	2	2	1	2	2	2	1	2	1	2	1	1	1	1	1	1	1	1	1
11	2	2	2	2	1	1	1	2	1	2	2	2	1	1	2	1	2	2	1	2	1	1	2	2	1	1	1	1	2	1	1	2	2	1	1	2	1	1	2	2	1	1	2	2	1	1	1	2	1	1	2	2	1	1	2	2	1	2	1	2	2	1	2	2	2	1	2	1	2	1	1	1	1	2	1	2	1	2	1	2	2	2	2	2	2	1	2	2	2	1	2	1	2	1	1	1	1	1	1	1	1	1
12	2	2	1	2	1	1	1	2	1	2	2	2	2	1	2	2	2	2	1	1	2	1	2	2	1	1	1	1	2	1	1	2	2	2	1	2	1	1	2	1	1	1	2	2	1	1	1	2	2	1	2	2	1	1	2	2	1	2	2	2	2	1	1	2	2	1	2	1	2	1	1	1	1	2	1	2	1	2	1	2	2	2	2	2	2	1	2	2	2	1	1	1	2	1	1	1	1	1	1	1	1	2
12	2	2	1	2	1	1	1	2	1	2	2	2	2	1	2	2	2	2	1	2	2	1	2	2	1	1	1	1	2	1	1	1	2	1	1	2	1	1	2	1	1	1	2	2	1	1	1	2	1	1	2	2	1	1	2	2	1	2	2	2	2	1	1	2	1	1	2	1	2	1	1	1	1	2	1	1	2	2	2	2	1	2	2	2	2	1	2	2	2	1	1	1	2	1	1	1	1	1	1	1	1	1
12	2	2	1	2	1	1	1	2	1	2	2	2	2	1	2	1	2	2	1	1	2	1	2	2	1	1	2	1	2	1	1	2	2	1	1	2	1	1	2	2	1	1	2	2	1	1	1	2	1	1	2	2	1	1	2	2	1	2	1	2	2	1	1	2	1	1	2	1	2	1	1	1	1	2	1	2	2	2	2	2	2	2	2	2	2	1	2	2	2	1	1	2	2	1	2	1	1	1	1	1	1	1
13	2	2	1	2	1	1	1	2	1	2	2	2	1	1	2	1	2	2	1	2	2	1	2	2	1	1	2	1	2	1	1	2	2	2	1	2	1	1	2	1	1	1	2	2	1	1	1	2	1	1	2	2	1	1	2	2	1	2	2	2	2	1	2	2	2	1	2	1	2	1	1	1	1	2	1	2	1	2	2	2	2	2	2	2	2	1	1	1	2	1	1	2	2	1	1	1	1	1	1	1	1	2
13	2	2	1	2	1	1	1	2	1	2	2	2	2	1	2	1	2	2	1	2	1	1	2	2	1	1	1	1	2	1	1	2	2	2	1	2	2	1	2	2	1	1	2	2	1	1	1	2	1	1	2	2	1	1	2	2	1	2	2	2	2	1	1	2	1	1	2	1	2	1	1	1	1	2	1	2	1	2	2	2	2	1	2	2	2	2	2	2	2	1	1	1	2	1	1	1	1	1	1	1	1	1
13	2	2	1	2	1	1	1	2	1	2	2	2	2	1	2	1	2	2	1	1	1	1	2	2	1	1	1	1	2	1	1	2	2	1	1	2	1	1	2	2	1	1	2	2	1	1	1	2	2	1	2	2	1	1	2	1	1	2	2	2	2	1	1	2	2	1	2	1	2	1	1	1	1	2	1	2	1	2	2	2	1	2	2	2	2	2	2	2	2	1	1	1	1	1	1	1	1	1	1	1	1	2
14	1	2	1	2	1	1	1	2	1	2	2	2	1	1	2	2	2	2	1	2	1	1	2	2	1	1	1	1	2	1	1	2	2	1	1	2	1	1	2	2	2	1	2	2	1	1	1	2	1	1	2	1	1	2	2	2	1	2	2	2	2	1	1	2	2	1	2	1	1	1	1	1	1	2	1	2	1	2	1	2	2	2	2	2	2	1	1	1	2	1	1	1	2	1	1	1	1	1	1	1	1	2
14	1	2	1	2	1	1	1	2	1	2	2	2	1	1	2	1	2	2	1	2	1	1	2	2	1	1	1	1	2	1	1	2	2	1	1	2	1	1	2	2	2	1	2	2	1	1	1	2	1	1	2	1	1	2	2	2	1	2	1	2	2	1	2	2	2	1	2	1	2	1	1	1	1	2	1	2	1	2	1	2	2	2	2	2	2	1	2	1	2	1	1	1	2	1	2	1	1	1	1	1	1	2
14	1	2	1	2	1	1	1	2	1	2	2	2	1	1	2	1	2	2	1	1	1	1	2	2	1	1	1	1	2	1	1	2	2	1	1	2	1	1	2	2	1	1	2	2	1	1	1	2	1	2	1	1	1	2	1	1	1	1	1	2	2	1	1	2	2	1	2	1	1	1	1	1	1	2	1	2	1	2	1	2	2	2	2	2	2	1	1	1	2	1	1	1	2	1	2	1	1	1	1	1	1	2
15	1	2	1	2	1	1	1	2	1	2	2	2	1	1	2	2	1	2	1	2	1	1	2	2	1	1	1	1	2	2	1	2	2	1	1	2	1	1	2	2	1	1	2	2	1	1	1	2	1	1	2	1	1	1	2	2	1	2	1	2	2	1	2	2	1	1	2	2	2	1	1	1	1	2	1	2	2	2	1	2	2	2	2	2	2	1	2	1	2	1	1	1	2	1	2	1	1	1	1	1	1	2
15	2	2	1	2	1	1	1	2	1	2	2	2	1	1	2	1	1	2	1	2	1	1	2	2	1	1	1	1	1	1	1	2	2	1	1	2	2	1	2	2	2	1	2	2	1	1	1	2	1	1	2	1	1	1	2	2	1	2	2	2	2	1	1	2	2	1	2	2	2	1	1	1	1	2	1	2	1	2	1	2	2	2	2	2	2	1	2	1	2	1	1	1	2	1	1	1	1	1	1	1	1	2
15	2	2	1	2	1	1	1	2	1	2	2	2	1	1	2	1	1	2	1	2	1	1	2	2	1	1	1	1	2	1	1	2	2	1	1	2	1	1	1	2	2	1	2	2	1	1	1	2	1	1	2	1	1	2	2	2	1	2	2	2	2	1	2	2	2	1	2	1	2	1	1	1	1	2	1	2	2	2	1	2	2	2	2	2	2	1	2	2	2	1	1	1	2	1	1	1	1	1	1	1	1	2
16	2	2	1	2	1	1	1	2	1	2	2	2	1	1	2	1	2	2	1	2	1	1	2	2	1	1	1	1	1	1	1	2	2	1	1	2	1	1	1	2	1	1	2	2	1	1	1	2	1	1	2	1	1	2	2	1	1	1	1	2	2	1	1	2	2	1	2	1	2	1	1	1	1	2	1	2	2	2	1	2	2	2	2	2	2	1	2	2	2	1	1	1	2	1	1	1	1	1	1	1	1	1
16	2	2	1	2	1	1	1	2	1	2	2	2	1	1	2	2	1	2	1	1	1	1	2	2	1	1	1	1	1	1	1	2	2	1	1	2	1	1	2	2	1	1	2	2	1	1	1	2	1	1	2	1	1	2	2	2	1	2	1	2	2	1	2	2	2	1	2	1	2	1	1	1	1	2	1	2	2	2	1	2	2	2	2	2	2	1	2	1	2	1	1	1	2	1	1	1	1	1	1	1	1	2
16	2	2	1	2	1	1	1	2	1	2	2	2	1	1	2	1	2	2	1	2	1	1	2	2	1	1	1	1	2	1	1	2	2	1	1	2	1	1	1	2	1	1	2	2	2	1	1	2	1	1	2	1	1	2	2	2	1	2	1	2	2	1	1	2	2	1	2	1	2	1	1	1	1	2	1	2	2	2	1	2	2	2	2	2	2	1	2	2	2	1	1	1	1	1	2	1	1	1	1	1	1	2
17	2	2	1	2	1	1	1	2	1	2	2	2	1	1	2	1	2	2	1	2	1	1	2	2	1	1	1	1	2	1	1	2	2	1	1	2	2	1	1	2	2	1	2	2	1	1	1	2	1	1	2	1	1	2	2	1	1	1	1	2	2	1	1	2	2	1	2	1	2	1	1	1	1	2	1	2	1	2	1	2	2	2	2	2	2	1	2	1	2	1	1	1	2	1	2	1	1	1	1	1	1	2
17	2	2	1	2	1	1	1	2	1	2	2	2	1	1	2	2	2	2	1	2	1	1	2	2	1	1	1	1	2	1	1	2	2	1	1	2	1	1	2	2	1	1	2	2	1	1	1	2	2	1	2	1	1	2	2	1	1	2	1	2	2	1	2	2	2	1	2	1	2	1	1	1	1	2	1	2	1	2	1	2	2	2	2	2	2	2	2	2	2	1	1	1	1	1	1	1	1	1	1	1	1	2
17	2	2	1	2	1	1	1	2	1	2	2	2	1	1	2	2	2	2	1	2	1	1	2	2	1	1	1	1	2	1	1	2	2	1	1	2	1	1	1	2	1	1	2	2	2	1	1	2	1	1	2	1	1	2	2	2	1	2	1	2	2	1	1	2	2	1	2	1	2	1	1	1	1	2	1	1	1	2	1	2	2	2	2	2	2	1	2	1	2	1	1	1	2	1	2	1	1	1	1	1	1	2
18	2	2	1	2	1	1	1	2	1	2	2	2	2	1	1	2	2	2	1	2	2	1	2	2	1	1	1	1	1	1	2	2	2	1	1	2	1	1	1	2	1	1	2	2	1	1	1	2	1	1	2	1	1	1	2	1	1	2	2	2	2	1	1	2	1	1	2	1	2	1	1	1	1	2	1	2	2	2	2	2	2	2	2	2	2	1	2	2	2	1	1	1	2	1	2	1	1	1	1	1	1	2
18	2	2	1	2	1	1	1	2	1	2	2	2	1	1	2	2	2	2	1	2	1	1	2	2	1	1	1	1	2	1	1	2	2	1	1	2	1	1	1	2	2	1	2	2	1	1	1	2	1	1	2	1	1	1	2	2	1	2	2	2	2	1	1	2	1	1	1	1	2	2	1	1	1	2	1	1	1	1	1	1	1	1	1	2	2	1	1	1	1	1	1	1	1	1	1	1	1	1	1	1	1	2
18	2	2	1	2	1	1	1	2	1	2	2	2	1	1	2	2	2	2	1	2	1	1	2	2	1	1	1	1	2	1	1	2	2	1	1	2	1	1	2	2	1	1	2	2	1	1	1	2	1	1	2	1	1	1	2	1	1	2	2	2	2	1	1	2	1	1	2	1	2	1	1	1	1	2	1	2	1	2	2	2	2	2	2	2	2	2	2	2	2	1	1	1	2	1	1	1	1	1	1	1	1	2
19	2	2	1	2	1	1	1	1	1	2	2	2	1	1	1	1	1	2	1	2	1	1	2	1	1	1	1	1	2	1	1	2	2	1	1	2	1	1	2	2	1	1	2	2	1	1	1	2	1	1	2	1	1	1	2	2	1	2	1	2	2	1	1	2	1	1	2	1	2	1	1	1	1	2	1	2	1	2	1	2	2	2	2	2	2	1	2	1	2	1	1	1	2	1	2	1	1	1	1	1	1	2
19	2	2	1	2	1	1	1	2	1	2	2	2	1	1	2	1	2	2	1	2	2	1	2	2	1	1	1	1	2	1	1	1	2	1	1	2	1	1	1	2	1	1	2	2	1	1	1	2	1	1	1	1	1	1	2	2	1	1	1	2	2	1	1	2	1	1	2	1	2	1	1	1	1	2	1	2	1	2	1	2	2	2	2	2	2	1	2	2	2	1	1	1	2	1	2	1	1	1	1	1	1	1
19	2	2	1	2	1	1	1	2	1	2	2	2	1	1	2	1	2	2	1	2	2	1	2	2	1	1	1	1	2	1	1	1	2	1	1	2	1	1	1	2	2	1	2	2	1	1	1	2	1	1	1	1	1	1	2	2	1	1	2	2	1	1	1	2	2	1	2	1	2	1	1	1	1	2	1	2	2	2	1	2	2	2	2	2	2	1	2	2	2	1	1	1	2	1	2	1	1	1	1	1	1	1
20	2	2	1	2	1	1	1	2	1	2	2	2	2	1	2	1	2	2	1	1	1	1	2	2	1	1	1	1	1	1	1	2	2	1	1	2	1	1	2	2	1	1	2	2	1	1	1	2	2	1	1	2	1	1	2	2	1	2	1	2	2	1	2	2	1	1	2	1	2	1	1	1	1	2	1	2	1	2	1	2	2	2	2	2	2	1	2	2	2	1	1	1	2	1	1	1	1	1	1	1	1	2
20	2	2	1	2	1	1	1	2	1	2	2	2	2	1	2	2	2	2	1	2	2	1	2	2	1	1	1	1	2	1	1	2	2	1	1	2	1	1	2	2	2	1	2	2	1	1	1	2	2	1	1	1	1	2	2	2	1	1	1	2	2	1	2	2	1	1	2	1	2	1	1	1	1	2	1	2	1	2	1	2	2	2	2	2	2	1	2	2	2	1	1	1	2	1	2	1	1	1	1	1	1	2
20	2	2	1	2	1	1	1	2	1	2	2	2	2	1	2	1	1	2	1	2	1	1	2	1	1	1	1	1	2	1	1	1	2	1	1	2	1	1	1	2	2	1	2	2	1	1	1	2	2	1	2	2	1	2	2	2	1	2	1	2	2	1	1	2	2	1	2	1	2	1	1	1	1	2	1	2	1	2	1	2	2	2	2	2	2	1	2	2	2	1	1	1	2	1	1	1	1	1	1	1	1	2
21	2	2	1	2	1	1	1	2	1	2	2	2	2	1	2	1	1	2	1	1	2	1	2	2	1	1	1	1	2	1	1	1	2	1	1	2	1	1	2	2	1	1	2	1	1	1	1	2	2	1	2	2	1	1	2	1	1	1	2	2	2	1	2	2	2	1	2	1	2	1	1	1	1	2	1	2	1	2	1	2	2	2	2	2	2	1	2	2	2	1	1	1	2	1	2	1	1	1	1	1	1	2
21	2	2	1	2	1	1	1	2	1	1	2	2	1	1	2	1	2	2	1	2	2	1	2	2	1	1	1	1	2	1	1	2	2	1	1	2	1	1	2	2	2	1	2	2	1	1	1	2	1	1	2	2	1	1	2	2	1	2	1	2	2	1	1	2	2	1	2	1	2	1	1	1	1	2	1	2	2	2	2	2	1	2	2	2	2	1	2	2	2	1	1	1	2	1	2	1	1	1	1	1	1	2
21	2	1	1	2	1	1	1	2	1	2	2	2	2	1	2	1	2	1	1	1	1	1	1	1	1	1	1	1	1	1	1	1	2	1	1	1	1	1	2	2	1	1	2	2	1	1	1	2	1	1	2	2	1	1	2	2	1	2	2	2	2	1	2	2	2	1	2	1	2	1	2	1	1	2	1	2	1	2	1	2	2	2	2	2	2	1	2	1	2	1	1	1	2	1	1	1	1	1	1	1	1	2
22	2	2	1	2	1	1	1	2	1	2	2	2	2	1	2	1	2	2	1	2	2	1	2	2	1	1	2	1	2	1	1	1	2	2	1	2	1	1	2	2	2	1	2	2	1	1	1	2	1	1	2	2	1	1	2	2	1	2	2	2	2	1	1	2	1	1	2	1	2	1	1	1	1	2	1	2	1	2	1	2	2	2	2	2	2	2	2	1	2	1	1	1	2	1	2	1	1	1	1	1	1	2
22	2	2	1	2	1	1	1	2	1	2	2	2	1	1	2	1	2	2	1	1	2	1	2	2	1	1	1	1	2	1	1	2	2	1	1	2	1	1	2	1	1	1	2	2	1	1	1	2	2	1	2	1	1	1	2	2	1	2	2	2	2	1	1	2	2	1	2	1	2	1	1	1	1	2	1	2	1	2	1	2	2	2	2	2	2	1	2	1	2	1	1	1	2	1	1	1	1	1	1	1	1	2
22	2	2	1	2	1	1	1	2	1	2	2	2	2	1	2	1	2	2	1	1	2	1	2	2	1	1	1	1	2	1	1	1	2	1	1	2	1	1	2	2	2	1	2	2	1	1	1	2	2	1	2	2	1	1	2	2	1	1	2	2	2	1	1	2	1	1	2	1	2	1	1	1	1	2	1	2	1	2	2	2	2	2	2	2	2	2	2	1	2	1	1	1	2	1	2	1	1	1	1	1	1	1
23	2	2	1	2	1	1	1	2	1	2	2	2	1	1	2	2	2	2	1	2	2	1	2	2	1	1	1	1	2	1	1	2	2	1	1	2	1	1	2	1	1	1	2	2	1	1	1	2	2	1	2	2	1	1	2	2	1	2	2	2	2	1	1	2	1	1	2	1	2	1	1	1	1	2	1	2	2	2	2	2	2	2	2	2	2	1	2	2	2	1	1	2	2	1	2	1	1	1	1	1	1	2
23	2	2	1	2	1	1	2	2	1	2	2	2	1	1	2	1	2	2	1	2	2	1	2	2	1	1	1	1	2	1	1	2	2	1	1	2	1	1	1	2	1	1	2	2	1	1	1	2	1	1	2	2	1	1	2	2	1	2	2	2	2	1	1	2	2	1	2	1	2	1	1	1	1	2	1	2	1	2	2	2	2	2	2	2	2	1	2	2	2	1	1	1	1	1	1	1	1	1	1	1	1	2
23	2	2	1	2	1	1	1	2	1	2	2	2	1	1	2	1	2	2	1	2	2	1	2	2	1	1	1	1	2	1	1	1	2	1	1	1	1	1	2	1	1	1	2	2	1	1	1	2	1	1	2	2	1	1	2	2	1	2	1	2	2	1	1	2	1	1	2	1	2	1	1	1	1	2	1	2	1	2	2	2	2	2	2	2	2	1	2	2	2	1	1	2	2	1	2	1	1	1	1	1	1	2
24	1	2	1	2	1	1	1	2	1	2	2	2	1	1	2	2	2	2	1	1	1	1	2	2	1	1	1	1	2	1	1	2	1	1	1	2	1	1	2	2	1	1	2	2	1	1	1	2	1	1	2	1	1	1	2	2	1	2	2	2	2	1	1	2	2	1	2	1	2	1	1	1	1	2	1	2	1	2	1	2	2	2	2	2	2	1	1	2	2	1	1	1	2	1	2	1	1	1	1	1	1	2
24	2	2	1	2	1	1	1	2	1	2	2	2	1	1	2	1	2	2	1	2	1	1	2	2	1	1	1	1	2	1	1	2	2	1	1	2	1	1	2	2	1	1	2	2	1	1	1	2	1	1	2	1	1	2	2	2	1	1	2	2	2	1	1	2	2	1	2	1	2	1	1	1	1	2	1	2	1	2	1	2	2	2	2	2	2	1	1	2	2	1	1	1	1	1	1	1	1	1	1	1	1	2
24	1	2	1	2	1	1	1	2	1	2	2	2	1	1	2	1	2	2	1	2	1	1	2	2	1	1	1	1	2	1	1	2	2	1	1	2	1	1	2	2	1	1	2	2	1	1	1	2	1	1	2	1	1	2	1	2	1	1	2	2	2	1	1	2	2	1	2	1	1	1	1	1	1	2	1	2	1	2	1	2	2	2	2	2	2	1	1	1	2	1	1	1	2	1	2	1	1	1	1	1	1	2
25	1	2	1	2	1	2	1	2	1	2	2	2	1	1	2	2	2	2	1	2	1	1	2	2	1	1	1	1	2	1	1	2	2	1	1	2	1	1	2	2	1	1	2	2	1	1	1	2	1	1	2	1	1	2	2	2	1	2	1	2	2	1	1	2	1	1	2	1	1	1	1	1	1	2	1	2	2	2	1	2	2	2	2	2	2	1	1	2	2	1	1	1	2	1	2	1	1	1	1	1	1	2
25	2	2	1	2	1	1	1	2	1	2	2	2	1	1	2	1	2	2	1	2	1	1	2	2	1	1	1	1	2	1	1	2	2	2	1	2	1	1	2	2	1	1	2	2	1	1	1	2	1	1	2	1	1	2	2	2	1	2	2	2	2	1	1	2	2	1	2	1	2	1	1	1	1	2	1	2	2	2	1	2	2	2	2	2	2	1	2	2	2	1	1	1	2	1	1	1	1	1	1	1	1	1
25	1	2	1	2	1	1	1	2	1	2	2	2	1	1	2	1	2	2	1	2	2	1	2	2	1	1	1	1	2	1	1	1	2	1	1	2	1	1	2	2	2	1	2	2	1	1	1	2	1	1	2	1	1	2	2	2	1	2	1	2	2	1	2	2	2	1	2	1	2	1	1	1	1	2	1	2	2	2	1	2	2	2	2	2	2	1	2	1	2	1	1	1	2	1	2	1	1	1	1	1	1	2
26	2	2	1	2	1	1	1	2	1	2	2	2	1	1	2	2	2	2	1	2	1	1	2	2	1	1	1	1	2	1	1	2	2	1	1	2	1	1	2	2	1	1	2	2	2	1	1	2	1	1	2	1	1	2	2	1	1	2	1	2	2	1	1	2	2	1	2	1	2	1	1	1	1	2	1	2	1	2	1	2	1	2	2	2	2	1	2	2	2	1	1	1	1	1	2	1	1	1	1	1	1	2
26	2	2	1	2	1	1	1	2	1	2	2	2	1	1	1	1	2	1	1	1	1	1	2	1	1	1	1	1	2	1	1	2	2	1	1	2	1	1	2	2	1	1	2	2	1	1	1	2	1	1	2	1	1	2	2	2	1	1	1	2	1	1	2	2	2	1	2	1	2	1	1	1	1	2	1	2	1	2	1	2	2	2	2	2	2	1	2	2	2	1	1	1	2	1	2	1	1	1	1	1	1	2
26	2	2	1	2	1	1	1	2	1	2	2	2	1	1	2	1	2	2	1	2	1	1	2	2	1	1	1	1	2	1	1	2	2	1	1	2	1	1	2	2	1	1	2	2	1	1	1	2	1	1	2	1	1	1	2	2	1	2	2	2	2	1	2	2	2	1	2	1	2	1	1	1	1	2	1	2	1	2	1	2	2	2	2	2	2	1	2	1	2	1	1	1	2	1	2	1	1	1	1	1	1	2
27	2	2	1	2	1	1	1	2	1	2	2	2	1	1	2	1	2	2	1	2	1	1	2	2	1	1	1	1	2	1	1	1	2	1	1	2	1	1	2	2	1	1	2	2	1	1	1	2	1	1	1	1	1	2	2	2	1	1	1	2	2	1	2	2	2	1	2	1	1	1	1	1	1	2	1	2	2	2	1	2	2	2	2	2	2	2	2	2	2	1	1	1	2	1	1	1	1	1	1	1	1	1
27	2	2	1	2	1	1	1	2	1	2	2	2	1	1	2	2	1	2	1	2	2	1	2	1	1	1	1	1	1	1	1	2	2	1	1	2	1	1	1	2	1	1	2	2	1	1	1	2	1	1	2	1	1	2	2	2	1	2	1	2	2	1	2	2	2	1	2	1	2	1	1	1	1	2	1	2	2	2	1	2	2	2	2	2	2	1	2	2	2	1	1	1	2	1	1	1	1	1	1	1	1	2
27	2	2	1	2	1	1	1	2	1	2	2	2	1	1	2	1	2	2	1	2	2	1	2	2	1	1	1	1	2	1	1	2	2	1	1	2	1	1	2	2	1	1	2	2	1	1	1	2	1	1	2	1	1	2	2	2	1	1	1	2	2	1	1	2	2	1	2	1	1	1	1	1	1	2	1	2	2	2	1	2	2	2	2	2	2	2	2	1	2	1	1	1	2	1	2	1	1	1	1	1	1	2
28	2	2	1	2	1	1	1	2	1	2	2	2	1	1	2	2	2	2	1	2	1	1	2	2	1	1	1	1	1	1	1	1	2	1	1	2	1	1	1	2	2	1	2	2	1	1	1	2	1	1	2	2	1	2	2	2	1	2	1	2	2	1	1	2	2	1	2	1	2	1	1	1	1	2	1	2	2	2	1	2	2	2	2	2	2	1	2	2	2	1	1	1	2	1	2	1	1	1	1	1	1	1
28	2	2	1	2	1	1	1	2	1	2	2	2	1	1	2	1	2	2	1	2	1	1	2	1	1	1	1	1	2	1	1	2	2	1	1	2	2	1	2	2	2	1	2	1	1	1	1	2	1	1	2	1	1	1	2	2	1	2	1	2	2	1	1	2	2	1	2	2	2	1	1	1	1	2	1	2	1	2	1	2	2	2	2	2	2	1	2	2	2	1	1	1	2	1	2	1	1	1	1	1	1	2
28	2	2	1	2	1	1	1	2	1	2	2	2	1	1	2	2	2	2	1	2	2	1	2	2	1	1	1	1	2	1	1	2	2	1	1	2	1	1	1	2	1	1	2	2	1	1	1	2	1	1	2	1	1	2	2	2	1	2	1	2	2	1	1	2	2	1	2	1	2	1	1	1	1	2	1	2	1	2	1	2	2	2	2	2	2	1	2	2	2	1	1	1	2	1	1	1	1	1	1	1	1	2
29	2	1	1	2	1	1	1	2	1	2	2	2	1	1	2	1	2	2	1	2	2	1	2	2	1	1	1	1	2	1	1	2	2	1	1	2	1	1	2	2	1	1	2	2	1	1	1	2	1	1	2	1	1	2	2	1	1	1	1	2	2	1	1	2	2	1	2	1	2	1	1	1	1	2	1	2	2	2	1	2	2	2	2	2	2	1	2	2	2	1	1	1	2	1	2	1	1	1	1	1	1	2
29	2	2	1	2	1	1	1	2	1	2	2	2	1	1	2	2	2	2	1	2	1	1	2	1	1	1	1	1	2	1	1	2	2	1	1	2	1	1	2	2	1	1	2	2	1	1	1	2	2	1	2	1	1	2	2	1	1	2	1	2	2	1	1	2	2	1	2	1	2	1	1	1	1	2	1	2	1	2	2	2	2	2	2	2	2	1	2	2	2	1	1	1	2	1	2	1	1	1	1	1	1	2
29	2	2	1	2	1	1	1	2	1	2	2	2	1	1	2	1	2	2	1	2	2	1	2	2	1	1	1	1	2	1	1	2	2	1	1	2	1	1	2	2	1	1	2	2	1	1	1	2	1	1	2	1	1	1	2	1	1	2	1	2	2	1	1	2	1	1	2	1	2	1	1	1	1	2	1	2	1	2	2	2	2	2	2	2	2	1	2	2	2	1	1	1	2	1	2	1	1	1	1	1	1	1
30	2	2	1	2	1	1	1	2	1	2	2	2	1	1	2	1	2	2	1	1	2	1	2	2	1	1	1	1	2	1	1	1	2	1	1	1	1	1	2	2	1	1	2	2	1	1	1	2	1	1	2	1	1	1	2	2	1	1	2	2	2	1	1	2	1	1	2	1	2	1	1	1	1	2	1	2	2	2	2	2	1	2	2	2	2	1	2	2	2	1	1	2	2	1	1	1	1	1	1	1	1	2
30	2	2	1	2	1	1	1	2	1	2	2	2	1	1	2	1	2	2	1	1	2	1	2	2	1	1	1	1	2	1	1	2	2	2	1	2	2	1	2	2	1	1	2	2	1	1	1	2	1	1	2	2	1	1	2	1	1	2	2	2	2	1	1	2	2	1	2	1	2	1	1	1	1	2	1	2	2	2	2	2	1	2	2	2	2	1	2	2	2	1	1	1	1	1	2	1	1	1	1	1	1	2
30	2	2	1	2	1	2	1	2	1	2	2	2	1	1	2	1	2	2	1	1	1	1	2	2	1	1	1	1	2	1	1	2	2	1	1	2	1	1	2	2	1	1	2	2	1	1	1	2	1	1	2	1	1	1	2	2	1	1	2	2	2	1	1	2	2	1	2	1	2	1	1	1	1	2	1	2	1	2	2	2	2	2	2	2	2	2	2	2	2	1	1	1	2	1	2	1	1	1	1	1	1	2
31	2	2	1	2	1	1	1	2	1	2	2	2	1	1	2	1	1	2	1	2	2	1	2	2	1	1	1	1	2	1	1	1	2	1	1	2	1	1	2	2	1	1	2	2	1	1	1	2	1	1	2	1	1	2	2	2	1	1	1	2	2	1	1	2	2	1	2	1	1	1	1	1	1	2	1	2	1	2	1	2	2	2	2	2	2	1	1	1	2	1	1	1	1	1	2	1	1	1	1	1	1	2
31	1	2	1	2	1	1	1	2	1	2	2	2	1	1	1	1	2	2	1	2	1	1	2	2	1	1	1	1	2	1	1	1	2	1	1	2	1	1	2	2	1	1	2	2	1	1	1	2	1	1	2	1	1	2	2	2	1	1	2	2	1	1	2	2	2	1	2	1	1	1	1	1	1	2	1	2	1	2	1	2	2	2	2	2	2	1	2	1	2	1	1	1	1	1	2	1	1	1	1	1	1	2
31	1	2	1	2	1	1	1	2	1	2	2	2	1	1	1	1	1	2	1	2	1	1	2	2	1	1	1	1	2	1	1	1	2	1	1	2	1	1	2	2	1	1	2	2	1	1	1	2	1	1	2	1	1	2	2	2	1	2	1	2	2	1	1	2	2	1	2	1	2	1	1	1	1	2	1	2	1	2	1	2	2	2	2	2	2	1	2	1	2	1	1	1	2	1	2	1	1	1	1	1	1	2
32	2	2	1	2	1	1	1	2	1	2	2	2	1	1	2	1	2	2	1	2	1	1	2	2	1	1	1	1	2	1	1	2	2	1	1	2	2	1	2	2	1	1	2	1	1	1	1	2	1	1	1	1	1	1	2	2	1	2	2	2	2	1	1	2	2	1	2	2	2	1	1	1	1	2	1	2	1	2	1	2	2	2	2	2	2	1	2	1	2	1	1	1	2	1	2	1	1	1	1	1	1	1
32	1	2	1	2	1	1	1	2	1	2	2	2	1	1	2	1	2	2	1	2	1	1	2	2	1	1	1	1	2	1	1	2	2	2	1	2	1	2	2	2	1	1	2	2	1	1	1	2	1	1	2	1	1	2	2	2	1	2	2	2	2	1	1	2	2	1	2	1	2	1	1	1	1	2	1	2	1	2	1	2	1	2	2	2	2	1	2	1	2	1	1	1	1	1	2	1	1	1	1	1	1	2
32	2	2	1	2	1	1	1	2	1	2	2	2	1	1	2	1	2	2	1	2	1	1	2	2	1	1	1	1	1	1	1	2	2	1	1	2	1	1	1	2	1	1	2	2	1	1	1	2	1	1	2	1	1	2	2	2	1	2	1	2	2	1	1	2	2	1	2	1	2	1	1	1	1	2	1	2	1	2	1	2	2	2	2	2	2	1	2	2	2	1	1	1	2	1	1	1	1	1	1	1	1	2
33	2	2	1	2	1	1	1	2	1	2	2	2	1	1	2	1	2	2	1	2	2	1	2	2	1	1	1	1	2	1	2	1	2	1	1	2	1	1	1	2	1	1	2	2	1	1	1	2	1	1	2	1	1	2	2	2	1	1	1	2	2	1	2	2	1	1	2	1	1	1	1	1	1	2	1	2	1	2	1	2	2	2	2	2	2	1	2	2	2	1	1	1	2	1	2	1	1	1	1	1	1	2
33	2	1	1	2	1	1	1	2	1	2	2	2	1	1	2	1	2	2	1	2	2	1	2	2	1	1	1	1	2	1	1	2	2	1	1	2	1	1	2	2	1	1	2	2	1	1	1	2	1	1	2	1	1	2	2	1	1	1	1	2	2	1	1	2	2	1	2	1	2	1	1	1	1	2	1	2	1	2	1	2	2	2	2	2	2	1	2	2	2	1	1	1	2	1	2	1	1	1	1	1	1	2
33	2	2	1	2	1	1	1	2	1	2	2	2	1	1	2	2	2	2	1	2	2	1	2	2	1	1	1	1	2	1	1	2	2	1	1	2	1	1	2	2	1	1	2	2	1	1	1	2	1	1	2	1	1	2	2	2	1	2	1	2	2	1	1	2	1	1	2	1	2	1	1	1	1	2	1	2	2	2	1	2	2	2	2	2	2	1	2	2	2	1	1	1	1	1	2	1	1	1	1	1	1	2
34	2	2	1	2	1	1	1	2	1	2	2	2	1	1	2	2	2	2	1	2	1	1	2	2	1	1	1	1	2	1	1	2	2	1	1	2	2	1	1	2	1	1	2	2	1	1	1	2	1	1	2	1	1	2	2	2	1	2	1	2	2	1	2	2	2	1	2	2	2	1	1	1	1	2	1	2	1	2	1	2	2	2	2	2	2	1	2	2	2	1	1	1	2	1	2	1	1	1	1	1	1	2
34	2	2	1	2	1	1	1	2	1	2	2	2	1	1	2	2	2	2	1	2	2	1	2	1	1	1	1	1	2	1	1	2	2	1	1	2	2	1	2	2	1	1	2	2	1	1	1	2	1	1	2	1	1	2	2	2	1	1	1	2	2	1	1	2	1	1	2	2	2	1	1	1	1	2	1	2	1	2	1	2	2	2	2	2	2	1	2	2	2	1	1	1	2	1	1	1	1	1	1	1	1	2
34	2	2	1	2	1	1	1	2	1	2	2	2	1	1	1	1	2	2	1	2	2	1	2	2	1	1	1	1	2	1	1	2	2	1	1	2	1	1	1	2	1	1	2	2	1	1	1	2	1	1	1	1	1	2	2	2	1	1	1	2	2	1	1	2	2	1	2	1	2	1	1	1	1	2	1	2	1	2	1	2	2	2	2	2	2	1	1	2	2	1	1	1	2	1	1	1	1	1	1	1	1	1
35	2	2	1	2	1	1	1	2	1	2	2	2	1	1	2	1	2	2	1	2	1	1	2	1	1	1	1	1	2	1	1	2	2	1	1	2	1	1	1	2	2	1	2	2	1	1	1	2	2	1	2	2	1	2	2	2	1	2	1	2	1	1	1	2	2	1	2	1	2	1	1	1	1	2	1	2	1	2	1	2	2	2	2	2	2	1	1	2	2	1	1	1	2	1	2	1	1	1	1	1	1	2
35	2	2	1	2	1	1	1	2	1	2	2	2	1	1	2	2	2	2	1	2	1	1	2	2	1	1	1	1	2	1	1	1	2	1	1	2	1	1	2	2	1	1	2	2	1	1	1	2	1	1	2	2	1	2	2	2	1	2	1	2	1	1	1	2	1	1	2	1	2	1	1	1	1	2	1	2	1	2	1	2	2	2	2	2	2	1	2	2	2	1	1	1	2	1	2	1	1	1	1	1	1	2
35	2	2	1	2	1	1	1	2	1	2	2	2	1	1	1	1	2	2	1	1	1	1	2	2	1	1	1	1	2	1	1	2	2	1	1	2	1	1	2	2	1	1	2	2	1	1	1	2	1	1	2	1	1	2	2	2	1	1	1	2	2	1	2	2	2	1	2	1	2	1	1	1	1	2	1	2	1	2	1	2	2	2	2	2	2	1	2	2	2	1	1	1	2	1	1	1	1	1	1	1	1	1
36	2	1	1	2	1	1	1	2	1	2	2	2	1	1	2	1	2	2	1	2	1	1	2	1	1	1	1	1	2	1	1	1	2	1	1	2	1	1	2	1	1	1	2	1	1	1	1	2	1	1	1	1	1	1	2	1	1	2	1	2	1	1	1	2	2	1	1	1	2	1	1	1	2	2	1	2	1	2	1	1	1	1	1	2	2	1	2	1	2	1	1	1	2	1	1	1	1	1	1	1	1	1
36	2	2	1	2	1	1	1	2	1	2	2	2	1	1	1	1	2	1	1	2	1	1	2	2	1	1	1	1	2	1	1	2	2	1	1	2	1	1	2	2	2	1	2	2	1	1	1	2	2	1	2	1	1	2	2	2	1	1	2	2	2	1	1	2	2	1	2	1	2	1	1	1	1	2	1	2	2	2	1	2	2	2	2	2	1	1	2	2	2	1	1	1	2	1	1	1	1	1	1	1	1	2
36	2	2	1	2	1	1	1	2	1	2	2	2	1	1	2	1	1	2	1	2	1	1	2	2	1	1	1	1	2	1	1	2	2	1	1	2	1	1	1	2	1	1	2	2	1	1	1	2	2	1	2	1	1	2	2	2	1	2	2	2	2	1	1	2	2	1	2	1	2	1	1	1	1	2	1	2	1	2	1	2	2	2	2	2	2	1	2	2	2	1	1	1	2	1	2	1	1	1	1	1	1	2
37	1	2	1	2	1	1	1	2	1	2	2	2	1	1	2	1	1	2	1	2	2	1	2	2	1	1	1	1	2	1	1	1	2	1	1	2	1	1	2	2	1	1	2	2	1	1	1	2	1	1	1	1	1	2	2	2	1	2	2	2	2	1	1	2	2	1	2	2	2	1	1	1	1	2	1	2	1	2	1	2	2	2	2	2	2	1	1	2	2	1	1	1	2	1	1	1	1	1	1	1	1	2
37	1	2	1	2	1	1	1	2	1	2	2	2	1	1	2	1	1	2	1	2	2	1	2	2	1	1	1	1	1	1	1	1	2	1	1	2	1	1	1	2	2	1	2	2	1	1	1	2	1	1	2	1	1	1	2	1	1	2	2	2	2	1	2	2	2	1	2	1	1	1	1	1	1	2	1	2	1	2	1	2	2	2	2	2	2	1	2	2	2	1	1	1	2	1	2	1	1	1	1	1	1	1
37	1	2	1	2	1	1	1	2	1	2	2	2	1	1	2	1	1	2	1	2	1	1	2	2	1	1	2	1	1	1	1	1	2	1	1	2	1	1	2	2	1	1	2	2	1	1	1	2	1	1	1	1	1	2	2	1	1	2	2	2	2	1	2	2	1	1	2	1	2	1	1	1	1	2	1	2	1	2	1	2	2	2	2	2	2	1	2	1	2	1	1	1	2	1	2	1	1	1	1	1	1	2
38	1	2	1	2	1	1	1	2	1	2	2	2	1	1	2	1	2	2	1	2	1	1	2	2	1	1	1	1	2	1	1	1	2	1	1	2	1	1	2	2	1	1	2	2	1	1	1	2	1	1	2	1	1	2	2	1	1	2	2	2	1	1	1	2	2	1	2	1	2	1	1	1	1	2	1	2	1	2	1	2	2	2	2	2	2	1	2	1	2	1	1	1	1	1	2	1	1	1	1	1	1	2
38	1	2	1	2	1	1	1	2	1	2	2	2	1	1	2	1	2	2	1	2	1	1	2	2	1	1	1	1	2	1	1	2	2	1	1	2	1	1	2	2	1	1	2	2	1	1	1	2	1	1	2	1	1	2	2	1	1	2	2	2	2	1	1	2	2	1	2	1	2	1	1	1	1	2	1	2	1	2	1	2	2	2	2	2	2	1	1	1	2	1	1	1	2	1	2	1	1	1	1	1	1	2
38	1	2	1	2	1	1	1	2	1	2	2	2	1	1	2	2	2	2	1	2	1	1	2	2	1	1	1	1	1	1	1	2	2	1	1	2	1	1	2	2	1	1	2	2	1	1	1	2	1	1	2	1	1	2	2	2	1	2	2	2	2	1	1	2	2	1	2	1	2	1	1	1	1	2	1	2	1	2	1	2	2	2	2	2	2	1	1	1	2	1	1	1	2	1	2	1	1	1	1	1	1	2
39	2	2	1	2	1	1	1	2	1	2	2	2	1	1	2	2	1	2	1	2	2	1	2	2	1	1	2	1	2	1	1	2	2	1	1	2	1	1	2	2	1	1	2	2	1	1	1	2	1	1	1	1	1	2	2	2	1	2	2	2	2	1	2	2	2	1	2	1	2	1	1	1	1	2	1	2	1	2	1	2	2	2	2	2	2	1	2	2	2	1	1	1	2	1	2	1	1	1	1	1	1	1
39	2	2	1	2	1	1	1	2	1	2	2	2	1	1	2	2	2	2	1	2	1	1	2	2	1	1	1	1	2	1	1	2	2	1	1	2	1	1	2	2	1	1	2	2	1	1	1	2	1	1	1	1	1	1	2	2	1	1	1	2	2	1	2	2	2	1	2	1	2	1	1	1	1	2	1	2	1	2	1	2	2	2	2	2	2	1	2	2	2	1	1	1	1	1	1	1	1	1	1	1	1	2
39	2	2	1	2	1	1	1	2	1	2	2	2	1	1	2	1	2	2	1	2	2	1	2	2	1	1	1	1	1	1	1	2	2	1	1	2	2	1	2	2	1	1	2	2	1	1	1	2	1	1	2	1	1	2	2	2	1	2	1	2	1	1	1	2	2	1	2	1	2	1	1	1	1	2	1	2	2	2	1	2	2	2	2	2	2	2	2	2	2	1	1	1	2	1	2	1	1	1	1	1	1	2
40	2	2	1	2	1	1	1	2	1	2	2	2	1	1	2	1	2	2	1	2	2	1	2	2	1	1	1	1	2	1	1	2	2	1	1	2	1	1	2	2	1	1	2	2	1	1	1	2	1	1	1	1	1	1	2	1	1	2	1	2	2	1	1	2	2	1	2	1	2	1	1	1	1	2	1	2	1	2	1	2	2	2	2	2	2	1	2	2	2	1	1	1	2	1	1	1	1	1	1	1	1	2
40	2	2	2	2	1	1	1	2	1	2	2	2	1	1	2	2	2	2	1	2	1	1	2	2	1	1	1	1	2	1	1	2	2	1	1	2	1	1	2	2	1	1	2	2	1	1	1	2	1	1	1	1	1	2	2	1	1	2	2	2	2	1	1	2	2	1	2	2	2	1	1	1	1	2	1	2	1	2	1	2	2	2	2	2	2	1	2	2	2	1	1	1	2	1	1	1	1	1	1	1	1	1
40	2	2	1	2	1	1	1	2	1	2	2	2	1	1	2	1	1	2	1	2	2	1	2	2	1	1	1	1	2	1	1	2	2	1	1	2	1	1	1	2	1	1	2	2	1	1	1	2	1	1	2	1	1	2	2	2	1	2	1	2	2	1	1	2	1	1	2	1	2	1	1	1	1	2	1	2	1	2	1	2	2	2	2	2	2	1	2	2	2	1	1	1	2	1	2	1	1	1	1	1	1	2
41	1	2	1	2	1	1	1	2	1	2	2	2	1	1	2	1	2	2	1	1	1	1	2	2	1	1	1	1	2	1	1	2	2	1	1	2	1	1	2	2	1	1	2	2	1	1	1	2	2	1	2	1	1	1	2	2	1	1	2	2	2	1	1	2	1	1	2	1	2	1	1	1	1	2	1	2	1	2	1	2	2	2	2	2	2	1	2	2	2	1	1	1	2	1	2	1	1	1	1	1	1	2
41	2	2	1	2	1	1	1	2	1	2	2	2	1	1	2	1	2	2	1	2	1	1	2	1	1	1	1	1	2	1	1	2	2	1	1	2	1	1	1	2	1	1	2	2	1	1	1	2	1	1	2	1	1	2	2	2	1	2	1	2	1	1	1	2	2	1	2	1	2	1	1	1	1	2	1	2	1	2	1	2	2	2	2	2	2	1	2	2	2	1	1	1	2	1	2	1	1	1	1	1	1	2
41	2	2	1	2	1	1	1	2	1	2	2	2	1	1	2	2	1	2	1	2	2	1	2	1	1	1	1	1	2	1	1	2	2	1	1	2	1	1	1	2	1	1	2	2	1	1	1	2	1	1	2	2	1	2	2	2	1	2	1	2	2	1	1	2	2	1	2	1	2	1	1	1	1	2	1	2	1	2	1	2	2	2	2	2	2	1	1	2	2	1	1	1	2	1	2	1	1	1	1	1	1	1
42	2	2	1	2	1	1	1	2	1	2	2	2	1	1	2	1	2	1	1	2	2	1	2	2	1	1	1	1	2	1	1	1	2	1	1	2	1	1	2	2	2	1	2	2	1	1	1	2	1	1	2	1	1	2	2	2	1	1	1	2	2	1	1	2	2	1	2	1	2	1	1	1	1	2	1	2	1	2	1	2	2	1	2	2	2	1	2	2	2	1	1	1	2	1	1	1	1	1	1	1	1	2
42	2	2	1	2	1	1	1	2	1	2	2	2	1	1	2	2	2	2	1	2	1	1	2	2	1	1	1	1	2	1	1	2	2	2	1	2	1	1	2	2	1	1	2	2	1	1	1	2	1	1	2	1	1	1	2	2	1	2	1	2	2	1	1	2	1	1	2	1	2	1	1	1	1	2	1	2	1	2	1	2	2	2	2	2	2	1	2	1	2	1	1	1	2	1	1	1	1	1	1	1	1	1
42	2	2	1	2	1	1	1	2	1	2	2	2	1	1	2	1	2	2	1	2	1	1	2	2	1	1	1	1	2	1	1	2	2	2	1	2	1	1	2	2	1	1	2	2	1	1	1	2	1	1	2	1	1	2	2	2	1	1	1	2	2	1	1	2	2	1	2	1	1	1	2	1	1	2	1	2	1	2	2	1	2	1	1	2	2	2	1	2	2	1	1	1	2	1	1	1	1	1	1	1	1	2
43	1	2	1	2	1	1	1	1	1	2	2	2	1	1	2	1	2	2	1	1	1	1	2	2	1	1	1	1	2	1	1	2	2	1	1	2	1	1	2	2	1	1	2	2	1	1	1	2	1	1	2	2	1	2	2	1	1	2	1	2	2	1	1	2	2	1	2	1	1	1	1	1	1	2	1	2	1	2	1	2	2	2	2	2	2	1	1	2	2	1	1	1	2	1	2	1	1	1	1	1	1	2
43	1	2	1	2	1	1	1	2	1	2	2	2	1	1	2	2	1	2	1	1	1	1	2	2	1	1	1	1	2	1	1	2	2	1	1	2	1	1	2	2	1	1	2	2	1	1	1	2	1	1	2	1	1	2	2	2	1	2	2	2	2	1	1	2	2	1	2	1	1	1	1	1	1	2	1	2	1	2	1	2	2	2	2	2	2	1	1	2	2	1	1	1	2	1	1	1	1	1	1	1	1	2
43	1	2	1	2	1	1	1	2	1	2	2	2	1	1	2	2	2	2	1	1	1	1	2	2	1	1	1	1	1	1	1	1	2	1	1	2	1	1	2	2	1	1	2	2	1	1	1	2	1	1	1	1	1	2	2	1	1	2	1	2	2	1	1	2	2	1	2	1	1	1	1	1	1	2	1	2	1	2	1	2	2	2	2	2	2	1	1	2	2	1	1	1	2	1	1	1	1	1	1	1	1	1
44	1	2	1	2	1	1	1	2	1	2	2	2	1	1	2	1	1	2	1	2	1	1	2	2	1	1	1	1	2	1	1	2	2	1	1	2	1	1	1	2	1	1	2	2	1	1	1	2	1	1	2	1	1	1	2	1	1	1	2	1	2	1	1	2	2	1	2	1	2	1	1	1	1	2	1	2	1	2	1	2	2	2	2	2	2	1	2	2	2	1	1	1	2	1	1	1	1	1	1	1	1	2
44	1	2	1	2	1	1	1	2	1	2	2	2	1	1	2	1	2	2	1	2	1	1	2	2	1	1	1	1	2	1	1	1	2	1	1	2	1	1	2	2	1	1	2	2	1	1	1	2	1	1	2	1	1	2	2	1	1	1	1	2	1	1	1	2	2	1	2	1	1	1	1	1	1	2	1	2	2	2	1	2	2	2	2	2	2	1	2	1	2	1	1	1	2	1	1	1	1	1	1	1	1	2
44	2	2	1	2	1	1	1	2	1	2	2	2	1	1	2	1	2	2	1	2	2	1	2	2	1	1	1	1	1	1	1	2	2	1	1	2	1	1	1	2	1	1	2	2	1	1	1	1	1	1	1	1	1	2	2	1	1	2	1	1	1	1	1	2	2	1	2	1	2	1	1	1	1	2	1	2	2	2	1	2	2	2	2	2	2	1	2	1	2	1	1	1	2	1	2	1	1	1	1	1	1	2
45	2	2	1	2	1	1	1	2	1	2	2	2	1	1	2	1	2	2	1	2	2	1	2	2	1	1	1	1	2	1	1	2	2	1	1	2	1	1	1	2	1	1	2	2	1	1	1	2	1	1	2	1	1	2	2	2	1	2	1	2	2	1	1	2	1	1	2	1	2	1	1	1	1	2	1	2	1	2	1	2	2	2	2	2	2	1	2	2	2	1	1	1	2	1	2	1	1	1	1	1	1	2
45	1	1	1	2	1	1	1	1	1	2	2	2	1	1	2	1	1	2	1	2	2	1	2	2	1	1	1	2	2	1	1	2	2	1	1	1	1	2	1	2	1	1	2	2	1	1	1	2	1	1	1	1	1	2	2	2	1	1	1	2	2	1	2	2	2	1	2	1	2	1	1	1	1	2	1	2	1	2	1	2	2	2	2	2	2	1	1	2	2	1	1	1	2	1	1	1	1	1	1	1	1	2
45	2	2	1	2	1	1	1	2	1	2	2	2	1	1	2	2	1	2	1	2	1	1	2	2	1	1	1	1	2	1	1	2	2	1	1	2	1	1	2	2	1	1	2	2	1	1	1	2	1	1	2	1	1	2	2	2	1	2	1	2	2	1	1	1	1	1	1	1	1	1	1	1	1	1	1	1	1	1	1	1	1	1	1	1	1	1	1	1	1	1	1	1	1	1	1	1	1	1	1	1	1	1
46	2	2	1	2	1	1	1	2	1	2	2	2	1	1	2	1	1	2	1	2	2	1	2	2	1	1	1	1	2	1	1	2	2	1	1	2	1	1	1	2	1	1	2	2	1	1	1	2	1	1	2	1	1	2	2	2	1	2	1	2	2	1	1	2	2	1	2	2	2	1	1	1	1	2	1	2	2	2	1	2	2	2	2	2	2	1	2	2	2	1	1	1	2	1	2	1	1	1	1	1	1	2
46	2	2	1	2	1	1	1	2	1	2	2	2	1	1	2	1	2	2	1	2	1	1	2	1	1	1	1	1	2	1	1	2	2	1	1	2	1	1	2	2	1	1	2	2	1	1	1	2	1	1	2	1	1	2	2	1	1	2	2	2	2	1	1	2	2	1	2	1	2	1	1	1	1	2	1	2	1	2	1	2	1	2	2	2	2	1	2	2	2	1	1	1	2	1	2	1	1	1	1	1	1	2
46	2	2	1	2	1	1	1	2	1	2	2	2	1	1	2	1	2	2	1	1	2	1	2	2	1	1	1	1	2	1	2	1	2	1	1	2	1	1	2	2	1	1	2	2	1	1	1	2	1	1	2	1	1	2	2	2	1	2	1	2	2	1	2	2	2	1	2	1	2	1	1	1	1	2	1	2	2	2	1	2	1	2	2	2	2	1	1	2	2	1	1	1	2	1	1	1	1	1	1	1	1	2
47	2	2	1	2	1	1	1	2	1	2	2	2	1	1	2	2	1	2	1	2	1	1	2	2	1	1	1	1	2	1	1	2	2	1	1	2	1	1	1	2	2	1	2	2	1	1	1	2	1	1	2	2	1	1	2	2	1	2	2	2	2	1	1	2	2	1	1	1	1	1	1	1	1	1	1	1	1	1	1	1	1	1	1	1	1	1	1	1	1	1	1	1	1	1	1	1	1	1	1	1	1	1
47	2	2	1	2	1	1	1	2	1	2	2	2	1	1	2	1	1	2	1	2	1	1	2	2	1	1	1	1	2	1	1	2	2	1	1	2	1	1	2	2	1	1	2	2	1	1	1	2	2	1	2	1	1	1	2	2	1	2	2	2	2	1	1	2	2	1	2	1	2	1	1	1	1	2	1	2	1	2	2	2	2	2	2	2	2	1	1	1	2	1	1	1	2	1	1	1	1	1	1	1	1	2
47	2	2	1	2	1	1	1	1	1	2	2	2	1	1	1	1	2	1	1	1	2	1	2	2	1	1	1	2	2	1	1	2	2	1	1	1	1	2	1	2	1	1	2	2	1	1	1	2	2	1	2	2	1	1	2	2	1	2	1	2	2	1	2	2	2	1	2	1	2	1	1	1	1	2	1	2	2	2	1	2	2	2	2	2	2	1	2	1	2	1	1	1	2	1	2	1	1	1	1	1	1	1
48	2	2	1	2	1	1	1	2	1	2	2	2	2	1	2	1	1	2	1	2	1	1	2	2	1	1	2	1	2	1	1	2	2	1	1	2	1	1	2	2	2	1	2	2	1	1	1	2	1	1	2	1	1	2	2	1	1	2	1	2	2	1	2	2	2	1	2	1	2	1	1	1	1	2	1	2	2	2	1	2	2	2	2	2	2	1	2	2	2	1	1	1	2	1	2	1	1	1	1	1	1	2
48	2	2	1	2	1	1	1	2	1	2	2	2	1	1	1	2	2	2	1	2	1	1	2	2	1	1	1	1	2	1	1	1	2	1	1	2	1	1	1	2	1	1	2	2	1	1	1	2	1	1	2	1	1	2	2	2	1	2	2	2	2	1	2	2	2	1	2	1	2	1	1	1	1	2	1	2	1	2	1	2	1	2	2	2	2	1	2	2	2	1	1	1	2	1	1	1	1	1	1	1	1	1
48	2	2	1	2	1	1	1	2	1	2	2	2	1	1	1	2	2	2	1	2	1	1	2	2	1	1	1	1	1	1	1	2	2	1	1	2	1	1	1	2	1	1	2	2	1	1	1	2	1	1	2	1	1	1	2	1	1	2	1	2	2	1	2	2	2	1	2	1	2	1	1	1	1	2	1	2	2	2	1	2	2	2	2	2	2	1	2	2	2	1	1	1	2	1	2	1	1	1	1	1	1	2
49	1	2	1	2	1	1	1	2	1	2	2	2	1	1	2	1	2	2	1	2	1	1	2	2	1	1	1	1	2	2	1	2	2	1	1	2	1	1	2	2	1	1	2	2	1	1	1	2	1	1	2	1	1	1	2	1	1	2	1	2	1	1	1	2	2	1	2	1	1	1	1	1	1	2	1	2	2	2	1	2	2	2	2	2	2	1	1	1	2	1	1	1	2	1	2	1	1	1	1	1	1	2
49	2	2	1	2	1	1	1	2	2	2	2	2	1	1	2	2	2	2	1	2	1	1	2	2	1	1	1	1	1	1	1	2	2	1	1	1	1	1	2	2	1	1	2	2	1	1	1	2	1	1	2	1	1	2	2	1	1	2	1	2	2	1	1	2	2	1	2	1	1	1	1	1	1	2	1	2	2	2	1	2	1	2	2	2	2	1	1	1	1	1	1	1	2	1	2	1	1	1	1	1	1	1
49	1	2	1	2	1	1	1	2	1	2	2	2	1	1	2	1	2	2	1	2	2	1	2	2	1	1	1	1	2	1	1	2	2	1	1	2	1	1	2	2	2	1	2	2	1	1	1	2	1	1	2	1	1	2	2	2	1	2	2	2	2	1	1	2	2	1	2	1	2	1	1	1	1	2	1	2	2	2	1	2	2	2	2	2	2	1	2	1	2	1	1	1	1	1	2	1	1	1	1	1	1	2
50	2	2	1	2	1	1	1	2	1	2	2	2	1	1	2	2	2	2	1	2	1	1	2	2	1	1	1	1	2	1	1	2	2	1	1	2	2	1	2	2	1	1	2	2	1	1	1	2	1	1	2	1	1	2	2	1	1	2	1	2	2	1	1	2	2	1	2	1	1	1	1	1	1	2	1	2	1	2	1	2	2	2	2	2	2	2	1	2	2	1	1	1	2	1	1	1	1	1	1	1	1	2
50	2	2	1	2	1	1	1	2	1	2	2	2	1	1	2	1	2	2	1	2	2	1	2	2	1	1	1	1	2	1	1	1	2	1	1	2	2	1	2	2	1	1	2	2	1	1	1	2	1	1	2	1	1	2	2	2	1	2	1	2	2	1	1	2	2	1	2	1	2	1	1	1	1	2	1	2	1	2	1	2	2	2	2	2	2	1	2	2	2	1	1	1	2	1	2	1	1	1	1	1	1	2
50	2	2	1	2	1	1	1	2	1	2	2	2	1	1	2	2	2	2	1	2	1	1	2	1	1	1	1	1	2	1	1	2	2	1	1	2	1	1	2	2	1	1	2	2	1	1	1	2	1	1	2	1	1	2	2	1	1	1	1	2	1	1	2	2	2	1	2	1	1	1	1	1	1	2	1	2	1	2	1	2	2	2	2	2	2	1	1	2	2	1	1	1	2	1	1	1	1	1	1	1	1	2
51	2	2	1	2	1	1	1	2	1	2	2	2	1	1	1	1	2	2	1	2	2	1	2	2	1	1	1	1	2	1	1	2	2	1	1	2	1	1	2	2	1	1	2	2	1	1	1	2	1	1	1	1	1	2	2	2	1	1	1	2	2	1	1	2	2	1	2	1	2	1	1	1	1	2	1	2	2	2	1	2	2	2	2	2	2	1	2	2	2	1	1	1	1	1	2	1	1	1	1	1	1	2
51	2	2	1	2	1	1	1	2	1	2	2	2	1	1	2	1	2	2	1	2	1	1	2	2	1	1	1	1	1	1	1	2	2	1	1	2	1	1	2	2	1	1	2	2	1	1	1	2	1	1	2	1	1	2	2	2	1	2	1	2	2	1	2	2	2	1	2	2	2	1	1	1	1	2	1	2	2	2	1	2	1	2	2	2	2	1	2	1	2	1	1	1	2	1	1	1	1	1	1	1	1	2
51	2	2	1	2	1	1	1	2	1	2	2	2	1	1	2	2	2	2	1	2	1	1	1	2	1	1	1	1	2	1	1	2	2	1	1	2	1	1	2	2	1	1	2	2	1	1	1	2	1	1	2	1	1	1	2	2	1	2	1	2	2	1	1	2	2	1	2	1	1	1	1	1	1	2	1	2	1	2	1	2	1	2	2	2	2	1	1	2	2	1	1	1	2	1	2	1	1	1	1	1	1	2
52	2	2	1	2	1	1	1	2	1	2	2	2	1	1	2	1	2	2	1	2	2	1	2	2	1	1	1	1	2	1	1	2	2	1	1	2	1	1	2	2	2	1	2	2	1	1	1	2	1	1	2	1	1	2	2	2	1	2	1	2	2	1	1	2	2	1	2	1	2	1	1	1	1	2	1	2	2	2	1	2	1	2	2	2	2	1	2	2	2	1	1	1	1	1	2	1	1	1	1	1	1	2
52	1	2	1	2	1	1	1	2	1	2	2	2	1	1	2	2	2	2	1	2	1	1	2	2	1	1	1	1	2	1	1	1	2	1	2	2	1	1	2	2	1	1	2	2	1	1	1	2	1	1	2	1	1	2	2	2	1	2	1	2	2	1	1	2	2	1	2	2	1	1	1	1	1	2	1	2	1	2	1	2	2	2	2	2	2	1	2	1	2	1	1	1	2	1	2	1	1	1	1	1	1	2
52	2	2	1	2	1	1	1	2	1	2	2	2	1	1	2	2	2	2	1	2	2	1	2	2	1	1	1	1	2	1	1	2	2	1	2	2	1	1	2	2	1	1	2	2	1	1	1	2	2	1	2	1	1	2	2	2	1	2	1	2	2	1	1	2	2	1	2	1	2	1	1	1	1	2	1	2	1	2	1	2	2	2	2	2	2	1	2	2	2	1	1	1	2	1	1	1	1	1	1	1	1	2
53	2	2	1	2	1	1	1	2	1	2	2	2	1	1	2	1	2	2	1	2	2	1	2	2	1	1	1	1	1	1	1	2	2	1	1	2	1	1	2	2	2	1	2	2	1	1	1	2	1	1	2	1	1	2	2	2	1	1	1	2	2	1	1	2	2	1	2	1	2	1	1	1	1	2	1	2	1	2	1	2	2	2	2	2	2	1	2	2	2	1	1	1	2	1	1	1	1	1	1	1	1	2
53	2	2	1	2	1	1	1	2	1	2	2	2	1	1	2	1	1	2	1	2	2	1	2	1	1	1	1	1	2	1	1	2	2	1	1	2	1	1	2	2	1	1	2	2	1	1	1	2	1	1	2	1	1	2	2	2	1	2	1	2	2	1	1	2	2	1	2	1	1	1	1	1	1	2	1	2	1	2	1	2	2	2	2	2	2	1	2	2	2	1	1	1	2	1	1	1	1	1	1	1	1	2
53	2	2	1	2	1	1	1	2	1	2	2	2	1	1	2	1	2	2	1	2	1	2	2	2	1	1	1	1	2	1	1	2	2	1	1	2	1	1	1	2	1	1	2	2	1	1	1	2	1	1	2	1	1	2	2	1	1	1	1	2	2	1	2	2	2	1	2	1	2	1	1	1	1	2	1	2	2	2	1	2	1	2	2	2	2	1	2	2	2	1	1	1	2	1	2	1	1	1	1	1	1	2
54	2	2	1	2	1	1	1	2	1	2	2	2	1	1	2	1	1	2	1	1	1	1	2	2	1	1	1	1	2	1	1	2	2	1	1	2	1	1	1	2	1	1	2	2	1	1	1	2	1	1	2	1	1	2	2	2	1	2	1	2	2	1	1	2	2	1	2	1	2	1	1	1	1	2	1	2	1	2	1	2	2	2	2	2	2	1	2	2	2	1	1	1	2	1	1	1	1	1	1	1	1	2
54	2	2	1	2	1	1	1	2	1	2	2	2	1	1	2	1	1	2	1	1	1	1	2	1	1	1	1	1	2	1	1	1	2	1	1	2	1	1	1	2	1	1	2	2	1	1	1	2	1	1	2	1	1	2	2	1	1	2	1	2	2	1	1	2	2	1	2	2	2	1	1	1	1	2	1	2	1	2	1	2	2	2	2	2	2	1	2	1	2	1	1	1	2	1	2	1	1	1	1	1	1	2
54	2	2	1	2	1	1	1	2	1	2	2	2	1	1	2	1	1	2	1	2	2	1	2	2	1	1	1	1	2	1	1	1	2	1	1	2	1	1	1	2	1	1	2	2	1	1	1	2	1	1	2	1	1	2	2	2	1	2	1	2	2	1	1	2	2	1	2	1	2	1	1	1	1	2	1	2	2	2	1	2	2	2	2	2	2	1	2	2	2	1	1	1	2	1	1	1	1	1	1	1	1	2
55	2	2	1	2	1	1	1	2	1	2	2	2	1	1	2	1	2	2	1	2	1	1	2	2	1	1	1	1	2	1	1	2	2	1	1	2	2	1	2	2	1	1	2	2	1	2	1	2	1	1	2	1	1	1	2	1	1	2	2	2	2	1	2	2	2	1	2	2	2	1	1	1	1	2	1	2	1	2	1	2	1	2	2	2	2	1	2	1	2	1	1	1	2	1	1	1	1	1	1	1	1	1
55	2	2	1	2	1	1	1	2	1	2	2	2	1	1	2	1	2	2	1	2	2	1	2	2	1	1	1	1	2	1	1	2	2	1	1	2	2	1	2	2	1	1	2	2	1	2	1	2	1	1	2	2	1	2	2	1	1	2	2	2	2	1	2	2	2	1	2	1	2	1	1	1	1	2	1	2	1	2	1	2	2	2	2	2	2	1	1	2	2	1	1	1	2	1	2	1	1	1	1	1	1	2
55	2	2	1	2	1	1	1	2	1	2	2	2	1	1	2	1	2	2	1	2	2	1	2	1	1	1	1	1	2	1	1	2	2	1	1	2	1	1	2	2	1	1	2	2	1	2	1	2	1	1	2	2	1	1	2	1	1	1	2	2	2	1	2	2	2	1	2	1	2	1	1	1	1	2	1	2	1	2	1	2	2	2	2	2	2	1	2	1	2	1	1	1	2	1	1	1	1	1	1	1	1	1
56	2	2	1	2	1	1	1	2	1	2	2	2	1	1	2	1	1	2	1	2	2	1	2	1	1	1	1	1	2	1	1	1	2	2	1	2	1	1	1	2	1	1	2	2	1	1	1	2	1	1	2	2	1	1	2	1	1	1	1	2	2	1	2	2	2	1	2	1	2	1	1	1	1	2	1	2	1	2	1	2	2	2	1	2	2	1	2	2	2	1	1	1	2	1	2	1	1	1	1	1	1	1
56	2	2	1	2	1	1	1	1	1	2	2	2	1	1	2	2	1	2	2	2	2	1	2	2	1	1	2	1	2	1	1	2	2	2	1	2	1	1	1	2	1	1	2	2	1	1	1	2	1	1	2	2	1	1	2	1	1	2	1	2	2	1	2	2	2	1	2	1	1	1	1	1	1	2	1	2	1	2	1	2	2	2	2	2	2	1	2	2	2	1	1	1	2	1	1	1	1	1	1	1	1	2
56	2	2	1	2	1	1	1	2	1	2	2	2	1	1	2	1	1	2	2	2	2	1	2	2	1	1	1	2	2	1	1	2	2	2	1	2	1	1	1	2	1	1	2	2	1	1	1	2	1	1	2	2	1	1	2	1	1	2	2	2	2	1	2	2	2	1	2	1	2	1	1	1	1	2	1	2	1	2	1	2	2	2	2	2	2	1	2	2	2	1	1	1	2	2	1	1	1	1	1	1	1	2
57	2	2	1	2	1	1	2	2	1	2	2	2	1	1	2	1	2	2	1	2	2	1	2	2	1	1	1	1	2	1	1	1	2	1	1	2	1	1	2	2	1	1	2	2	1	2	1	2	1	1	2	1	1	1	2	1	1	2	1	2	2	1	2	2	2	1	2	1	2	1	1	1	1	2	1	2	1	2	1	2	1	2	2	2	2	1	2	1	2	1	1	1	2	1	1	1	1	1	1	1	1	2
57	2	2	1	2	1	1	1	2	1	2	2	2	1	1	2	2	2	2	1	2	2	1	2	2	1	1	1	1	2	1	1	1	2	1	1	2	1	1	2	2	1	1	2	2	1	2	1	2	1	1	2	1	1	1	2	1	1	2	1	2	2	1	2	2	2	1	2	2	2	1	1	1	1	2	1	2	1	2	1	2	2	2	2	2	2	1	2	1	2	1	1	1	2	1	1	1	1	1	1	1	1	2
57	2	2	1	2	1	1	1	2	1	2	2	2	1	1	2	2	2	2	1	2	2	1	2	2	1	1	1	1	2	1	1	1	2	1	1	2	1	1	2	2	1	1	2	2	1	1	1	2	1	1	2	1	1	1	2	2	1	2	1	2	2	1	2	2	2	1	2	1	1	1	1	1	1	2	1	2	2	2	1	2	2	2	2	2	2	1	2	1	2	1	1	1	2	1	1	1	1	1	1	1	1	2
58	2	2	1	2	1	1	1	2	1	2	2	2	1	1	2	1	2	2	1	2	1	1	2	2	1	1	1	1	2	1	1	2	2	1	1	2	1	1	2	2	1	1	2	2	1	2	1	2	1	1	2	1	1	1	2	1	1	2	1	2	1	1	2	2	2	1	2	1	2	1	1	1	1	2	1	2	1	2	1	2	2	2	2	2	2	1	2	1	2	1	1	1	2	1	1	1	1	1	1	1	1	2
58	2	2	1	2	1	1	1	2	1	1	2	2	1	1	2	1	2	2	1	2	2	1	2	2	1	1	1	2	2	1	1	1	2	1	1	2	1	1	2	2	1	1	2	2	1	1	1	2	1	1	2	2	1	1	1	1	1	2	1	2	2	1	2	2	2	1	2	1	2	1	1	1	1	2	1	2	1	2	1	2	2	2	2	2	2	1	1	2	2	1	1	1	2	1	1	1	1	1	1	1	1	1
58	2	2	1	2	1	1	1	1	1	2	2	2	1	1	2	1	2	2	1	2	2	1	2	2	1	1	1	1	1	1	1	1	2	1	1	2	1	1	1	2	1	1	2	2	1	2	1	2	1	1	2	2	1	1	2	1	1	2	1	2	1	1	2	2	2	1	2	2	2	1	1	1	1	2	1	2	1	2	1	2	2	2	2	2	2	1	2	2	2	1	1	1	2	1	1	1	1	1	1	1	1	1
59	1	2	1	2	1	1	1	2	1	2	2	2	1	1	2	1	2	2	1	2	2	1	2	2	1	1	1	1	2	1	1	2	2	1	1	2	1	1	2	2	1	1	2	2	1	2	1	2	1	1	2	1	1	1	1	1	1	2	1	2	1	1	2	2	2	1	2	1	2	1	1	1	1	2	1	2	1	2	1	2	2	2	2	2	2	1	1	1	2	1	1	1	2	1	1	1	1	1	1	1	1	2
59	2	2	1	2	1	1	1	2	1	2	2	2	1	1	2	1	2	2	1	2	2	1	2	2	1	1	1	1	2	1	1	2	2	1	1	2	1	1	2	2	1	1	2	2	1	1	1	2	1	1	2	1	1	1	2	1	1	2	1	2	2	1	2	2	2	1	2	1	2	1	1	1	1	2	1	2	1	2	1	2	2	2	2	2	2	2	2	2	2	1	1	1	2	1	1	1	1	1	1	1	1	2
59	2	2	1	2	1	1	1	2	1	2	2	2	1	1	2	1	2	1	1	2	2	1	2	2	1	1	1	1	2	1	1	2	2	1	1	1	1	1	2	2	1	1	2	1	1	1	1	2	1	1	2	1	1	1	2	1	1	1	1	1	2	1	2	2	2	1	1	1	1	1	1	1	1	2	1	2	1	2	1	2	2	2	2	2	1	1	1	2	2	1	1	1	2	1	1	1	1	1	1	1	1	2
