91	88	2	1
ACA_CAN_54.0
ACA_CAN_79.0
ACA_CAN_88.0
ACA_CAN_106.0
ACA_CAN_112.0
ACA_CAN_116.0
ACA_CAN_126.0
ACA_CAN_152.0
ACA_CAN_155.0
ACA_CAN_164.0
ACA_CAN_174.0
ACA_CAN_176.0
ACA_CAN_181.0
ACA_CAN_183.0
ACA_CAN_187.0
ACA_CAN_188.0
ACA_CAN_201.0
ACA_CAN_228.0
ACA_CAN_235.0
ACA_CAN_236.0
ACA_CAN_238.0
ACA_CAN_239.0
ACA_CAN_247.0
ACA_CAN_252.0
ACA_CAN_277.0
ACA_CAN_281.0
ACA_CAN_286.0
ACA_CAN_289.0
ACA_CAN_292.0
ACA_CAN_299.0
ACA_CAN_325.0
ACA_CAN_331.0
ACA_CAN_344.0
ACT_CTN_78.0
ACT_CTN_90.0
ACT_CTN_99.0
ACT_CTN_109.0
ACT_CTN_118.0
ACT_CTN_121.0
ACT_CTN_144.0
ACT_CTN_145.0
ACT_CTN_147.0
ACT_CTN_148.0
ACT_CTN_183.0
ACT_CTN_185.0
ACT_CTN_200.0
ACT_CTN_204.0
ACT_CTN_218.0
ACT_CTN_238.0
ACT_CTN_252.0
ACT_CTN_261.0
ACT_CTN_266.0
ACT_CTN_283.0
ACT_CTN_295.0
ACT_CTN_297.0
ACT_CTN_313.0
ACT_CTN_337.0
ACT_CTN_356.0
ACT_CTN_370.0
ACT_CTN_451.0
ATG_CTN_51.0
ATG_CTN_70.0
ATG_CTN_77.0
ATG_CTN_96.0
ATG_CTN_104.0
ATG_CTN_116.0
ATG_CTN_123.0
ATG_CTN_126.0
ATG_CTN_154.0
ATG_CTN_158.0
ATG_CTN_159.0
ATG_CTN_169.0
ATG_CTN_173.0
ATG_CTN_178.0
ATG_CTN_189.0
ATG_CTN_194.0
ATG_CTN_196.0
ATG_CTN_198.0
ATG_CTN_233.0
ATG_CTN_269.0
ATG_CTN_286.0
ATG_CTN_296.0
ATG_CTN_302.0
ATG_CTN_319.0
ATG_CTN_321.0
ATG_CTN_329.0
ATG_CTN_396.0
ATG_CTN_415.0
1	2	2	2	2	1	1	2	1	2	1	1	2	1	2	2	1	2	1	1	1	2	2	1	1	1	1	1	2	1	2	2	1	1	1	2	1	2	2	2	2	1	2	1	1	2	2	1	1	2	1	1	2	1	1	1	1	1	1	2	1	2	2	2	2	2	2	1	2	1	1	2	2	2	1	1	2	2	1	1	1	1	1	1	1	1	1	1	2
1	2	2	2	2	2	1	1	1	2	1	1	2	1	2	1	1	1	1	1	1	1	2	1	1	1	1	1	1	1	1	1	1	1	1	2	2	2	2	2	2	1	2	1	1	2	2	1	1	2	1	1	2	1	1	1	1	1	1	2	1	2	2	2	2	2	2	1	2	1	1	2	2	2	1	2	2	2	1	1	1	1	1	1	1	1	1	2	2
1	2	2	2	2	1	2	1	1	2	1	2	2	1	2	2	1	2	1	1	1	1	2	1	1	1	1	1	1	1	2	1	1	1	1	2	2	2	2	2	2	1	2	1	1	2	2	1	1	2	1	1	2	1	1	1	1	1	1	2	1	2	2	2	2	2	2	1	2	1	1	2	2	1	1	1	2	2	1	1	1	1	1	1	1	1	1	1	2
2	2	2	1	2	1	1	1	1	2	1	1	2	2	2	2	2	2	1	1	1	1	2	1	1	1	1	1	2	1	1	1	1	1	1	2	2	2	2	2	2	1	2	1	1	2	2	1	1	2	1	1	2	1	1	1	1	1	1	2	1	2	1	2	2	2	2	1	2	1	1	2	2	1	2	2	2	2	1	1	1	1	1	1	1	1	1	2	2
2	2	2	1	2	1	1	2	1	2	1	1	2	2	2	2	1	2	1	1	1	1	2	1	1	1	1	1	2	1	1	1	1	1	1	2	2	2	2	2	2	1	2	1	1	2	2	1	1	2	1	1	2	1	1	1	1	1	1	1	1	2	1	2	2	2	2	1	2	1	1	2	2	1	2	2	2	2	1	1	1	1	1	1	1	1	1	2	2
2	2	2	2	2	1	1	1	1	2	1	1	2	1	2	2	1	2	1	2	1	1	2	1	1	1	1	1	2	1	1	2	1	1	1	2	1	2	2	2	2	1	2	1	1	2	2	1	1	2	1	1	2	1	1	1	1	1	1	2	1	2	1	2	2	2	2	1	2	1	1	1	2	1	2	2	2	2	1	1	1	1	1	1	1	1	1	1	2
3	2	2	2	2	2	1	1	1	2	1	1	2	1	2	2	1	2	1	2	1	1	2	1	1	1	1	1	1	2	1	1	1	1	1	2	2	2	2	2	2	1	1	1	1	2	2	1	1	2	2	1	2	1	2	1	1	1	1	2	1	2	2	2	2	2	2	1	2	1	1	2	2	1	1	1	2	2	1	1	1	1	1	1	1	1	1	1	2
3	2	2	2	2	2	2	2	1	2	1	1	2	1	2	2	2	2	1	1	1	1	2	1	1	1	1	1	1	1	1	1	1	1	1	2	2	2	2	2	2	1	2	1	1	2	2	1	1	2	1	1	2	1	2	1	1	1	2	1	1	2	1	2	2	2	2	1	2	1	1	2	2	1	1	2	2	2	1	1	1	1	1	1	1	1	1	1	2
3	2	2	2	2	2	1	2	1	2	1	1	2	1	2	2	1	2	1	1	1	1	2	1	1	1	1	1	2	1	1	1	1	1	1	2	2	2	2	2	2	1	2	1	1	2	2	1	2	2	2	1	2	1	1	1	2	1	2	2	1	2	1	2	2	2	2	1	2	1	1	1	2	2	1	2	2	1	1	1	1	1	1	1	1	1	1	1	2
4	2	2	2	2	2	2	2	1	2	1	1	2	2	2	2	1	2	1	1	1	1	1	1	1	1	1	1	1	1	2	1	1	1	1	2	2	2	2	2	2	1	2	1	1	2	2	1	1	2	1	1	2	1	1	1	1	1	2	2	1	2	2	2	2	2	2	1	2	1	1	2	2	2	1	2	2	1	1	1	1	1	1	1	1	1	1	2	2
4	2	2	2	1	2	1	2	1	2	1	1	2	1	2	2	1	2	1	1	1	1	2	1	1	1	1	1	1	1	1	1	1	1	1	2	1	2	2	2	2	1	1	1	1	2	2	1	1	2	1	1	2	1	1	1	1	1	1	2	1	2	2	2	2	2	2	1	2	1	1	1	2	1	1	2	2	1	1	1	1	1	1	1	1	1	1	2	2
4	2	2	2	2	2	2	2	1	2	1	1	2	1	2	2	1	2	1	1	1	1	2	1	1	1	1	1	1	1	1	1	1	1	1	2	2	2	2	2	2	1	2	1	1	2	2	1	1	2	1	1	2	1	1	1	1	1	1	2	1	2	2	2	2	2	2	1	2	1	1	2	2	2	1	2	2	1	1	1	1	1	1	1	1	1	1	2	2
5	2	2	2	2	1	1	1	1	2	1	1	2	1	2	2	1	2	1	1	1	1	2	1	1	1	1	1	2	1	1	1	1	1	1	2	1	2	2	2	2	1	1	1	1	2	2	1	1	2	1	1	2	1	1	1	1	1	2	2	1	2	2	2	2	2	2	1	2	1	1	2	2	2	1	2	2	2	1	1	1	1	1	1	1	1	1	2	2
5	2	2	2	2	2	2	1	1	2	1	1	2	1	2	2	1	1	1	1	1	1	2	1	1	1	1	1	1	1	1	1	1	1	1	2	2	2	2	2	2	1	2	1	1	2	2	1	2	2	1	1	2	1	1	1	1	1	1	2	1	2	2	2	2	2	2	1	2	1	1	2	2	2	1	2	2	2	1	1	1	1	1	1	1	1	1	2	2
5	2	2	2	2	1	1	2	1	2	1	1	2	1	2	2	2	2	1	2	1	1	2	1	1	1	1	1	1	2	1	1	1	1	1	2	2	2	2	2	2	1	1	1	1	2	2	1	1	2	1	1	2	1	1	1	1	1	1	2	1	2	2	2	2	2	2	1	2	1	1	2	2	1	1	2	2	2	1	1	1	1	1	1	1	1	1	2	2
6	2	2	2	2	1	1	1	1	2	1	1	2	2	2	1	2	2	1	1	1	1	1	1	1	1	1	1	2	1	1	1	1	1	1	2	2	2	1	2	2	1	1	1	1	1	2	1	1	2	1	1	2	1	1	1	1	1	1	2	1	2	1	2	2	2	2	1	2	1	1	2	2	1	1	2	2	1	1	1	1	1	1	1	1	1	1	2	2
6	2	2	2	2	1	1	1	1	2	1	1	2	2	2	1	2	2	1	1	1	1	1	1	1	1	1	1	2	1	1	1	1	1	1	2	2	2	2	2	2	1	1	1	1	2	2	1	1	2	1	1	1	1	1	1	1	1	1	2	1	2	1	2	2	2	2	1	2	1	1	2	2	1	1	2	2	1	1	1	1	1	1	1	1	1	1	2	2
6	2	2	2	2	1	1	1	1	2	1	1	2	2	2	1	2	2	1	1	1	1	1	1	1	1	1	1	2	1	1	1	1	1	1	2	2	2	1	2	2	1	1	1	1	1	2	1	1	2	1	1	2	1	1	1	1	1	1	2	1	2	1	2	2	2	2	1	2	1	1	2	2	1	1	2	2	1	1	1	1	1	1	1	1	1	1	2	2
7	2	2	2	2	2	1	1	1	2	1	1	2	1	2	1	1	2	1	2	1	1	2	1	1	1	1	1	1	1	1	1	1	1	1	2	1	2	2	1	2	1	1	1	1	2	2	1	1	2	2	1	2	1	1	1	1	1	1	2	1	2	1	2	2	2	2	1	2	1	1	2	2	2	1	2	2	2	1	1	1	1	1	1	1	1	1	2	2
7	2	2	2	2	2	1	1	1	2	2	1	2	1	2	1	1	2	1	1	1	1	2	1	1	1	2	1	1	1	1	1	1	1	1	2	2	2	2	2	2	1	1	1	1	2	2	1	1	2	1	1	2	1	1	1	1	1	1	1	1	2	2	2	2	2	2	1	2	1	1	1	2	2	1	2	2	2	1	1	1	1	1	1	1	1	1	2	2
7	2	2	2	2	2	1	1	1	2	1	1	2	2	2	2	1	2	1	1	1	1	2	1	1	1	1	1	1	1	1	1	1	1	1	2	2	2	2	2	2	1	1	1	1	2	2	1	1	2	1	1	2	1	1	1	1	1	1	1	1	2	2	2	2	2	2	1	2	1	1	2	2	2	1	2	2	2	1	1	1	1	1	1	1	1	1	2	2
8	2	2	2	1	2	1	2	1	2	1	1	2	1	2	2	1	2	1	2	1	1	2	1	1	1	1	1	2	2	1	2	1	1	1	2	2	2	2	1	2	1	1	1	1	2	2	1	1	2	1	1	2	1	1	1	1	1	1	2	1	2	2	2	2	2	2	1	2	1	1	2	2	1	1	2	2	2	2	1	1	1	1	1	1	1	1	2	2
8	2	2	2	1	2	1	1	1	2	1	1	2	1	2	2	1	2	1	2	1	1	2	2	1	1	1	1	1	1	1	1	1	1	1	2	2	2	2	2	2	1	2	1	1	2	2	1	1	2	1	1	2	1	1	1	1	1	1	2	1	2	2	2	2	2	2	1	2	1	1	1	2	1	1	2	2	2	1	1	1	1	1	1	1	1	1	2	2
8	2	2	2	2	2	1	2	1	2	1	1	2	1	2	2	1	2	1	2	1	1	2	1	1	1	1	1	1	1	1	2	1	1	1	2	1	2	2	2	2	1	1	1	1	2	2	1	1	2	1	1	2	1	1	1	1	1	1	2	1	2	1	2	2	2	2	1	2	1	1	2	2	2	1	2	2	1	2	1	1	1	1	1	1	1	1	2	2
9	2	2	2	2	2	1	1	1	2	1	1	2	1	2	2	1	2	1	2	1	1	2	1	1	1	1	1	1	1	1	1	1	1	1	2	1	2	2	2	2	1	1	1	1	2	2	1	1	2	1	1	2	1	1	1	1	1	1	1	1	2	2	2	2	2	2	2	2	1	1	2	2	2	1	2	2	1	1	1	1	1	1	1	1	1	1	2	2
9	2	2	2	2	2	2	1	1	2	1	1	2	1	2	2	1	2	1	1	1	1	2	1	1	1	1	1	1	1	1	1	1	1	1	2	1	2	2	2	2	1	1	1	1	2	2	1	1	2	1	1	2	1	1	1	2	1	1	1	1	2	2	2	2	2	2	1	2	1	1	2	2	1	1	2	2	2	1	1	1	1	1	1	1	1	1	2	2
9	2	2	2	2	2	2	1	1	2	1	1	2	1	2	2	1	2	1	2	1	1	2	1	1	1	1	1	2	1	1	2	1	1	1	2	1	2	2	2	2	1	1	1	1	2	2	1	2	2	1	1	2	1	1	1	1	1	1	2	1	2	2	2	2	2	2	2	2	1	1	2	2	2	1	2	2	2	2	1	1	1	1	1	1	1	1	2	2
10	2	2	2	2	2	1	1	1	2	1	1	2	2	2	2	1	2	1	1	1	1	2	1	1	1	1	1	1	1	1	1	1	1	1	2	2	2	2	2	2	1	2	1	1	2	2	1	1	2	1	1	2	1	1	1	1	1	1	2	1	2	2	2	2	2	2	1	2	1	1	2	2	2	1	2	2	1	1	1	1	1	1	1	1	1	1	2	2
10	2	2	2	2	1	1	1	1	2	1	2	2	1	2	2	1	2	1	2	1	1	2	1	1	1	1	1	1	1	1	1	1	1	1	2	2	2	2	2	2	1	1	1	1	2	2	1	1	2	1	1	2	1	1	1	2	1	1	2	1	2	2	2	2	2	2	1	2	1	1	2	2	2	1	2	2	1	1	1	1	1	1	1	1	1	1	1	2
10	2	2	2	2	2	1	1	1	2	1	2	2	1	2	2	1	2	1	1	1	1	2	1	1	1	1	1	1	1	1	1	1	1	1	2	2	2	2	2	2	1	2	1	1	2	2	1	1	2	1	1	2	1	1	1	2	1	1	2	1	2	2	2	2	2	2	1	2	1	1	2	2	2	1	1	2	2	1	1	1	1	1	1	1	1	1	2	2
11	2	2	2	2	1	2	1	1	2	1	1	2	1	2	2	1	2	1	1	1	1	2	1	1	1	1	1	1	1	1	2	1	1	1	2	1	2	2	2	2	1	1	1	1	2	2	1	1	2	1	1	2	1	1	1	1	1	1	2	1	2	2	2	2	2	2	1	2	1	1	1	2	2	1	2	2	1	1	1	1	1	1	1	1	1	1	1	2
11	2	2	2	2	1	1	1	1	2	1	1	2	1	2	2	1	2	1	1	1	1	2	1	1	1	1	2	1	1	1	1	1	1	1	2	1	2	2	2	2	1	2	1	1	2	2	1	1	2	1	1	2	1	1	1	2	1	2	2	1	2	1	2	2	2	2	1	2	1	2	1	2	2	1	2	2	2	1	1	1	1	1	1	1	1	1	2	2
11	2	2	2	2	2	1	1	1	2	1	1	2	1	2	2	1	2	2	1	1	1	2	1	1	1	1	1	1	1	1	1	1	1	1	2	1	2	2	2	2	1	1	1	1	2	2	1	1	2	1	1	2	1	1	1	2	1	1	2	1	2	2	2	2	2	2	1	2	1	1	1	2	2	1	2	2	2	1	1	1	1	1	1	1	1	1	1	2
12	2	2	2	2	2	1	1	1	2	1	1	2	1	2	2	1	1	1	2	1	1	2	1	1	1	1	2	1	1	2	1	1	1	1	2	2	2	2	2	2	1	2	1	1	2	2	1	1	2	1	1	2	1	1	1	2	1	1	2	1	2	2	2	2	2	2	1	2	1	1	2	2	2	2	2	2	2	1	1	1	1	1	1	1	1	1	2	2
12	2	2	2	2	1	2	1	1	2	1	2	2	1	2	2	1	2	1	1	1	1	2	1	1	1	1	1	1	1	2	1	1	1	1	2	2	2	2	2	2	1	1	1	1	2	2	1	1	2	1	1	2	1	1	1	2	1	1	2	1	2	2	2	2	2	2	1	2	1	1	2	2	2	2	1	2	2	1	1	1	1	1	1	1	1	1	2	2
12	2	2	2	2	2	2	1	1	2	1	1	2	1	2	2	1	2	1	1	1	1	2	1	1	1	1	1	1	1	2	1	1	1	1	2	2	2	2	2	2	1	1	1	1	2	2	1	1	2	1	1	2	1	1	1	1	1	1	2	1	2	2	2	2	2	2	1	2	1	1	2	2	2	1	1	2	1	1	1	1	1	1	1	1	1	1	1	2
13	2	2	2	2	2	2	2	1	2	1	1	2	1	2	2	2	2	1	1	1	1	2	2	1	1	1	1	1	1	2	1	1	1	1	2	1	2	2	2	2	1	2	1	1	2	2	1	1	2	1	1	2	1	1	1	1	1	1	2	1	2	2	2	2	2	2	1	2	1	1	2	2	2	1	2	2	2	1	1	1	1	1	1	1	1	1	1	2
13	2	2	2	2	2	1	1	1	2	2	1	2	2	2	2	1	2	1	2	1	1	1	1	1	1	1	1	1	1	1	1	1	1	1	2	2	2	2	2	2	1	1	1	1	2	2	1	1	2	1	1	2	1	1	1	1	1	1	2	1	2	2	2	2	2	2	1	2	1	1	2	2	2	1	2	2	2	1	1	1	1	1	1	1	1	1	1	2
13	2	2	2	2	2	1	1	1	2	1	1	2	1	2	2	1	2	1	1	1	1	2	1	1	1	1	1	1	1	2	1	1	1	1	2	2	2	2	2	2	1	1	1	1	2	2	1	1	2	1	1	2	1	1	1	1	1	1	1	1	2	2	2	2	2	2	1	2	1	1	1	2	2	1	2	2	2	1	1	1	1	1	1	1	1	1	1	2
14	2	2	2	2	1	1	1	1	2	1	1	2	1	2	2	1	2	1	1	1	1	2	1	1	1	1	2	1	1	2	1	1	1	1	2	2	2	2	2	2	1	2	1	1	2	2	1	1	2	1	1	2	1	2	1	1	1	1	2	1	2	2	2	2	2	2	1	2	1	1	2	2	2	1	2	2	2	1	1	1	1	1	1	1	1	1	2	2
14	2	2	2	2	2	2	1	1	2	1	1	2	1	2	2	1	2	1	1	1	1	2	1	1	1	1	1	1	1	2	1	1	1	1	2	2	2	2	2	2	1	2	1	1	2	2	1	1	2	2	1	2	1	2	1	2	1	1	1	1	2	2	2	2	2	2	1	2	1	1	2	2	1	1	1	2	2	1	1	1	1	1	1	1	1	1	2	2
14	2	2	2	2	1	1	1	1	2	1	1	2	1	2	2	1	2	1	1	1	1	2	1	1	1	1	1	2	1	1	1	1	1	1	2	2	2	2	2	2	1	1	1	1	2	2	1	1	2	2	1	2	1	2	1	1	1	1	2	1	2	2	2	2	2	2	1	2	1	1	2	2	1	1	1	2	2	1	1	1	1	1	1	1	1	1	1	2
15	2	2	2	1	2	1	2	2	2	1	1	2	2	2	1	1	2	1	2	1	1	1	1	1	1	1	1	1	1	1	1	1	1	1	2	2	2	1	2	2	1	1	1	1	2	1	1	1	2	1	1	2	1	1	1	1	1	2	1	1	2	1	2	2	2	2	1	2	1	2	2	2	2	2	2	2	2	1	1	2	1	1	1	1	1	1	2	2
15	2	2	2	2	2	1	2	2	2	1	1	2	1	2	1	1	2	1	2	1	1	1	1	1	1	1	1	1	1	1	1	1	1	1	2	2	2	2	2	2	1	1	1	1	2	1	2	1	2	1	1	2	1	1	1	1	1	1	2	1	2	2	2	2	2	2	1	2	1	2	1	2	2	1	2	2	2	1	1	2	2	1	1	1	1	1	2	2
15	2	2	2	2	2	1	2	1	2	1	1	2	1	2	2	1	2	2	1	1	1	1	1	1	2	1	1	2	1	1	1	1	1	1	2	2	2	2	2	2	1	1	1	1	2	2	1	1	2	1	1	2	1	1	1	1	1	1	2	1	2	1	2	2	2	2	1	2	1	2	1	2	2	1	2	2	2	1	2	1	1	1	1	1	1	1	2	2
16	2	2	2	2	2	2	2	2	2	2	1	2	2	2	2	1	2	1	1	1	1	1	2	1	2	1	1	2	1	1	1	1	1	1	2	2	2	2	2	2	1	1	1	1	2	2	1	1	2	1	1	2	1	1	1	1	1	1	2	1	2	2	2	2	2	2	2	2	1	2	2	2	2	2	2	2	2	1	1	1	2	1	1	1	1	1	2	2
16	2	1	2	2	2	2	2	2	2	1	1	2	2	2	2	1	2	1	2	1	1	2	1	1	1	1	1	2	1	1	1	1	1	1	2	2	2	2	2	2	1	1	1	1	2	2	2	1	2	1	1	2	1	1	1	1	1	1	2	1	2	2	2	2	2	2	1	2	1	1	2	2	2	2	2	2	2	1	1	2	1	1	1	1	1	1	2	2
16	2	2	2	2	2	1	1	1	2	1	1	2	2	2	1	1	2	1	2	1	1	1	1	1	1	1	1	2	1	1	1	1	1	1	2	2	2	2	2	2	1	1	1	1	2	2	1	1	2	1	1	2	1	1	1	1	1	1	2	1	2	2	2	2	2	2	1	2	1	2	2	2	2	1	2	2	2	2	1	1	1	1	1	1	1	1	2	2
17	2	2	2	2	2	2	2	2	2	1	1	2	2	2	1	1	2	2	2	1	1	1	1	1	2	1	1	1	1	1	1	1	1	1	2	2	2	2	2	2	2	1	1	1	2	2	1	1	2	1	1	2	1	1	2	2	1	2	2	1	2	1	2	2	2	2	1	2	1	2	1	2	2	2	2	2	2	1	1	2	1	1	1	1	1	2	2	2
17	2	2	2	2	1	1	2	1	2	1	1	2	1	2	2	1	2	1	1	1	1	2	1	1	1	1	1	1	1	1	1	1	2	1	2	1	2	2	2	2	1	2	1	1	2	2	1	1	2	1	1	2	1	1	1	1	1	1	1	1	2	2	2	2	2	2	1	2	1	2	1	2	2	1	2	2	2	1	1	1	1	2	1	1	1	1	2	2
17	2	2	2	2	1	1	1	1	2	1	1	2	1	2	2	1	2	1	1	1	1	2	1	1	1	1	1	1	1	1	1	1	1	1	2	1	2	2	2	2	1	2	1	1	2	2	1	1	2	1	2	2	1	1	1	1	1	2	2	1	2	2	2	2	2	2	1	2	1	2	1	2	2	1	2	2	2	1	1	1	1	1	1	1	1	1	2	2
18	2	2	2	2	1	1	1	1	2	1	1	2	1	2	2	1	2	1	1	1	1	2	1	1	1	1	1	1	1	1	2	1	1	1	2	2	2	2	2	2	1	2	1	1	2	2	1	1	2	1	1	2	1	1	1	1	1	1	2	1	2	2	2	2	2	2	1	2	1	2	2	2	2	1	2	2	2	1	1	1	1	1	1	1	1	1	2	2
18	2	2	2	2	2	1	1	1	2	1	1	2	2	2	1	1	2	1	1	1	1	2	2	1	1	1	1	1	1	1	1	1	2	1	2	2	2	2	1	2	1	2	1	1	2	2	1	1	2	1	1	2	1	1	1	1	1	1	1	1	2	2	2	2	2	2	1	2	1	1	2	2	2	1	2	2	1	1	1	1	1	1	1	1	1	1	2	2
18	2	2	2	2	1	1	1	1	2	1	1	2	1	2	2	1	2	1	1	1	1	2	1	1	2	1	2	1	1	1	1	1	1	1	2	1	2	1	2	2	1	1	1	1	2	2	1	1	2	1	1	2	1	1	1	1	1	1	1	1	2	2	2	2	2	2	1	2	1	1	2	2	2	1	2	2	2	1	1	1	1	1	1	1	1	1	2	2
19	2	2	2	2	2	2	1	1	2	1	1	2	1	2	2	1	2	1	1	1	1	2	1	1	1	1	1	1	1	1	1	2	1	1	2	2	2	2	2	2	1	1	1	1	2	2	1	1	2	1	1	2	1	1	1	2	1	2	2	1	2	2	2	2	2	2	1	2	1	1	2	2	2	1	1	2	2	2	1	1	1	1	1	1	1	1	1	2
19	2	2	2	2	2	1	1	1	2	1	1	2	1	2	2	1	1	1	2	1	1	2	1	1	1	1	1	1	1	1	1	2	1	1	2	1	2	2	2	2	1	1	1	1	2	2	1	1	2	1	1	2	1	2	1	2	1	2	2	1	2	2	2	2	2	2	1	2	1	1	2	2	1	1	2	2	2	2	1	1	1	1	1	1	1	1	2	2
19	2	2	2	2	2	1	1	1	2	1	2	2	1	2	2	1	2	1	1	1	1	2	1	1	1	1	1	2	1	1	1	1	1	1	2	2	2	2	2	2	1	1	1	1	2	2	1	1	2	1	1	2	1	1	1	1	1	2	2	1	2	2	2	2	2	2	1	2	1	1	2	2	2	1	2	2	2	1	1	1	1	1	1	1	1	1	2	2
20	2	2	2	2	1	1	2	1	2	1	1	2	1	2	2	1	2	1	1	1	1	2	1	1	1	1	1	1	1	1	1	1	1	1	2	1	2	2	2	2	1	1	1	1	2	2	1	1	2	1	1	2	1	1	1	1	1	1	2	1	2	2	2	2	2	2	1	2	1	2	2	2	2	1	1	2	2	1	1	1	1	1	1	1	1	1	2	2
20	2	2	2	2	2	1	2	1	2	1	2	2	1	2	2	1	2	1	2	1	1	2	1	1	1	1	1	1	1	2	1	1	1	1	2	2	2	2	2	2	1	2	1	1	2	2	1	1	2	1	1	2	1	1	1	1	1	2	2	1	2	2	2	2	2	2	1	2	1	1	1	2	2	1	1	2	2	1	1	1	1	1	1	1	1	1	1	2
20	2	2	2	2	1	1	1	1	2	1	1	2	1	2	2	1	2	1	2	1	1	2	1	1	1	1	1	1	1	1	1	1	1	1	2	2	2	2	2	2	1	2	1	1	2	2	1	1	2	1	1	2	1	1	1	2	1	1	2	1	2	2	2	2	2	2	1	2	1	1	2	2	1	1	1	2	2	1	1	1	1	1	1	1	1	1	2	2
21	2	2	2	2	1	1	2	1	2	1	1	2	1	2	2	1	2	1	1	1	2	1	1	1	1	1	1	1	1	2	1	1	1	1	2	2	2	2	2	2	1	2	1	1	2	2	1	1	2	1	1	2	1	1	1	1	1	1	2	1	2	1	2	2	2	2	1	2	1	1	1	2	1	1	2	2	2	1	1	1	1	1	1	1	1	1	2	2
21	2	2	2	2	1	1	1	1	2	1	1	2	1	2	2	1	2	1	1	1	1	2	1	1	1	1	2	1	1	1	1	1	1	1	2	2	2	2	2	2	1	1	1	1	2	2	1	1	2	1	1	2	1	1	1	2	1	1	2	1	2	2	2	2	2	2	1	2	1	1	2	2	2	1	2	2	1	1	1	1	1	1	1	1	1	1	2	2
21	2	2	2	2	2	1	2	1	2	1	1	2	1	2	2	1	2	2	1	1	1	2	1	1	1	1	2	1	1	2	1	1	1	1	2	2	2	2	1	2	1	1	1	1	2	2	1	1	2	1	1	2	1	1	1	2	1	1	1	1	2	1	2	2	2	2	2	2	1	2	2	2	2	1	1	2	2	1	1	1	1	1	1	1	1	1	2	2
22	2	2	2	2	2	2	2	1	2	1	2	2	1	2	2	1	2	1	2	1	1	2	2	1	1	1	2	1	1	1	1	1	1	1	2	2	2	2	2	2	1	2	1	2	2	2	1	1	2	1	1	2	1	1	1	1	1	1	2	1	2	1	2	2	2	2	1	2	1	1	2	2	2	1	2	2	1	2	1	1	1	1	1	1	1	1	2	2
22	2	2	2	2	1	1	2	1	2	1	1	2	1	2	2	1	2	1	1	1	2	1	1	1	1	1	1	1	1	2	1	1	1	1	2	2	2	2	1	2	1	1	1	2	2	2	1	1	2	1	1	2	1	1	1	2	1	1	2	1	2	1	2	2	2	2	1	2	1	1	2	2	1	1	1	2	2	1	1	1	1	1	1	1	1	1	1	2
22	2	2	2	2	1	1	1	1	2	1	1	2	1	2	2	1	2	1	1	1	1	2	1	1	1	1	2	1	1	1	1	1	1	1	2	2	2	2	2	2	1	1	1	2	2	2	1	2	2	1	1	2	1	1	1	1	1	1	2	1	2	1	2	2	2	2	1	2	1	1	1	2	1	1	2	2	2	2	1	1	1	1	1	1	1	1	1	2
23	2	2	2	2	2	2	1	1	2	1	1	2	1	2	2	1	1	1	1	1	1	2	1	1	1	1	1	1	1	1	1	1	1	1	2	1	2	2	2	2	1	1	1	1	2	2	1	1	2	1	1	2	1	1	1	1	1	1	2	1	2	1	2	2	2	2	1	2	1	1	1	2	1	2	2	2	2	1	1	1	1	1	1	1	1	1	2	2
23	2	2	2	2	2	1	2	1	2	1	1	2	1	2	2	2	2	1	2	1	1	2	1	1	1	1	1	1	2	1	1	1	1	1	2	1	2	2	2	2	1	1	1	1	2	2	1	1	2	1	1	2	1	1	1	1	1	1	1	1	2	2	2	2	2	2	1	2	1	2	1	2	2	1	2	2	2	2	1	1	1	1	1	1	1	1	2	2
23	2	2	2	2	2	2	2	1	2	1	2	2	1	2	2	1	2	1	2	1	1	2	2	1	1	1	2	1	1	1	1	1	1	1	2	1	2	2	2	2	1	2	1	1	2	2	1	1	2	1	1	2	1	1	1	1	1	1	2	1	2	1	2	2	2	2	1	2	1	1	1	2	2	1	2	2	2	1	1	1	1	1	1	1	1	1	2	2
24	2	2	2	2	2	1	2	1	2	1	1	2	2	2	2	1	2	1	2	1	1	1	1	1	1	1	1	1	1	1	1	1	1	1	2	1	2	2	2	2	1	1	1	1	2	2	2	2	2	1	1	2	1	1	1	1	1	1	1	1	2	2	2	2	2	2	2	2	1	2	1	2	2	1	2	2	2	2	1	1	1	1	1	1	1	1	2	2
24	2	2	2	2	2	1	2	2	2	1	1	2	1	2	1	1	2	2	2	1	1	1	1	1	2	1	1	2	1	1	1	1	1	1	2	2	2	2	2	2	1	2	1	2	2	2	2	1	2	1	1	2	1	1	1	1	1	1	1	1	2	1	2	2	2	2	1	2	1	2	1	2	2	2	2	1	2	2	1	1	1	1	1	1	1	1	2	2
24	2	2	2	2	2	1	2	2	2	2	1	2	2	2	1	1	2	1	2	1	1	2	1	1	2	1	1	2	1	1	1	1	1	1	2	2	2	2	2	2	1	1	1	1	2	2	1	1	2	1	1	2	1	1	1	1	1	1	2	1	2	2	2	2	2	2	1	2	1	2	1	2	2	2	2	2	2	2	1	2	1	1	1	1	1	1	2	2
25	2	2	2	2	2	1	1	2	2	1	1	2	2	2	2	1	2	1	2	1	1	2	1	1	1	1	1	2	1	1	1	1	1	1	2	2	2	2	2	2	2	1	1	1	2	2	1	1	2	1	1	2	1	1	1	1	1	1	1	1	2	2	2	2	2	2	1	2	1	2	1	2	2	2	2	2	2	1	1	1	1	1	1	1	1	1	2	2
25	2	2	2	2	2	1	2	1	2	2	1	1	2	2	2	1	2	1	2	1	1	1	1	1	1	1	1	2	1	1	1	1	1	1	2	2	2	2	2	2	1	1	1	1	2	2	1	1	2	1	1	2	1	1	1	1	1	2	2	1	2	2	2	2	2	2	1	2	1	2	1	2	2	1	2	2	2	1	1	1	1	1	1	1	1	1	2	2
25	2	2	2	2	2	1	2	2	2	1	1	2	2	2	2	1	2	2	1	1	1	2	1	1	1	1	1	2	1	1	1	1	1	1	2	2	2	2	2	2	1	1	1	1	2	2	1	1	2	1	1	2	1	1	1	1	1	1	2	1	2	2	2	2	2	2	2	2	1	2	1	2	2	2	2	2	2	2	1	1	1	1	1	1	1	1	2	2
26	2	2	2	2	2	1	2	2	2	1	1	2	2	2	2	1	2	1	1	1	1	2	1	1	2	1	1	1	1	1	1	1	1	1	2	2	2	2	2	2	1	1	1	1	2	2	1	1	2	1	1	2	2	1	1	1	1	1	1	1	2	1	2	2	2	2	1	2	1	1	1	2	2	2	2	2	2	1	1	2	1	1	1	1	1	1	2	2
26	2	2	2	2	2	1	2	2	2	1	1	2	2	2	2	1	2	1	1	1	1	2	1	1	1	1	1	1	1	1	1	1	1	1	2	2	2	2	2	2	1	1	1	1	2	2	1	1	2	1	1	2	1	1	1	1	1	1	2	1	2	2	2	2	2	1	1	2	1	2	1	2	2	2	2	2	2	2	1	2	1	1	1	1	1	1	2	2
26	2	2	2	2	2	1	2	2	2	1	1	2	2	2	2	1	2	1	1	1	1	2	1	1	2	1	1	2	1	1	1	1	1	1	2	2	2	2	2	2	1	2	1	1	2	2	1	1	2	1	1	2	1	1	1	1	1	2	1	1	2	1	1	1	1	1	1	1	1	1	1	1	1	1	2	2	2	1	1	1	1	1	1	1	1	1	2	1
27	2	1	2	2	2	1	1	2	2	1	1	2	2	2	1	1	2	1	1	1	1	1	1	1	2	1	1	1	1	1	1	1	1	1	2	2	2	2	2	2	1	1	1	1	2	2	1	2	2	1	1	2	1	1	1	1	1	2	2	1	2	2	2	2	2	2	1	2	1	1	1	2	2	2	2	2	2	1	1	2	1	1	1	1	1	1	2	2
27	2	2	2	2	2	1	2	2	2	1	1	2	1	2	1	1	2	1	2	1	1	2	1	1	2	1	1	1	1	1	1	1	1	1	2	2	2	2	2	2	1	2	1	1	2	2	1	1	2	1	1	2	1	1	1	1	1	1	2	1	2	2	2	2	2	2	1	2	1	1	1	2	2	1	2	2	2	1	1	1	1	1	1	1	1	1	2	2
27	2	2	2	2	2	1	1	2	2	1	1	2	2	2	1	1	2	1	2	1	1	1	1	1	1	1	1	1	1	1	2	1	1	1	2	2	2	1	2	2	1	1	1	1	2	1	1	1	2	1	1	2	1	1	1	1	1	1	2	1	2	2	2	2	2	2	1	2	1	1	1	2	2	2	2	2	2	1	1	2	1	1	1	1	1	1	2	2
28	2	2	2	2	2	1	1	1	2	1	1	2	1	2	1	1	2	1	1	1	1	2	1	1	2	1	1	1	1	1	1	1	1	1	2	1	2	2	2	2	1	1	1	1	2	2	1	1	2	1	1	2	1	1	1	1	1	1	2	1	2	2	2	2	2	2	1	2	1	1	2	2	2	1	2	2	2	1	1	1	1	1	1	1	1	1	2	2
28	2	2	2	2	2	2	1	1	2	1	1	2	1	2	2	1	2	1	1	1	1	2	1	1	1	2	1	1	1	2	1	1	1	1	2	2	2	2	2	2	1	1	1	1	2	2	1	1	2	1	1	2	1	1	1	2	1	1	2	1	2	1	2	2	2	2	1	2	1	1	2	2	1	1	2	2	2	2	1	1	1	1	1	1	1	1	1	2
28	2	2	2	2	2	1	1	1	2	1	1	2	1	2	2	1	2	1	2	1	1	2	1	1	1	2	1	1	1	2	1	1	1	1	2	2	2	2	2	2	1	1	1	1	2	2	1	1	2	1	1	2	1	1	1	2	1	1	2	1	2	2	2	2	2	2	1	2	1	2	2	2	1	1	1	2	2	1	1	1	1	1	1	1	1	1	1	2
29	2	2	2	2	2	1	2	1	2	1	1	2	2	2	2	1	2	1	1	1	1	2	1	1	1	1	1	1	1	1	1	1	1	1	2	2	2	2	2	2	1	1	1	1	2	2	1	2	2	1	1	2	1	1	1	2	1	1	2	1	2	2	2	2	2	2	1	2	1	1	1	2	2	1	2	2	1	1	1	1	1	2	1	1	1	1	2	2
29	2	2	2	2	2	1	1	1	2	1	1	2	2	2	2	1	2	1	1	1	1	2	1	1	1	1	1	1	1	1	1	1	1	1	2	1	2	2	2	2	1	1	1	1	2	2	1	1	2	1	1	2	1	1	1	1	1	1	1	1	2	2	2	2	2	2	1	2	1	2	1	2	2	1	2	2	2	1	1	1	1	1	1	1	1	1	2	2
29	2	2	2	2	2	2	1	1	2	1	1	2	2	2	2	1	2	1	1	1	1	2	1	1	1	1	1	1	1	1	1	1	1	1	2	2	2	2	2	2	1	1	1	1	2	2	1	1	2	1	1	2	1	1	1	1	1	1	1	1	2	2	2	2	2	2	1	2	1	1	2	2	2	1	1	2	1	1	1	1	1	1	1	1	1	1	2	2
30	2	2	2	2	1	1	2	1	2	1	1	2	1	2	2	1	2	1	2	1	1	2	1	1	1	1	1	1	1	1	1	1	1	1	2	1	2	2	2	2	1	2	1	1	2	2	1	1	2	1	1	2	1	1	1	2	1	1	2	1	2	2	2	2	2	2	2	2	1	1	2	2	2	1	2	2	2	2	1	1	1	2	1	1	1	1	2	2
30	2	2	2	2	1	1	2	1	2	1	1	2	1	2	2	1	2	1	1	1	1	2	1	1	1	1	1	2	1	1	1	1	1	1	2	1	2	2	2	2	1	1	1	1	2	2	1	1	2	1	1	2	1	1	1	2	1	1	2	1	2	2	2	2	2	2	1	2	1	1	1	2	2	1	2	2	2	1	1	1	1	1	2	1	1	1	2	2
30	2	2	2	2	1	1	2	1	2	1	1	2	1	2	2	1	2	1	2	1	1	2	1	1	1	1	1	1	1	1	1	1	1	1	2	2	2	2	2	2	1	1	1	1	2	2	1	1	2	1	1	2	1	2	1	1	1	1	2	1	2	2	2	2	2	2	1	2	1	1	2	2	2	1	2	2	2	1	1	1	1	1	1	1	1	1	2	2
31	2	2	2	2	2	1	2	1	2	1	1	2	1	2	2	1	2	1	1	1	1	2	2	1	1	1	1	1	1	2	1	1	1	1	2	2	2	2	2	2	1	1	1	1	2	2	1	1	2	2	1	2	1	2	1	1	1	1	1	1	2	1	2	2	2	2	1	2	1	1	2	2	2	1	2	2	2	1	1	1	1	1	1	1	1	1	2	2
31	2	2	2	2	2	1	1	1	2	1	1	2	1	2	2	1	2	1	1	1	1	2	1	1	1	1	1	1	1	1	1	1	1	1	2	2	2	2	2	2	1	1	1	1	2	2	1	1	2	1	1	2	1	2	1	1	1	1	2	1	2	2	2	2	2	2	1	2	1	1	2	2	2	1	2	2	2	1	1	1	1	1	1	1	1	1	2	2
31	2	2	2	2	2	1	1	1	2	1	1	2	1	2	2	1	2	1	1	1	1	2	1	1	1	1	2	1	1	2	1	1	1	1	2	1	2	2	2	2	1	1	1	1	2	2	1	1	2	2	1	2	1	1	1	2	1	1	2	1	2	1	2	2	2	2	1	2	1	1	1	2	2	1	1	2	1	1	1	1	1	1	1	1	1	1	2	2
32	2	2	2	2	1	1	1	1	2	2	1	2	1	2	2	1	2	1	1	1	1	1	1	1	1	1	1	1	1	1	1	1	1	1	2	2	2	2	2	2	1	1	1	2	2	2	1	1	2	1	1	2	1	1	1	1	1	1	2	1	2	1	2	2	2	2	1	2	1	1	2	2	2	1	2	2	1	1	1	1	1	1	1	1	1	1	2	2
32	2	2	2	2	1	2	2	1	2	1	1	2	1	2	2	2	1	1	1	1	1	2	1	1	1	1	2	1	1	2	1	1	1	1	2	2	2	2	2	2	1	1	1	1	2	2	1	1	2	1	1	2	1	1	1	1	1	1	2	1	2	2	2	2	2	2	1	2	1	1	1	2	2	1	2	2	2	1	1	1	1	1	1	1	1	1	2	2
32	2	2	2	2	2	1	2	1	2	1	1	2	1	2	2	1	2	1	2	1	1	2	1	1	1	1	2	1	1	1	1	1	1	1	2	1	2	2	2	2	1	1	1	2	2	2	1	1	2	1	1	2	1	1	1	1	1	1	2	1	2	2	2	2	2	2	1	2	1	1	2	2	2	1	2	2	2	1	1	1	1	1	1	1	1	1	2	2
33	2	2	2	2	1	1	2	1	2	1	1	2	1	2	2	2	2	1	2	1	1	1	1	1	1	1	1	1	1	1	1	1	1	1	2	2	2	2	2	2	1	1	1	1	2	2	1	1	2	2	1	2	1	1	1	1	1	1	2	1	2	2	2	2	2	2	1	2	1	1	2	2	2	1	2	2	2	1	1	1	2	1	1	1	1	1	1	2
33	2	2	2	2	2	1	1	1	2	1	1	2	1	2	2	1	2	1	1	1	1	1	2	1	1	1	1	1	1	1	1	1	1	1	2	1	2	2	2	2	1	1	1	1	2	2	1	1	2	2	1	2	1	1	1	1	1	1	2	1	2	2	2	2	2	2	1	2	1	1	2	2	2	1	2	2	1	1	1	1	1	1	1	1	1	1	1	2
33	2	2	2	2	1	1	1	1	2	1	1	2	1	2	2	1	2	1	2	1	2	1	1	1	1	1	1	1	1	1	1	1	1	1	2	2	2	2	2	2	1	1	1	1	2	2	1	1	2	1	1	2	1	1	1	2	1	1	2	1	2	1	2	2	2	2	1	2	1	1	1	2	2	1	1	2	2	1	1	1	1	1	1	1	1	1	1	2
34	2	2	2	2	2	1	2	2	2	1	1	2	2	2	2	1	2	1	2	1	2	1	1	1	2	1	1	1	1	1	1	1	1	1	2	2	2	2	2	2	1	1	1	1	2	2	2	1	2	1	1	2	1	1	1	1	1	1	2	1	1	1	1	1	1	1	1	1	1	1	1	1	1	1	1	1	1	1	1	1	1	1	1	1	1	1	1	1
34	2	2	2	2	2	2	2	2	2	2	1	2	2	2	2	1	2	1	2	1	1	1	1	1	1	1	1	2	1	1	1	1	1	1	2	2	2	2	2	2	2	1	1	1	2	2	1	1	2	1	1	2	1	1	1	1	1	1	1	1	1	1	1	1	1	1	1	1	1	1	1	1	1	1	1	1	1	1	1	1	1	1	1	1	1	1	1	1
35	2	2	2	2	2	1	2	2	2	1	1	2	2	2	2	1	2	1	1	1	1	1	1	1	2	1	1	2	1	1	1	1	1	1	2	2	2	2	2	2	2	1	1	1	2	2	1	1	2	1	1	2	1	1	1	1	1	1	1	1	2	1	2	2	2	2	1	2	1	2	1	2	2	2	2	2	2	2	1	1	2	1	1	1	1	1	2	2
35	2	2	2	2	2	2	2	2	2	1	1	2	2	2	2	1	2	1	2	1	1	1	1	1	1	1	1	2	1	1	1	1	1	1	2	2	2	2	2	2	1	1	1	1	2	2	2	1	2	1	1	2	1	1	1	1	1	1	1	1	2	2	2	2	2	2	1	2	1	2	1	2	2	2	2	2	2	2	1	2	2	1	1	1	1	1	2	2
35	2	1	2	2	2	1	2	2	2	1	1	2	1	2	2	1	2	1	2	1	2	1	1	1	1	1	1	1	1	1	1	1	1	1	2	2	2	2	2	2	1	1	1	1	2	2	2	1	2	1	1	2	1	1	1	1	1	1	1	1	2	2	2	2	2	2	1	2	1	2	1	2	2	2	2	2	2	1	1	1	1	1	1	1	1	1	2	2
36	2	2	2	2	2	1	2	1	2	2	1	2	2	2	2	1	2	2	2	1	1	1	1	1	2	1	1	2	1	1	2	1	1	1	2	2	2	2	2	2	1	1	1	1	2	2	1	1	2	1	1	2	1	1	1	1	1	1	2	1	2	2	2	2	2	2	1	2	1	2	1	2	2	1	2	2	2	1	1	2	1	1	1	1	1	1	2	2
36	2	2	2	2	2	1	2	2	2	1	1	2	2	2	2	1	2	1	2	1	1	1	1	1	1	1	1	1	1	1	2	1	1	1	2	2	2	2	2	2	1	1	1	1	2	2	1	1	2	1	1	2	1	1	1	1	1	2	2	1	2	1	2	2	2	2	1	2	1	1	1	2	2	1	2	2	2	2	1	2	2	1	1	1	1	1	2	2
36	2	2	2	2	2	1	2	2	2	1	1	2	2	2	2	1	2	2	2	1	1	2	1	1	1	1	1	1	1	1	1	1	1	1	2	2	2	1	2	2	2	1	1	1	2	2	1	1	2	1	1	2	1	1	1	1	1	2	2	1	2	2	2	2	2	2	1	2	1	2	1	2	2	2	2	2	2	1	1	1	2	1	1	1	1	1	2	2
37	2	2	2	2	2	1	1	2	2	1	1	2	2	2	1	1	2	1	2	1	1	1	1	1	2	1	1	1	1	1	1	1	1	1	2	2	2	2	2	2	2	1	1	1	2	2	2	1	2	1	1	2	1	1	1	1	1	1	2	1	2	1	2	2	2	2	1	2	1	2	1	2	2	2	2	2	2	1	1	2	1	1	1	1	1	1	2	2
37	2	2	2	2	2	1	2	2	2	2	1	2	2	2	2	1	2	2	2	1	1	1	1	1	1	1	1	1	1	1	1	1	1	1	2	2	2	2	2	2	2	2	2	1	2	2	2	1	2	1	1	2	1	1	1	1	1	1	2	1	2	2	2	2	2	2	1	2	1	2	1	2	2	2	2	2	2	2	1	1	1	1	1	1	1	1	2	2
37	2	2	2	1	2	1	2	1	2	1	1	2	2	2	2	1	2	2	2	1	1	1	1	1	1	1	1	1	1	1	1	1	1	1	2	2	2	2	2	2	1	2	1	1	2	2	1	1	2	1	1	2	1	1	1	1	1	1	2	1	2	2	2	2	2	2	1	2	1	2	1	2	2	2	2	2	2	1	1	1	1	1	1	1	1	1	2	2
38	2	2	2	2	2	1	2	2	2	1	1	2	2	2	1	1	2	1	2	1	1	1	1	1	2	1	1	1	1	1	1	1	1	1	2	2	2	1	2	2	1	2	1	1	2	2	1	1	2	1	1	2	1	1	1	1	1	1	1	1	2	2	2	2	2	2	1	2	1	1	1	2	2	2	2	2	2	1	1	1	1	1	1	1	1	1	2	2
38	2	2	2	2	2	1	1	2	2	1	1	2	2	2	2	1	2	1	2	1	1	2	1	1	1	1	1	1	1	1	2	1	1	1	2	2	2	2	2	2	1	1	1	1	2	2	1	1	2	1	1	2	1	1	1	1	1	1	2	1	2	1	2	2	2	1	1	2	1	2	1	2	2	2	2	2	2	2	1	1	1	1	1	1	1	1	2	2
38	2	2	2	2	2	1	2	1	2	2	1	2	2	2	2	1	2	2	2	1	1	1	1	1	2	1	1	1	1	1	1	1	1	1	2	2	2	1	2	2	1	1	1	1	2	2	1	1	2	1	1	2	1	1	1	1	1	1	2	1	2	2	2	2	2	1	1	2	1	2	1	2	2	2	2	2	2	1	1	1	2	1	1	1	1	1	2	2
39	2	2	2	2	2	1	2	1	2	2	1	2	2	2	2	1	2	1	2	1	1	2	1	1	2	1	1	1	2	1	1	1	1	1	2	2	2	1	2	2	1	1	1	1	2	2	1	1	2	1	1	2	1	1	1	1	1	2	2	1	2	1	2	2	2	2	1	2	1	1	2	2	2	1	2	2	2	2	1	1	1	1	1	1	1	1	1	2
39	2	2	2	2	2	1	1	2	2	1	1	2	2	2	2	1	2	1	2	1	1	2	1	1	2	2	1	1	1	1	1	1	1	1	2	2	2	2	2	2	1	1	1	1	2	2	1	1	2	1	1	2	1	1	1	1	1	1	2	1	2	2	2	2	2	2	1	2	1	1	2	2	2	1	2	2	2	1	1	1	1	1	1	1	1	1	1	2
39	2	2	2	2	2	2	1	1	2	1	1	2	1	2	2	1	2	1	1	1	1	1	1	1	2	1	1	1	1	1	1	1	1	1	2	2	2	2	2	2	1	1	1	1	2	2	1	1	2	1	1	2	1	1	1	1	1	2	1	1	2	1	2	2	2	2	1	2	1	1	2	2	1	2	2	2	2	2	1	1	1	1	1	1	1	1	1	2
40	2	2	2	2	2	2	1	1	2	1	1	2	1	2	1	1	2	1	2	1	2	2	1	1	1	1	1	1	1	1	1	1	1	1	2	2	2	2	2	2	1	2	1	1	2	2	1	1	2	1	1	2	1	1	1	1	1	2	2	1	2	2	2	2	2	2	1	2	1	1	1	2	1	2	1	2	1	1	1	1	1	1	1	1	1	1	1	2
40	2	2	2	2	1	1	1	1	2	1	2	2	1	2	2	1	2	1	2	1	2	2	2	1	2	1	2	1	1	1	1	1	1	1	2	2	2	2	2	2	1	1	1	1	2	2	1	1	2	1	1	2	1	1	1	1	1	2	1	1	2	2	2	2	2	2	1	2	1	1	1	2	2	1	2	2	2	1	1	1	1	1	1	1	1	1	2	2
40	2	2	2	2	2	1	2	1	2	1	1	2	2	2	2	1	2	1	1	1	1	2	1	1	1	1	2	1	1	1	1	1	1	1	2	2	2	2	2	2	1	1	1	2	2	2	1	1	2	2	1	2	1	1	1	1	1	2	2	1	2	2	2	2	2	2	2	2	1	1	2	2	2	1	1	2	1	1	1	1	1	1	1	1	1	1	2	2
41	2	2	2	2	2	1	2	1	2	1	1	2	1	2	2	1	2	1	2	1	1	2	1	1	1	1	1	1	1	1	1	1	1	1	2	2	2	2	2	2	1	2	1	1	2	2	1	1	2	1	1	2	1	1	1	1	1	1	2	1	2	2	2	2	2	2	1	2	1	1	2	2	2	1	1	2	2	1	1	1	1	1	1	1	1	1	2	2
41	2	2	2	2	2	2	2	1	2	1	1	2	1	2	2	1	2	1	2	1	1	2	1	1	1	1	1	1	1	1	1	1	1	1	2	1	2	2	2	2	1	1	1	1	2	2	1	2	2	1	1	2	1	1	1	1	1	1	2	1	2	2	2	2	2	2	1	2	1	1	2	2	2	1	2	2	1	1	1	1	1	1	1	1	1	1	2	2
41	2	2	2	2	2	2	1	1	2	1	1	2	1	2	2	1	2	1	2	1	1	2	1	1	1	1	1	1	1	1	1	1	1	1	2	1	2	2	2	2	1	1	1	1	2	2	1	1	2	1	1	2	1	2	1	2	1	1	2	1	2	2	2	2	2	2	1	2	1	1	1	2	2	1	2	2	2	1	1	1	1	1	1	1	1	1	2	2
42	2	2	2	2	2	1	1	1	2	1	1	2	1	2	1	1	1	1	1	1	1	2	2	1	1	1	1	2	1	1	1	1	1	1	2	2	2	2	2	2	1	1	1	1	2	2	1	1	2	1	1	2	1	1	1	2	1	1	2	1	2	1	2	2	2	2	1	2	1	1	1	2	1	1	1	2	2	1	1	1	1	1	1	1	1	1	2	2
42	2	2	2	2	2	1	1	1	2	1	1	2	1	2	2	1	2	1	1	1	1	2	1	1	1	1	1	1	1	1	1	1	1	1	2	2	2	2	2	2	1	1	1	1	2	2	1	1	2	1	1	2	1	2	1	1	1	2	2	1	2	2	2	2	2	2	1	2	1	1	2	2	2	1	2	2	1	1	1	1	1	1	1	1	1	1	2	2
42	2	2	2	2	1	1	1	1	2	1	1	2	1	2	2	1	2	1	2	1	1	1	2	1	1	1	1	1	1	1	1	1	1	1	2	1	2	2	2	2	1	1	1	1	2	2	1	1	2	1	1	2	1	1	1	1	1	2	2	1	2	2	2	2	2	2	1	2	1	1	1	2	1	1	2	2	2	1	1	1	1	1	1	1	1	1	1	2
43	2	2	2	2	2	1	2	2	2	1	1	2	2	2	1	1	2	1	2	1	1	1	1	1	1	1	1	1	1	1	1	1	1	1	2	2	2	2	2	2	1	1	1	1	2	2	2	2	2	1	1	2	1	1	1	1	1	1	2	1	2	1	2	2	2	2	1	2	1	1	1	2	2	2	2	2	2	1	2	2	2	1	1	1	1	1	2	2
43	2	2	2	2	2	1	2	2	2	1	1	2	1	2	1	1	2	2	1	1	1	1	1	1	1	1	1	1	1	1	1	1	1	1	2	2	2	2	2	2	1	1	1	1	2	2	1	1	2	1	1	2	1	1	1	1	1	2	2	1	2	1	2	2	2	2	1	2	1	1	1	2	2	2	2	2	2	1	1	2	2	1	1	1	1	1	2	2
43	2	2	2	2	2	2	2	2	2	1	1	2	2	2	1	1	2	1	2	1	1	2	1	1	1	1	1	1	1	1	2	1	1	1	2	2	2	2	2	2	1	1	1	1	2	2	1	1	2	1	1	2	1	1	1	1	1	1	2	1	2	2	2	2	2	2	2	2	1	2	1	2	2	2	2	2	2	2	1	1	1	1	1	1	1	1	2	2
44	2	2	2	2	2	1	2	2	2	1	1	2	1	2	1	1	2	1	2	1	1	1	1	1	1	1	1	2	1	1	2	1	1	1	2	2	2	1	2	2	1	1	1	1	2	1	1	1	2	1	1	2	1	1	1	1	1	1	2	1	2	1	2	2	2	2	1	2	1	2	1	2	2	2	2	2	2	1	1	2	1	1	1	1	1	1	2	2
44	2	2	2	2	2	1	2	2	2	2	1	2	1	2	2	1	2	1	1	1	1	1	1	1	1	1	1	1	1	1	1	1	1	1	2	2	2	2	2	2	1	2	1	1	2	2	2	1	2	1	1	2	1	1	1	1	1	1	2	1	2	2	2	2	2	2	1	2	1	1	1	2	2	2	2	2	2	2	1	1	1	1	1	1	1	1	2	2
44	2	2	2	2	2	1	2	2	2	1	1	2	2	2	2	1	2	1	2	1	1	2	1	1	1	1	1	2	1	1	1	1	1	1	2	2	2	2	2	1	2	1	1	1	2	2	2	2	2	1	1	2	1	1	1	1	1	1	1	1	2	2	2	2	2	2	1	2	1	1	2	1	2	1	2	2	2	2	1	1	1	1	1	1	1	1	2	2
45	2	2	2	2	2	1	2	2	2	1	1	2	2	2	2	1	2	1	1	1	1	1	1	1	1	1	1	2	1	1	1	1	1	1	2	2	2	2	2	2	1	1	1	1	2	2	1	1	2	1	1	2	1	1	1	1	1	1	1	1	2	2	2	2	2	2	2	2	1	2	1	2	2	2	2	2	2	1	1	2	1	1	1	1	1	1	2	2
45	2	2	2	2	2	1	2	1	2	1	1	2	2	2	2	1	2	1	2	1	1	1	1	1	1	1	1	1	1	1	1	1	1	1	2	2	2	2	2	2	2	1	1	1	2	2	1	1	2	1	1	2	1	1	1	1	1	1	2	1	2	1	2	2	2	2	1	2	1	2	1	2	2	1	2	2	2	2	2	1	1	1	1	1	1	1	2	2
45	2	2	2	2	2	1	2	2	2	1	1	2	2	2	2	1	2	1	2	1	1	1	1	1	1	1	1	1	1	1	1	1	1	1	2	2	2	1	2	2	1	2	1	1	2	1	1	1	2	1	1	2	1	1	1	1	1	2	2	1	2	1	2	2	2	2	1	2	1	2	1	2	2	2	2	2	2	1	1	2	1	1	1	1	1	1	2	2
46	2	2	2	2	2	1	2	2	2	1	1	2	2	2	2	1	2	1	2	1	1	2	1	1	2	1	1	1	1	1	1	1	1	1	2	2	2	2	2	2	1	1	1	1	2	2	1	1	2	1	1	2	1	1	1	1	1	1	2	1	2	1	2	2	2	2	2	2	1	2	1	2	2	2	2	2	2	1	2	2	1	1	1	1	1	1	2	2
46	2	2	2	2	2	1	2	2	2	1	1	2	2	2	1	1	2	1	2	1	2	1	1	1	1	1	1	2	2	1	1	1	1	1	2	2	2	2	2	2	1	1	1	1	2	2	1	1	2	1	1	2	1	1	1	1	1	1	2	1	2	2	2	2	2	2	1	2	1	2	1	2	2	2	2	2	2	2	1	2	1	1	1	1	1	1	2	2
46	2	2	2	1	2	2	2	2	2	1	1	2	2	2	2	1	2	1	2	1	1	2	1	1	1	1	1	1	1	1	1	1	1	1	2	2	2	2	2	1	1	1	1	1	2	2	1	1	2	1	1	2	2	1	1	1	1	1	1	1	2	1	2	2	2	2	2	2	1	2	1	2	2	2	2	2	2	1	1	1	1	1	1	1	1	1	2	2
47	2	2	2	2	2	1	2	2	2	2	1	2	2	2	1	1	2	2	1	1	1	1	2	1	2	1	1	1	1	1	1	1	1	1	2	2	2	1	2	2	1	1	1	1	2	1	2	1	2	1	1	2	1	1	1	1	1	1	1	1	2	2	2	2	2	1	1	2	1	2	1	2	2	2	2	2	2	2	1	1	1	1	1	1	1	1	2	2
47	2	2	2	2	2	1	2	1	2	1	1	2	2	2	2	1	2	1	2	1	1	1	1	1	1	1	1	1	1	1	1	1	1	1	2	1	2	2	2	2	1	1	1	1	2	2	2	1	2	1	1	2	1	1	1	1	1	1	1	1	2	1	2	2	2	2	1	2	1	2	1	2	2	2	2	2	2	1	1	1	1	1	1	1	1	1	2	2
47	2	2	2	2	2	1	2	2	2	1	1	2	1	2	2	1	2	2	2	1	1	1	1	1	1	1	1	1	1	1	1	1	1	1	2	2	2	2	2	2	1	1	1	1	2	2	2	1	2	1	1	2	2	1	1	1	1	1	2	1	2	2	2	2	2	2	1	2	1	2	2	2	2	2	2	2	2	2	1	1	1	1	1	1	1	1	2	2
48	2	2	2	1	2	1	2	2	2	1	1	2	1	2	2	1	2	1	2	1	1	1	1	1	1	1	1	1	1	1	2	1	1	1	2	2	2	2	2	2	1	1	1	1	2	2	1	1	2	1	1	2	1	1	1	1	1	2	1	1	2	1	2	2	2	1	1	2	1	1	2	2	2	2	2	2	2	2	1	2	1	1	1	1	1	1	2	2
48	2	2	2	2	2	1	2	2	2	1	1	2	2	2	2	1	2	1	2	1	1	2	1	1	1	1	1	1	1	1	1	1	1	1	2	2	2	1	2	2	1	1	1	1	2	2	2	1	2	1	1	2	1	1	1	1	1	1	2	1	2	1	2	2	2	2	1	2	1	2	1	2	2	2	2	2	2	1	1	1	1	1	1	1	1	1	2	2
48	2	2	2	2	2	2	2	1	2	1	1	2	2	2	2	1	2	1	2	1	1	1	1	1	1	1	1	1	1	1	1	1	1	1	2	2	2	2	2	2	1	1	1	1	2	2	1	1	2	1	1	2	1	1	1	1	1	1	1	1	2	1	2	2	2	1	1	2	1	2	1	2	2	1	2	2	2	1	1	1	1	1	1	1	1	1	2	2
49	2	2	2	2	2	1	2	1	2	1	1	2	1	2	2	1	2	1	2	1	1	2	1	1	2	1	1	1	2	1	1	1	1	1	2	1	2	2	2	2	1	2	1	1	2	2	1	1	2	1	1	2	1	1	1	1	1	2	2	1	2	2	2	2	2	2	1	2	1	1	2	2	2	1	1	2	1	1	1	1	1	1	1	1	1	1	1	2
49	2	2	2	2	2	1	1	1	2	2	1	2	1	2	2	1	2	1	2	1	1	2	2	1	2	1	1	1	2	2	2	1	1	1	2	1	2	1	2	2	1	1	1	1	2	2	1	1	2	1	1	2	1	1	1	1	1	2	2	1	2	1	2	2	2	2	1	2	1	1	2	2	1	1	2	2	2	1	1	1	1	2	1	1	1	1	1	2
49	2	2	2	1	2	1	1	1	2	2	1	2	1	2	2	1	2	1	1	1	1	2	2	1	1	1	1	1	2	1	2	1	1	1	2	2	2	2	2	2	1	1	1	1	2	2	1	1	2	1	1	2	1	1	1	1	1	1	1	1	2	2	2	2	2	2	1	2	1	1	2	2	2	2	2	2	2	2	1	1	1	1	1	1	1	1	1	2
50	2	2	2	2	2	1	1	1	2	1	1	2	1	2	1	1	2	1	2	1	1	2	1	1	2	1	1	1	1	1	1	1	1	1	2	1	2	2	2	2	1	2	1	1	2	2	1	1	2	1	1	2	1	1	1	1	1	1	1	1	2	2	2	2	2	2	1	2	1	1	1	2	2	1	2	2	2	1	1	1	1	1	1	1	1	1	2	2
50	2	2	2	2	2	1	1	1	2	1	1	2	1	2	1	1	2	1	2	1	1	2	1	1	1	1	1	1	1	1	1	1	1	1	2	1	2	2	2	2	1	1	1	1	2	2	1	1	2	1	1	2	1	1	1	2	1	1	2	1	2	2	2	2	2	2	1	2	1	1	1	2	2	1	2	2	2	1	1	1	1	1	1	1	1	1	2	2
50	2	2	2	2	1	1	1	1	2	1	1	2	1	2	2	1	2	1	2	1	1	2	1	1	2	1	1	1	1	1	1	1	1	1	2	2	2	2	2	2	1	1	1	1	2	2	1	1	2	1	1	2	1	1	1	1	1	1	2	1	2	2	2	2	2	2	1	2	1	1	1	2	2	1	2	2	2	1	1	1	1	1	1	1	1	1	2	2
51	2	2	2	2	2	2	2	2	2	1	1	2	1	2	2	1	2	2	1	1	1	2	2	1	1	1	1	1	1	1	1	1	1	1	2	1	2	2	2	2	1	1	1	1	2	2	1	1	2	1	1	2	1	1	1	1	1	1	1	1	2	1	2	2	2	2	1	2	1	2	1	2	2	1	2	2	2	1	1	2	1	1	1	1	1	1	2	2
51	2	2	2	2	2	2	2	2	2	1	1	2	2	2	2	1	2	1	1	1	1	1	1	1	1	1	1	2	1	1	1	1	1	1	2	2	2	2	2	2	1	1	1	1	2	2	1	1	2	1	1	2	1	1	1	1	1	1	1	1	2	2	2	2	2	2	2	2	1	2	1	2	2	1	2	2	2	1	1	1	1	1	1	1	1	1	2	2
51	2	2	2	2	2	1	2	2	2	1	1	2	1	2	1	1	2	1	2	1	1	2	1	1	1	1	1	2	1	1	1	1	1	1	2	2	2	2	2	2	1	1	1	1	2	2	1	1	2	1	1	2	1	1	1	1	1	2	1	1	2	1	2	2	2	2	1	2	1	2	2	2	2	2	2	2	2	1	1	1	2	1	1	1	1	1	2	2
52	2	2	2	2	2	1	2	2	2	1	1	2	2	2	2	1	2	1	2	1	1	1	1	1	1	1	1	2	1	1	1	1	1	1	2	2	2	2	2	1	1	1	1	1	2	2	1	1	2	1	1	2	1	1	1	1	1	1	1	1	2	1	2	2	2	2	1	2	1	1	1	2	2	2	2	2	2	1	1	1	1	1	1	1	1	1	2	2
52	2	2	2	2	2	2	1	2	2	1	1	2	2	2	2	1	2	1	1	1	1	2	2	1	2	1	1	1	1	1	1	1	1	1	2	2	2	2	2	2	1	1	1	1	2	2	1	2	2	1	1	2	1	1	1	1	1	1	1	1	2	1	2	2	2	2	1	2	1	2	1	2	2	1	2	2	2	1	1	1	1	1	1	1	1	1	2	2
52	2	2	2	2	2	2	2	2	2	1	1	2	2	2	2	1	2	1	2	1	1	1	1	1	1	1	1	2	1	1	1	1	1	1	2	2	2	2	2	2	2	1	1	1	2	2	1	2	2	1	1	2	2	1	1	1	1	1	2	1	2	1	2	2	2	2	1	2	1	2	1	2	2	2	2	2	2	1	1	1	1	1	1	1	1	1	2	2
53	2	2	2	2	2	1	2	1	2	1	1	2	1	2	1	1	2	1	2	1	1	1	1	1	1	1	1	1	1	1	2	1	1	1	2	1	2	2	2	2	1	2	1	1	2	1	2	2	2	1	1	2	1	1	1	1	1	1	2	1	1	1	1	1	1	1	1	1	1	1	1	1	1	1	1	1	1	1	1	1	1	1	1	1	1	1	1	1
53	2	2	2	2	2	1	2	2	2	2	1	2	2	2	1	1	1	1	2	1	1	1	1	1	1	1	1	2	1	1	1	1	1	1	2	2	2	2	2	2	1	1	1	1	2	2	2	2	2	1	1	2	1	1	1	1	1	1	2	1	1	1	1	1	1	1	1	1	1	1	1	1	1	1	1	1	1	1	1	1	1	1	1	1	1	1	1	1
53	2	2	2	2	2	1	2	2	2	1	1	2	2	2	2	1	2	2	1	2	1	1	1	1	1	1	1	2	1	1	1	1	1	1	2	2	2	2	2	2	1	1	1	1	2	2	1	1	2	1	1	2	1	1	1	1	1	1	2	1	2	1	2	2	2	2	1	2	1	2	1	2	2	2	2	2	2	2	1	1	1	1	1	1	1	1	2	2
54	2	2	2	2	2	1	2	2	2	1	1	2	1	2	2	1	2	1	2	1	1	1	1	1	1	1	1	1	1	1	1	1	1	1	2	2	2	2	2	2	2	1	1	1	2	2	1	2	2	1	1	2	1	1	1	1	1	1	1	1	2	1	2	2	2	2	1	2	1	1	1	2	2	2	2	1	2	1	1	1	2	1	1	1	1	1	2	2
54	2	2	2	2	2	2	2	2	2	1	1	2	2	2	2	1	2	1	1	1	1	1	1	1	1	1	1	1	1	1	1	1	1	1	2	2	2	2	2	2	1	1	1	1	2	2	1	1	2	1	1	2	1	1	1	1	1	1	1	1	2	2	2	2	2	2	1	2	1	2	1	2	2	1	2	2	2	1	1	2	1	1	1	1	1	1	2	2
54	2	2	2	1	2	1	2	2	2	1	1	2	2	2	2	1	1	1	2	1	1	1	1	1	1	1	1	1	1	1	1	1	1	1	2	2	2	2	2	2	1	1	1	1	2	2	1	1	2	1	1	2	1	1	1	1	1	2	2	1	2	1	2	2	2	2	1	2	1	2	1	2	2	2	2	1	2	1	1	1	1	1	1	1	1	1	2	2
55	2	2	2	2	2	1	1	2	2	1	1	2	2	2	2	1	2	1	2	1	1	1	1	1	1	1	1	2	1	1	1	1	1	1	2	2	2	2	2	2	1	1	1	1	2	2	1	1	2	1	1	2	1	1	1	2	1	1	2	1	2	1	2	2	2	2	1	2	1	2	1	2	2	2	2	2	2	2	1	2	1	1	1	1	1	1	2	2
55	2	2	2	2	2	1	2	2	2	1	1	2	2	2	1	1	2	2	2	1	1	1	1	1	1	1	1	1	1	1	1	1	1	1	2	2	2	2	2	2	1	1	1	1	2	2	1	1	2	1	1	2	1	1	1	1	1	2	2	1	2	1	2	2	2	2	1	2	1	2	1	2	2	2	2	2	2	2	1	1	1	1	1	1	1	1	2	2
55	2	2	2	2	2	1	2	2	2	1	1	2	2	2	2	1	2	1	1	1	1	1	1	1	1	1	1	1	1	1	2	1	1	1	2	2	2	2	2	2	2	2	1	1	2	2	1	2	2	1	1	2	1	1	1	1	1	1	2	1	2	1	2	2	2	2	2	2	1	2	2	2	2	1	2	2	2	1	1	1	1	1	1	1	1	1	2	2
56	2	2	2	2	2	1	2	2	2	1	1	2	2	2	1	1	2	1	2	1	1	2	1	1	2	1	1	1	1	1	1	1	1	1	2	1	2	1	2	2	1	1	1	1	2	2	1	1	2	1	1	2	1	1	1	1	1	2	2	1	2	2	2	2	2	2	1	2	1	2	2	2	2	2	2	2	2	2	1	2	1	1	1	1	1	1	2	2
56	2	2	2	2	2	1	2	1	2	1	1	2	2	2	2	1	2	1	1	2	1	1	1	1	1	1	1	1	1	1	1	1	1	1	2	2	2	2	2	2	1	2	1	1	2	2	1	2	2	1	1	2	1	1	1	1	1	1	2	1	2	2	2	2	2	2	1	2	1	1	1	2	2	2	2	2	2	1	2	2	1	1	1	1	1	1	2	2
56	2	2	2	2	2	1	2	2	2	1	1	2	1	2	1	1	2	1	1	2	1	1	1	1	1	1	1	2	1	1	1	1	1	1	2	1	2	2	2	2	1	2	1	1	2	2	1	2	2	1	1	2	1	1	1	1	1	1	2	1	2	2	2	2	2	2	1	2	1	2	1	2	2	2	2	1	2	1	2	2	1	1	1	1	1	1	2	2
57	2	2	2	2	2	2	1	1	2	1	1	2	1	2	1	1	2	1	2	1	1	2	2	1	2	1	1	1	1	1	1	1	1	1	2	1	2	2	2	2	1	2	1	1	2	2	1	1	2	1	1	2	1	1	1	1	1	2	2	1	2	1	2	2	2	2	1	2	1	2	1	2	2	2	2	2	2	2	1	1	1	2	1	1	1	1	2	2
57	2	2	2	2	2	2	1	1	2	2	1	2	1	2	2	1	2	1	1	1	1	2	1	1	2	1	1	1	1	1	1	1	1	1	2	2	2	2	2	2	1	2	1	1	2	2	1	1	2	1	2	2	1	1	1	1	1	1	2	1	2	1	2	2	2	2	1	2	1	1	2	2	2	1	2	2	2	1	1	1	1	2	1	1	1	1	2	2
57	2	2	2	2	2	2	1	1	2	2	1	2	1	2	2	1	2	1	2	1	1	2	2	1	2	2	1	1	2	1	2	1	1	1	2	2	2	2	2	2	1	2	1	1	2	2	1	1	2	1	1	2	1	1	1	1	1	1	2	1	2	2	2	2	2	2	1	2	1	1	2	2	2	2	2	2	2	1	1	1	1	2	1	1	1	1	2	2
58	2	2	2	2	2	2	2	1	2	1	1	2	2	2	1	1	2	1	1	1	1	1	1	1	1	1	1	1	1	1	1	1	1	1	2	2	2	2	2	2	1	1	1	1	2	2	1	1	2	1	1	2	1	1	1	1	1	1	1	1	2	1	2	2	2	2	1	2	1	2	2	2	2	2	2	2	2	2	1	1	1	1	1	1	1	1	2	2
58	2	2	2	2	2	2	2	1	2	1	1	2	2	2	1	1	2	1	2	1	1	1	1	1	1	1	1	1	1	1	2	1	1	1	2	2	2	2	2	1	1	1	1	1	2	2	1	1	2	1	1	2	1	1	1	1	1	2	2	1	2	2	2	2	2	2	2	2	1	1	1	2	2	1	2	2	2	2	1	2	1	1	1	1	1	1	2	2
58	2	2	2	2	2	1	2	2	2	1	1	2	1	2	2	1	2	1	2	1	1	1	1	1	1	1	1	1	1	1	1	1	1	1	2	2	2	2	2	2	1	1	1	1	2	2	1	1	2	1	1	2	1	1	1	1	1	2	2	1	2	1	2	2	2	2	1	2	1	2	1	2	2	1	2	2	2	1	1	2	1	1	1	1	1	1	2	2
59	2	2	2	2	2	1	2	2	2	2	1	2	2	2	1	1	2	1	2	1	1	1	2	1	2	1	1	2	1	1	1	1	1	1	2	2	2	2	2	2	1	2	1	1	2	2	2	1	2	1	1	2	1	1	1	1	1	1	2	1	2	1	2	2	2	2	1	2	1	2	1	2	2	2	2	2	2	1	1	2	1	1	1	1	1	1	2	2
59	2	2	2	2	2	1	2	2	2	1	1	2	2	2	1	1	2	1	1	1	1	1	2	1	2	1	1	1	1	1	1	1	1	1	2	2	2	1	2	2	2	1	1	1	2	2	2	1	2	1	1	2	1	1	1	1	1	2	2	1	1	1	1	1	1	1	1	1	1	1	1	1	1	1	1	1	1	1	1	1	1	1	1	1	1	1	1	1
59	2	2	2	2	2	1	2	2	2	1	1	2	1	2	1	1	2	1	2	1	1	1	2	1	1	1	1	1	1	1	2	1	1	1	2	2	2	1	2	2	1	2	1	1	2	2	1	1	2	1	1	2	1	1	1	1	1	2	1	1	2	1	2	2	2	2	1	2	1	2	1	2	2	2	2	2	2	1	1	1	1	1	1	1	1	1	2	2
60	2	2	2	2	2	1	2	2	2	1	1	2	2	2	2	1	2	1	2	1	1	1	1	1	2	1	1	2	1	1	1	1	1	1	2	2	2	1	2	2	1	1	1	1	2	2	1	1	2	1	1	2	1	1	1	1	1	1	1	1	2	1	2	2	2	2	2	2	1	1	2	2	2	2	2	2	2	2	1	1	1	1	1	1	1	1	2	2
60	2	2	2	2	2	1	2	2	2	1	1	2	2	2	1	1	2	1	2	1	1	1	1	1	1	1	1	1	1	1	1	1	1	1	2	2	2	2	2	2	1	1	1	1	2	2	1	1	2	1	1	2	1	1	1	1	1	1	2	1	2	2	2	2	2	2	1	2	1	2	1	2	2	1	2	2	2	2	1	2	1	1	1	1	1	1	2	2
60	2	2	2	2	2	1	2	2	2	1	1	2	2	2	1	1	2	1	2	1	2	1	1	1	1	1	1	1	1	1	1	1	1	1	2	2	2	2	2	2	1	1	1	1	2	2	1	1	2	1	1	2	1	1	1	1	1	1	1	1	2	2	2	2	2	2	1	2	1	1	2	2	2	2	2	2	2	2	1	2	1	1	1	1	1	1	2	2
61	2	2	2	2	2	1	2	2	2	1	1	2	2	2	2	1	2	1	2	1	1	1	1	1	1	1	1	2	1	1	1	1	1	1	2	2	2	2	2	2	1	2	1	1	2	2	1	1	2	1	1	2	2	1	1	1	1	1	1	1	2	1	2	2	2	2	2	2	1	2	1	2	2	2	2	2	2	1	1	1	1	1	1	1	1	1	2	2
61	2	2	2	2	2	1	2	2	2	1	1	2	2	2	2	1	2	1	2	1	1	1	1	1	1	1	1	2	1	1	1	1	1	1	2	2	2	2	2	2	1	2	1	1	2	2	1	1	2	1	1	2	2	1	1	1	1	1	1	1	2	1	2	2	2	2	2	2	1	2	1	2	2	2	2	2	2	1	1	1	1	1	1	1	1	1	2	2
61	2	2	2	2	2	1	2	2	2	1	1	2	2	2	2	1	2	1	2	1	1	1	1	1	1	1	1	2	1	1	1	1	1	1	2	2	2	2	2	2	1	2	1	1	2	2	1	1	2	1	1	2	2	1	1	1	1	1	1	1	2	1	2	2	2	2	2	2	1	2	1	2	2	2	2	2	2	1	1	1	1	1	1	1	1	1	2	2
62	2	2	2	2	2	1	1	1	2	1	1	2	1	2	2	1	2	1	2	1	1	2	1	1	1	1	1	1	2	1	2	2	1	1	2	1	2	2	2	2	1	1	1	1	2	2	1	1	2	1	1	2	1	1	1	1	1	2	2	1	2	1	2	2	2	2	1	2	1	1	2	2	1	1	2	2	2	2	1	1	1	1	1	1	1	1	2	2
62	2	2	2	2	2	1	1	1	2	1	1	2	1	2	2	1	2	1	1	1	1	2	2	1	2	1	1	1	2	1	2	2	1	1	2	2	2	1	2	2	1	1	1	1	2	2	1	1	2	1	1	2	1	1	1	1	1	1	2	1	2	2	2	2	2	2	1	2	1	1	2	2	1	2	2	2	2	1	1	1	1	1	1	1	1	1	2	2
62	2	2	2	2	2	1	1	1	2	1	1	2	1	2	1	1	2	1	2	1	1	2	2	1	2	1	1	1	1	1	1	1	1	1	2	2	2	1	2	2	1	1	1	1	2	2	1	1	2	1	1	2	1	1	1	1	1	2	2	1	2	2	2	2	2	2	1	2	1	1	2	2	2	1	2	2	2	2	1	1	1	1	1	1	1	1	2	2
63	2	2	2	2	2	1	1	1	2	1	1	2	1	2	2	1	2	1	1	1	2	2	2	1	1	1	1	1	2	1	2	1	1	1	2	2	2	2	2	2	1	2	1	1	2	2	1	1	2	1	1	2	1	1	1	1	1	2	2	1	2	1	2	2	2	2	1	2	1	1	2	2	2	1	2	2	2	2	1	1	1	1	1	1	1	1	2	2
63	2	2	2	2	2	2	1	1	2	2	1	2	1	2	2	1	2	1	1	1	2	1	1	1	2	1	1	1	1	1	2	2	1	1	2	2	2	1	2	2	1	2	1	1	2	2	1	1	2	1	1	2	1	1	1	1	1	1	2	1	2	1	2	2	2	2	1	2	1	1	2	2	2	2	2	2	2	2	1	1	1	1	1	1	1	1	2	2
63	2	2	2	2	2	1	1	1	2	1	1	2	1	2	2	1	1	1	2	1	1	2	2	1	2	1	1	1	1	1	1	1	1	1	2	2	2	1	2	2	1	2	1	1	2	2	1	1	2	1	1	2	1	2	1	1	1	2	2	1	2	1	2	2	2	2	1	2	1	1	1	2	2	1	2	2	2	2	1	1	1	1	1	1	1	1	2	2
64	2	2	2	2	2	1	2	2	2	2	1	2	2	2	2	2	2	1	1	1	1	2	1	1	1	1	1	1	1	1	1	1	1	1	2	2	2	2	2	2	1	1	1	1	2	2	1	1	2	1	1	2	1	1	1	1	1	1	1	1	2	1	2	2	2	2	2	2	1	2	1	2	2	2	2	2	2	2	1	1	1	1	1	1	1	1	2	2
64	2	2	2	2	2	1	2	1	2	1	1	2	2	2	2	1	2	1	1	1	1	2	1	1	1	1	1	1	1	1	1	1	1	1	2	1	2	2	2	2	1	1	1	1	2	1	1	1	2	1	1	2	1	1	1	1	1	1	2	1	2	2	2	2	2	2	2	2	2	2	2	2	2	1	2	2	2	1	1	1	1	1	1	1	1	1	2	2
64	2	2	1	2	2	1	2	2	2	1	1	2	2	2	2	1	2	1	2	1	1	1	1	1	1	1	1	1	1	1	1	1	1	1	2	1	2	2	2	2	2	1	1	1	2	1	1	1	2	1	1	2	1	1	1	1	1	1	1	1	2	1	2	2	2	2	1	2	1	1	2	2	2	1	2	2	2	1	1	1	1	1	1	1	1	1	2	2
65	2	2	2	2	2	2	2	2	2	1	1	2	2	2	2	1	2	1	1	1	1	2	1	1	1	1	1	1	1	1	1	1	1	1	2	2	2	2	2	2	1	1	1	1	2	2	2	1	2	1	1	2	1	1	1	1	1	1	2	1	2	1	2	2	2	2	1	2	1	1	2	2	2	2	2	2	2	1	1	1	1	1	1	1	1	1	2	2
65	2	2	2	2	2	2	2	2	2	1	1	2	2	2	2	1	2	1	1	1	1	2	1	1	1	1	1	2	1	1	1	1	1	1	2	2	2	2	2	2	1	1	1	1	2	2	2	1	2	1	1	2	1	1	1	1	1	1	2	1	2	1	2	2	2	2	1	2	1	1	2	2	2	2	2	2	2	1	1	1	1	1	1	1	1	2	2	2
65	2	2	2	2	2	2	2	2	2	1	1	2	2	2	1	1	2	1	1	1	1	2	1	1	1	1	1	2	1	1	1	1	1	1	2	2	2	2	2	2	1	1	1	1	2	2	2	1	2	1	1	2	1	1	1	2	1	1	2	1	2	1	2	2	2	2	1	2	1	1	2	2	2	2	2	2	2	1	1	1	1	1	1	1	1	2	2	2
66	2	2	2	2	2	2	2	2	2	1	1	2	2	2	1	1	2	1	2	1	1	2	1	1	2	1	1	1	1	1	1	1	1	1	2	2	2	1	2	2	1	1	1	1	2	1	1	1	2	1	1	2	1	1	1	1	1	1	1	1	2	1	2	2	2	2	1	2	1	1	1	2	2	1	2	2	2	2	1	1	1	1	1	1	2	1	2	2
66	2	2	2	2	2	2	2	2	2	1	1	2	1	2	1	1	2	1	2	1	1	1	1	1	1	1	1	1	1	1	2	1	1	1	2	2	2	2	2	2	1	1	1	1	2	2	1	1	2	1	1	2	1	1	1	1	1	1	1	1	2	2	2	2	2	2	1	2	1	2	1	2	2	2	2	2	2	2	2	1	1	1	1	1	1	1	2	2
66	2	2	2	2	2	1	2	2	2	2	1	2	2	2	2	1	2	1	1	1	1	1	1	1	2	1	1	2	1	1	1	1	1	1	2	2	2	2	2	2	1	1	1	1	2	2	1	2	2	1	1	2	1	1	1	1	1	1	1	1	2	1	2	2	2	2	2	2	1	2	1	2	1	1	2	2	2	1	1	2	1	1	1	1	1	1	2	2
67	2	2	2	2	2	1	2	2	2	1	1	2	2	2	2	1	2	1	2	1	1	1	1	1	1	1	1	1	1	1	1	1	1	1	1	1	1	1	1	1	1	1	1	1	1	1	1	1	1	1	1	1	1	1	1	1	1	1	1	1	2	1	2	2	2	2	1	2	1	1	1	2	2	2	2	2	2	1	1	1	2	1	1	1	1	1	1	2
67	2	2	2	2	2	1	2	2	2	1	1	2	1	2	2	1	2	1	2	1	1	2	1	1	1	1	1	1	1	1	1	1	1	1	2	2	2	2	2	2	1	1	1	1	2	2	1	1	2	1	1	2	1	1	1	1	1	1	2	1	2	1	2	2	2	2	2	2	1	1	1	2	2	2	2	2	2	1	1	2	2	1	1	1	1	1	2	2
68	2	2	2	2	2	1	1	1	2	1	1	2	1	2	2	1	2	1	2	1	2	1	1	1	2	1	1	1	1	1	2	1	1	1	2	2	2	2	2	2	1	1	1	1	2	2	1	1	2	1	1	2	1	1	1	1	1	2	1	1	2	1	2	2	2	2	2	2	1	1	1	2	2	2	2	2	2	1	1	2	2	1	1	1	1	1	2	2
68	1	1	1	1	1	1	1	1	1	1	1	1	1	1	1	1	1	1	1	1	1	1	1	1	1	1	1	1	1	1	1	1	1	1	2	2	2	2	2	2	1	1	1	1	2	2	1	1	2	1	1	2	1	1	1	1	1	2	2	1	2	1	2	2	2	2	1	2	1	1	2	2	2	1	2	2	2	2	1	1	1	1	1	1	1	1	2	2
68	2	2	2	2	2	1	1	1	2	1	1	2	2	2	2	1	2	1	1	1	1	2	1	1	1	1	1	1	2	1	2	1	1	1	2	2	2	2	2	2	1	1	1	1	2	2	1	1	2	1	1	2	1	1	1	1	1	1	1	1	2	2	2	2	2	2	1	2	1	1	2	2	2	1	2	2	2	1	1	1	1	1	1	1	1	1	2	2
69	2	2	2	2	2	1	1	1	2	2	1	2	1	2	2	1	2	1	1	1	2	1	1	1	1	1	1	1	1	1	2	1	1	1	2	2	2	2	2	2	1	1	1	1	2	2	1	1	2	1	1	2	1	1	1	2	1	1	2	1	2	1	2	2	2	2	1	2	1	1	1	2	2	1	2	2	2	1	1	1	1	1	1	1	1	1	2	2
69	2	2	2	2	2	1	1	1	2	1	1	2	1	2	2	1	2	1	1	1	1	2	1	1	1	1	1	1	1	1	2	1	1	1	2	2	2	2	2	2	1	2	1	1	2	2	1	1	2	1	1	2	1	1	1	1	1	1	2	1	2	2	2	2	2	2	1	2	1	1	1	2	2	1	2	2	2	2	1	1	1	1	1	1	1	1	2	2
69	2	2	2	2	2	1	1	1	2	1	1	2	1	2	2	1	2	1	1	1	1	2	1	1	2	1	1	1	1	1	2	1	1	1	2	2	2	1	2	2	1	1	1	1	2	2	1	1	2	1	1	2	1	1	1	1	1	1	2	1	2	2	2	2	2	2	1	2	1	1	1	2	2	1	2	2	2	2	1	1	1	1	1	1	1	1	2	2
70	2	2	2	2	2	1	2	2	2	1	1	2	2	2	2	1	2	1	1	1	1	1	1	1	1	1	1	2	1	1	1	1	1	1	2	2	2	2	2	2	1	1	1	1	2	2	2	1	2	1	1	2	1	1	1	1	1	1	1	1	2	2	2	2	1	2	1	2	1	2	1	2	2	1	1	1	2	2	1	1	1	1	1	1	1	1	2	2
70	2	1	2	2	2	1	2	2	2	1	1	2	2	2	1	1	2	1	2	1	1	1	1	1	1	1	1	2	1	1	1	1	1	1	2	2	2	2	2	2	1	1	1	1	2	2	1	1	2	1	1	2	1	1	1	1	1	1	2	1	2	1	2	2	2	2	1	2	1	2	1	2	2	1	2	2	2	2	1	2	1	1	1	1	1	2	2	2
70	2	2	2	2	2	1	2	1	2	1	1	1	2	2	1	1	2	1	1	1	1	1	1	1	1	1	1	1	1	1	2	1	1	1	2	2	2	2	2	2	1	2	1	1	2	2	1	2	2	1	1	2	1	1	1	1	1	1	2	1	2	2	2	2	2	2	1	2	1	2	1	2	1	1	2	1	2	2	1	1	1	1	1	1	1	1	1	2
71	2	2	1	1	1	1	2	1	2	1	1	1	1	2	1	1	1	1	1	1	1	1	1	1	1	1	1	1	1	1	1	1	1	1	1	1	1	1	1	1	2	1	1	1	1	1	1	1	1	1	1	2	1	1	1	1	1	1	1	1	2	1	2	2	2	2	2	2	1	2	1	2	2	1	2	2	2	2	2	2	1	1	1	1	1	1	2	2
71	2	2	2	2	2	1	2	2	1	1	1	1	1	2	1	1	2	1	1	1	1	1	1	1	1	1	1	1	1	1	1	1	1	1	2	1	2	1	2	2	1	1	1	1	2	1	1	1	2	1	1	2	1	1	1	1	1	1	1	1	1	2	1	1	2	2	1	1	1	2	1	1	1	1	1	1	1	1	1	1	1	1	1	1	1	1	1	1
71	2	2	1	1	2	1	2	2	2	1	1	2	1	2	1	1	2	1	1	1	1	1	1	1	1	1	1	1	1	1	1	1	1	1	2	2	2	1	2	2	2	1	1	1	2	1	1	1	2	1	1	2	1	1	1	1	1	1	1	1	1	2	2	2	2	2	1	2	1	1	1	2	2	1	2	2	1	1	1	1	1	1	1	1	1	1	2	2
72	2	2	2	2	2	1	2	2	2	1	1	2	2	2	1	1	2	1	2	1	1	1	1	2	1	1	1	1	1	1	1	1	1	1	2	2	2	1	2	2	1	1	1	1	2	1	2	2	2	1	1	2	1	1	1	1	1	2	1	1	2	2	2	2	2	2	1	2	2	1	2	2	2	1	2	2	2	1	1	1	1	2	1	1	1	1	2	2
72	2	2	2	2	2	1	2	2	2	1	1	2	1	2	2	1	2	1	2	1	1	1	1	1	1	1	1	1	1	1	1	1	1	1	2	2	2	2	2	2	2	1	1	1	2	2	1	1	2	1	1	2	2	1	1	1	1	2	1	1	2	1	2	2	2	2	1	2	1	2	2	2	2	2	2	2	2	2	1	1	1	1	1	1	1	1	2	2
72	2	2	2	2	2	1	2	2	2	1	1	2	1	2	1	1	2	1	1	1	1	2	1	1	1	1	1	2	1	1	1	1	1	1	2	2	2	2	2	2	1	1	1	1	2	2	1	1	2	1	1	2	1	1	1	1	1	2	1	1	2	1	2	2	2	1	2	2	1	2	1	2	2	1	2	2	2	2	1	1	1	1	1	1	1	1	2	2
73	2	1	2	2	2	1	2	2	2	1	1	2	2	2	1	1	2	1	1	2	1	1	1	1	1	1	1	1	1	1	1	1	1	1	2	1	2	2	2	2	1	2	1	1	2	2	1	1	2	1	1	2	1	1	1	1	1	1	1	1	2	1	2	2	2	2	1	2	1	2	1	2	2	2	2	2	2	1	1	1	1	1	1	1	1	1	2	2
73	2	2	2	2	2	1	2	2	2	1	1	2	2	2	2	1	2	1	2	1	1	2	1	1	1	1	1	1	1	1	1	1	1	1	2	2	2	2	2	2	1	1	1	1	2	2	1	1	2	1	1	2	1	1	1	1	1	1	1	1	2	1	2	2	2	1	2	2	1	2	2	2	2	1	2	1	2	1	1	1	1	1	1	1	1	1	2	2
74	2	2	2	2	2	2	2	2	2	1	1	2	2	2	2	1	2	1	1	1	1	1	1	1	1	1	1	1	1	1	1	1	1	1	2	2	2	2	2	2	1	1	1	1	2	1	2	1	2	1	1	2	1	1	1	1	1	1	1	1	2	2	2	2	2	2	1	2	2	1	2	2	2	1	2	2	1	1	1	1	1	1	1	1	1	1	2	2
74	2	1	2	2	2	1	2	2	2	1	1	2	2	2	2	1	2	1	2	1	1	2	1	1	1	1	1	1	1	1	1	1	1	1	2	2	2	1	2	2	1	2	1	2	2	2	1	1	2	1	1	2	1	1	1	1	1	1	1	1	2	1	2	2	2	2	1	2	1	1	1	2	2	1	2	2	2	1	1	1	1	1	1	1	1	1	2	2
74	2	2	1	2	2	1	2	2	2	1	1	2	2	2	1	1	2	1	1	1	1	1	1	1	1	1	1	1	1	1	1	1	1	1	2	2	2	2	2	2	1	1	1	1	2	1	1	1	2	1	1	2	1	1	1	1	1	2	1	1	2	1	2	2	2	1	1	2	1	1	2	2	2	2	2	2	2	1	2	1	1	1	1	1	1	2	2	2
75	2	2	2	2	2	1	2	2	2	1	1	2	1	2	2	1	2	1	2	1	1	1	1	1	1	1	1	1	1	1	1	1	1	1	2	2	2	2	2	2	1	1	1	1	2	2	1	1	2	1	1	2	1	1	1	1	1	1	1	1	2	2	2	2	2	2	1	2	1	1	2	2	2	2	2	2	2	1	1	1	1	1	1	1	1	1	2	2
75	2	2	1	2	2	1	2	2	2	1	1	2	1	2	2	1	2	1	2	1	1	1	1	1	1	1	1	1	1	1	1	1	1	1	2	2	2	1	2	2	1	2	1	1	2	1	2	1	2	1	1	2	1	1	1	1	1	1	1	1	2	2	2	2	2	2	2	2	1	2	2	2	2	2	2	2	2	2	1	1	1	1	1	1	1	1	2	2
75	2	2	2	1	2	1	2	2	2	1	1	2	2	2	1	1	2	1	1	1	1	1	1	2	1	1	1	1	1	1	1	1	1	1	2	2	2	2	2	2	2	1	1	1	2	2	1	1	2	1	1	2	1	1	1	1	1	2	1	1	2	2	2	2	2	2	2	2	1	1	2	2	2	1	2	2	2	2	1	1	1	1	1	1	1	2	2	2
76	2	2	2	2	2	1	1	2	2	1	1	2	1	2	1	1	2	1	2	1	1	1	1	2	1	1	1	1	1	1	1	1	1	2	2	2	2	1	2	2	2	1	1	1	2	1	1	1	2	1	1	2	1	1	1	2	1	1	1	1	2	1	2	2	2	1	1	2	1	2	2	2	2	2	2	2	2	1	1	1	1	1	1	1	1	1	2	2
76	2	2	2	2	2	1	2	2	2	1	1	2	1	2	2	1	2	1	1	1	1	1	1	1	1	1	1	1	1	1	1	1	1	2	2	1	2	2	2	2	1	2	1	1	2	2	2	1	2	1	1	2	1	1	1	2	1	1	1	1	2	2	2	2	2	2	1	2	1	2	1	2	2	1	2	2	2	1	2	1	1	1	1	1	1	1	2	2
77	2	2	2	2	2	1	2	1	2	2	1	2	2	2	2	1	2	1	2	1	1	1	1	1	1	1	1	1	1	1	1	1	1	1	2	2	2	2	2	2	1	1	1	1	2	2	1	1	2	1	1	2	1	1	1	1	1	2	1	1	2	2	2	2	2	2	1	2	2	1	2	2	2	1	2	2	2	1	1	1	1	1	1	1	1	1	2	2
77	2	2	2	2	2	2	2	2	2	2	1	2	2	2	2	1	2	1	2	1	1	1	1	2	1	1	1	1	1	1	1	1	1	1	2	2	2	2	2	2	1	1	1	1	2	2	1	2	2	1	1	2	1	1	1	1	1	1	1	1	2	2	2	2	2	2	1	2	1	2	1	2	2	2	2	2	2	1	1	1	1	1	1	1	1	1	2	2
77	2	2	2	2	2	1	2	2	2	1	1	2	2	2	2	1	2	2	2	1	1	1	1	1	1	1	1	1	1	1	1	1	1	2	2	2	2	2	2	2	1	1	1	1	2	2	1	1	2	1	1	2	1	1	1	1	1	1	1	1	2	1	2	2	2	2	2	2	1	1	1	2	2	2	2	2	2	2	1	2	2	1	1	1	1	1	2	2
78	2	2	2	1	2	1	2	2	2	1	1	2	2	2	2	1	2	1	2	1	1	1	1	1	1	1	1	1	1	1	1	1	1	1	2	2	2	1	2	2	2	1	1	1	2	2	1	1	2	1	1	2	1	1	1	1	1	1	1	1	2	1	2	2	2	2	1	2	1	2	1	2	2	1	2	2	2	1	1	1	1	1	1	1	1	1	2	2
78	2	2	1	2	2	1	2	2	2	2	1	2	2	2	2	1	2	1	2	1	1	1	1	1	1	1	1	1	1	1	1	1	1	2	2	2	2	2	2	2	1	1	1	1	2	1	2	1	2	1	1	2	1	1	1	1	1	1	1	1	2	1	2	2	2	2	2	2	1	2	1	2	2	1	2	2	2	1	1	1	1	1	1	1	1	1	2	2
78	2	1	2	2	2	1	2	2	2	1	1	2	2	2	2	1	2	2	2	1	1	1	1	1	1	1	1	1	1	1	1	1	1	2	2	1	2	1	2	2	1	1	1	1	2	1	1	1	2	1	1	2	1	1	1	1	1	1	1	1	2	2	2	2	2	2	2	2	1	2	2	2	2	1	2	2	2	2	1	1	1	1	1	1	1	1	2	2
79	2	2	1	2	2	1	2	2	2	1	1	2	1	2	1	1	2	1	1	1	1	1	1	1	1	1	1	2	1	1	1	1	1	1	2	1	2	1	2	2	1	1	1	1	2	2	2	1	2	1	1	2	2	1	1	1	1	1	1	1	2	1	2	2	2	2	2	2	1	1	1	2	2	1	1	2	2	1	1	1	1	1	1	1	1	1	2	2
79	2	2	2	1	2	1	2	2	2	1	1	2	2	2	1	1	1	2	1	1	1	1	1	2	1	1	1	1	1	1	1	1	1	2	2	1	2	1	2	2	1	1	1	1	2	2	1	1	2	1	1	2	1	1	1	1	1	1	1	1	2	1	2	2	2	1	2	2	1	1	2	2	1	1	2	2	2	1	1	1	1	1	1	1	1	1	2	2
79	2	2	1	2	2	1	2	2	2	1	1	2	2	2	1	1	2	1	1	2	1	1	1	2	1	1	1	1	1	1	1	1	1	2	2	1	2	1	2	2	1	1	1	1	2	1	2	1	2	1	1	2	1	1	1	1	1	2	1	1	2	1	2	2	2	2	2	2	1	2	2	2	2	1	2	2	2	2	1	1	2	1	1	1	1	2	2	2
80	2	2	2	2	2	2	2	2	2	1	1	2	2	2	2	1	2	1	2	1	1	2	1	1	1	1	1	1	1	1	1	1	1	1	2	2	2	2	2	2	1	1	1	1	2	2	1	1	2	1	1	2	1	1	1	2	1	1	2	1	2	2	2	2	2	1	1	2	1	2	1	2	2	1	1	1	2	2	1	1	1	1	1	1	1	1	2	2
80	2	2	2	2	2	1	2	2	2	1	1	2	2	2	2	1	2	1	2	1	1	1	1	1	1	1	1	1	1	1	2	1	1	1	2	2	2	1	2	2	2	1	1	1	2	1	2	1	2	1	1	2	2	1	1	1	1	1	2	1	2	2	2	2	2	2	1	2	1	2	1	2	1	1	2	2	2	2	1	1	1	1	1	1	1	2	2	2
80	2	1	2	2	2	1	2	1	2	2	1	2	1	2	2	1	2	1	2	1	1	1	1	1	1	1	1	1	1	1	2	1	1	1	2	2	2	2	2	2	1	1	1	1	2	2	2	2	2	1	1	2	1	1	1	1	1	1	2	1	2	1	2	2	2	2	1	2	1	2	1	2	2	1	2	2	2	1	1	1	1	1	1	1	1	2	2	2
81	2	2	2	2	2	1	2	2	2	2	1	2	1	2	1	1	2	1	2	1	1	1	1	1	1	1	1	1	1	1	1	1	1	1	2	2	2	2	2	2	1	2	1	1	2	2	2	1	2	1	1	2	1	1	1	1	1	1	2	1	2	1	2	2	2	2	1	2	1	2	1	2	2	1	2	2	2	2	1	1	1	1	1	1	1	1	2	2
81	2	2	1	2	2	2	2	2	2	2	1	2	2	2	2	1	2	1	1	2	1	1	1	2	1	1	1	1	1	1	1	1	1	1	2	2	2	1	2	2	1	1	1	1	2	2	2	1	2	1	1	2	1	1	1	1	1	1	1	1	2	2	2	2	2	2	2	2	1	1	1	2	2	1	2	2	2	1	1	1	1	1	1	1	1	2	2	2
81	2	2	2	2	1	2	2	2	2	2	1	2	2	2	2	1	2	1	1	1	1	1	1	1	1	1	1	1	1	1	1	1	1	1	2	2	2	2	2	2	1	2	1	1	2	2	1	2	2	1	1	2	1	1	1	1	1	1	2	1	2	1	2	2	2	2	1	2	1	1	1	2	2	2	2	2	2	1	1	1	2	1	1	1	1	2	2	2
82	2	2	2	2	2	1	2	2	2	1	1	2	1	2	1	1	2	1	1	2	1	1	1	1	1	1	1	1	1	1	1	1	1	2	2	2	2	1	2	2	1	1	1	1	2	2	1	2	2	1	1	2	1	1	1	2	1	1	1	1	2	1	2	2	2	2	1	2	1	2	1	2	2	2	2	2	2	2	1	1	1	1	1	1	1	2	2	2
82	2	2	2	2	2	1	2	2	2	1	1	2	1	2	2	1	2	1	2	1	1	1	1	2	1	1	2	1	1	1	1	1	1	2	2	1	2	2	2	2	1	2	1	1	2	2	2	1	2	1	1	2	2	1	1	1	1	1	1	1	2	1	2	2	2	1	2	2	1	2	2	2	2	1	2	2	2	1	1	1	1	1	1	1	1	1	2	2
82	2	2	2	2	2	1	2	2	2	1	2	2	2	2	2	1	2	1	2	1	1	2	1	2	1	1	1	1	1	1	1	1	1	2	2	1	2	1	2	2	1	1	1	1	2	2	1	1	2	1	1	2	1	1	1	1	1	1	2	1	2	2	2	2	2	2	1	2	1	1	2	2	2	2	2	2	2	1	1	1	1	1	1	1	1	1	2	2
83	2	2	2	2	2	1	2	2	2	1	1	2	2	2	2	1	2	1	2	1	1	1	1	1	2	1	1	2	1	1	1	1	1	1	2	2	2	1	2	2	2	1	1	1	2	2	2	1	2	1	1	2	1	1	1	2	1	1	1	1	2	1	2	2	2	2	1	2	1	2	2	2	2	1	2	2	2	1	1	1	1	1	1	1	2	1	1	2
83	2	2	2	2	2	1	2	2	2	1	1	2	2	2	1	1	2	1	1	2	1	2	1	1	1	1	1	1	1	1	1	1	1	1	2	2	2	2	2	2	1	1	1	1	2	2	1	1	2	1	1	2	1	1	1	1	1	1	1	1	2	1	2	2	2	2	1	2	1	2	1	2	2	1	2	2	2	1	1	1	1	1	1	1	1	1	2	2
83	1	2	2	2	2	2	2	2	2	1	1	2	2	2	2	1	2	1	2	1	1	1	1	1	1	1	1	1	1	1	1	1	1	1	2	2	2	2	2	2	1	1	1	1	2	1	1	1	2	1	1	2	1	1	1	1	1	1	1	1	2	2	2	2	2	2	1	2	1	2	1	2	2	1	2	2	2	1	1	1	1	1	1	1	1	2	2	2
84	2	2	1	2	2	1	2	2	2	1	1	2	2	2	1	1	2	1	2	1	1	1	1	2	1	1	1	1	1	2	1	1	1	1	2	2	2	1	2	2	1	1	1	1	2	1	1	1	2	1	1	2	1	1	1	2	1	1	2	1	2	1	2	2	2	1	1	2	1	2	1	2	2	2	2	2	2	1	1	1	1	1	1	1	1	1	2	2
84	2	2	2	2	2	1	2	2	2	1	1	2	1	2	1	1	2	1	2	1	1	2	1	2	1	1	1	1	1	1	1	1	1	2	2	1	2	1	2	2	1	1	1	1	2	1	1	1	2	1	1	2	1	1	1	1	1	1	2	1	2	1	2	2	2	2	2	2	1	2	1	2	2	1	2	1	2	1	1	1	1	1	1	1	1	1	2	2
84	2	2	2	2	2	1	2	2	2	1	1	2	1	2	2	1	2	1	2	1	1	1	1	1	1	1	1	1	2	1	1	1	1	1	2	2	2	2	2	2	1	2	1	1	2	2	1	1	2	1	1	2	1	1	1	1	1	1	1	1	2	1	2	2	2	2	2	2	1	1	2	2	2	1	2	2	2	1	1	1	1	1	1	2	1	1	2	2
85	2	2	2	2	2	1	2	2	2	1	1	2	2	2	1	1	2	2	1	2	1	1	1	2	1	1	1	1	1	2	1	1	1	2	2	2	2	2	2	2	1	1	1	1	2	2	1	1	2	1	1	2	1	1	1	1	1	1	1	1	2	2	2	2	2	2	2	2	1	1	2	2	2	2	2	2	2	1	1	1	1	1	1	1	1	1	2	2
85	2	2	2	2	2	1	2	2	2	1	1	2	2	2	2	1	2	1	1	1	1	1	1	2	1	1	1	1	1	2	1	1	1	2	2	1	2	1	2	2	1	1	1	1	2	1	1	1	2	1	1	2	1	1	1	2	1	1	1	1	2	1	2	2	2	2	1	2	1	2	2	2	2	2	2	2	2	1	1	1	1	1	1	1	1	1	2	2
85	2	2	2	2	2	1	2	2	2	1	1	2	2	2	2	1	2	1	1	2	1	1	1	2	1	1	1	1	1	1	1	1	1	1	2	1	2	1	2	2	1	2	1	1	2	1	1	1	2	1	1	2	1	1	1	1	1	1	1	1	2	1	2	2	2	2	1	2	1	2	2	2	2	1	2	2	2	1	1	1	1	1	1	1	1	1	2	2
86	2	2	1	2	2	1	1	2	2	1	1	2	1	2	1	1	2	2	2	1	1	2	1	1	1	1	1	1	1	1	1	1	1	2	2	1	2	1	2	2	1	1	1	1	2	1	1	2	2	1	1	1	1	1	1	1	2	1	2	1	2	1	2	2	2	2	1	2	1	1	2	2	2	1	2	2	2	1	1	1	1	1	1	1	1	1	2	2
86	2	2	2	2	2	1	1	2	2	1	1	2	1	2	1	1	2	2	2	1	1	1	1	1	1	1	1	1	1	1	1	1	1	1	2	2	2	2	2	2	1	1	1	1	2	2	1	1	2	1	1	2	1	1	1	1	1	1	1	1	2	1	2	2	2	1	2	2	1	1	1	2	2	1	2	2	2	1	2	2	1	1	1	1	2	1	2	2
86	2	2	2	2	2	1	2	2	2	2	1	2	2	2	1	1	1	2	2	1	1	1	1	1	1	1	1	1	1	1	1	1	1	1	2	2	1	2	2	2	1	1	1	1	2	2	1	1	2	1	1	1	1	1	1	1	2	1	1	1	2	1	2	2	2	2	2	2	1	2	2	2	2	2	2	2	2	1	1	1	1	1	1	1	1	1	2	2
87	2	2	2	2	2	1	2	2	2	1	1	2	2	2	2	1	2	2	1	1	1	1	1	1	1	1	1	1	1	1	1	1	1	2	2	2	2	2	2	2	1	1	1	1	2	2	2	1	2	1	1	1	1	1	1	1	2	1	1	1	2	1	2	2	2	2	2	2	1	2	2	2	2	2	2	1	2	1	2	1	1	1	1	2	1	1	2	2
87	2	2	2	2	2	1	2	2	2	1	1	2	2	2	2	1	1	2	2	1	1	1	1	1	1	1	1	1	1	1	1	1	1	2	2	2	2	2	2	2	1	1	1	1	2	2	1	1	2	1	1	1	1	1	1	2	2	1	1	1	2	1	2	2	2	2	2	2	1	2	2	2	2	1	2	2	2	1	1	2	1	1	1	1	1	1	2	2
87	2	2	1	2	2	1	2	2	2	1	1	2	1	2	1	1	2	2	1	2	1	1	1	1	1	1	1	1	1	1	1	1	1	2	2	1	2	1	2	2	1	1	1	1	2	2	1	1	2	1	1	1	2	1	1	1	2	1	1	1	2	1	2	2	2	2	2	2	1	2	1	2	2	1	2	2	2	1	1	1	2	1	1	1	1	1	2	2
88	2	2	2	2	2	1	2	2	2	1	1	2	2	2	2	1	2	2	2	1	1	1	1	1	1	1	1	1	1	1	1	1	1	1	2	2	2	2	2	2	1	1	1	1	2	2	1	1	2	1	1	1	1	1	1	1	2	1	1	1	2	2	2	2	2	2	1	2	1	2	2	2	2	1	2	1	2	1	1	1	1	1	1	2	1	1	2	2
88	2	2	2	2	2	1	2	2	2	2	1	2	1	2	1	1	2	1	2	1	1	1	1	1	1	1	1	1	1	1	1	1	1	2	2	1	2	2	2	2	1	1	1	1	2	2	1	1	2	1	1	2	1	1	1	1	1	1	2	1	2	1	2	2	2	2	2	2	1	2	2	2	2	1	2	2	2	1	1	1	1	1	1	1	1	1	2	2
88	2	2	2	2	2	1	2	2	2	2	1	2	1	2	1	1	2	1	2	1	1	1	1	1	1	1	1	1	1	1	1	1	1	2	2	1	2	2	2	2	1	1	1	1	2	2	1	1	2	1	1	2	1	1	1	1	1	1	2	1	2	2	2	2	2	1	2	2	1	1	2	2	2	1	2	2	2	1	1	1	1	1	1	2	1	1	2	2
89	2	2	2	2	2	1	2	2	2	1	1	2	2	2	1	1	2	2	2	1	1	2	1	1	1	1	1	1	1	1	1	1	1	2	2	2	2	1	2	2	1	1	1	1	2	1	1	1	2	1	1	1	1	1	1	1	2	1	2	1	2	2	2	2	2	2	2	2	1	1	2	2	2	1	2	2	2	1	1	1	1	1	1	2	1	1	2	2
89	2	2	2	2	2	1	2	2	2	1	1	2	2	2	2	1	2	2	2	1	1	2	1	1	1	1	1	1	1	1	1	1	1	1	2	2	2	1	2	2	1	1	1	1	2	1	1	1	2	1	1	1	1	1	1	1	2	1	2	1	2	2	2	2	2	1	2	2	1	2	2	2	2	1	2	2	2	1	1	1	1	1	1	2	1	1	2	2
89	2	2	2	2	2	1	2	2	2	1	1	2	2	2	2	1	2	2	2	1	1	2	1	1	1	1	1	1	1	1	1	1	1	2	2	2	2	2	2	2	1	1	1	1	2	2	1	1	2	1	1	1	1	1	1	1	2	1	2	1	2	2	2	2	2	1	2	2	1	1	2	2	2	2	2	2	2	1	1	1	1	1	1	2	1	1	2	2
90	2	2	1	2	2	1	2	2	2	1	1	2	2	2	2	1	2	1	2	1	1	1	1	1	1	1	1	1	1	1	1	1	1	1	2	1	2	1	2	2	1	1	1	1	2	1	1	1	2	1	1	2	1	1	1	1	1	1	2	1	2	2	2	2	2	1	2	2	1	1	2	2	2	2	2	2	2	2	1	1	1	1	1	1	1	1	2	2
90	2	2	1	2	2	1	2	2	2	1	1	2	1	2	2	1	2	2	2	1	1	1	1	1	1	1	1	2	1	1	1	1	1	2	2	2	2	2	2	2	1	1	1	1	2	1	1	1	2	1	1	1	1	1	1	2	2	1	1	1	2	1	2	2	2	1	2	2	1	2	2	2	2	1	2	1	2	1	1	1	1	1	1	1	1	1	2	2
90	2	2	2	2	2	1	2	2	2	1	1	2	2	2	2	1	2	1	2	1	1	1	1	1	1	1	1	1	1	1	1	1	1	2	2	1	2	2	2	2	1	1	1	1	2	2	1	1	2	1	1	2	1	1	1	1	1	1	1	1	2	1	2	2	2	2	2	2	1	1	1	2	2	1	2	2	2	1	1	1	1	1	1	1	1	1	2	2
91	2	2	2	2	2	2	2	2	2	1	1	2	2	2	1	1	2	2	2	1	1	1	1	1	1	1	1	1	1	1	1	1	1	2	2	1	2	2	2	2	1	1	1	1	2	2	1	2	2	1	1	1	1	1	2	1	2	2	2	1	2	2	2	2	2	2	2	2	1	1	1	2	2	1	2	2	2	1	1	1	1	1	1	1	1	1	2	2
91	2	2	2	2	2	2	2	2	2	1	1	2	1	2	1	1	2	2	2	1	1	1	1	1	1	1	1	1	1	1	1	1	1	2	2	1	2	1	2	2	1	1	1	1	2	2	1	2	2	1	1	1	1	1	1	1	2	2	1	1	2	1	2	2	2	2	2	2	1	1	2	2	2	1	2	2	2	1	1	1	1	1	1	1	1	1	2	2
91	1	2	1	2	2	1	1	1	1	1	1	1	1	1	2	1	1	2	1	1	1	2	1	1	1	1	1	1	1	1	1	1	1	1	1	2	2	1	2	1	2	1	1	2	2	1	1	2	1	1	2	1	1	1	1	1	1	1	1	1	1	1	1	1	1	1	1	1	1	1	1	1	1	1	1	1	1	1	1	1	1	1	1	1	1	1	1	1
