56	97	2	1
AAT_CAC_1.0
AAT_CAC_2.0
AAT_CAC_3.0
AAT_CAC_4.0
AAT_CAC_5.0
AAT_CAC_6.0
AAT_CAC_8.0
AAT_CAC_9.0
AAT_CAC_10.0
AAT_CAC_11.0
AAT_CAC_12.0
AAT_CAC_13.0
AAT_CAC_14.0
AAT_CAC_15.0
AAT_CAC_16.0
AAT_CAC_17.0
AAT_CAC_18.0
AAT_CAC_19.0
AAT_CAC_20.0
AAT_CAC_21.0
AAT_CAC_21.1
AAT_CAC_22.0
AAT_CAC_22.1
AAT_CAC_22.2
AAT_CAC_23.0
AAT_CAC_24.0
AAT_CAC_25.0
AAT_CAC_26.0
AAT_CAC_27.0
AAT_CAC_28.0
AAT_CAC_29.0
AAT_CAC_31.0
AAT_CAC_32.0
AAT_CAC_33.0
AAT_CAC_34.0
ACA_CAC_1.0
ACA_CAC_2.0
ACA_CAC_2.1
ACA_CAC_3.0
ACA_CAC_4.0
ACA_CAC_6.0
ACA_CAC_7.0
ACA_CAC_8.0
ACA_CAC_9.0
ACA_CAC_10.0
ACA_CAC_12.0
ACA_CAC_13.0
ACA_CAC_14.0
ACA_CAC_15.0
ACA_CAC_16.0
ACA_CAC_17.0
ACA_CAC_18.0
ACA_CAC_19.0
ACA_CAC_20.0
ACA_CAC_21.0
ACA_CAC_23.0
ACA_CAC_24.0
ACA_CAC_26.0
ACA_CAC_27.0
ACA_CAC_28.0
ACA_CAC_30.0
ACA_CAC_32.0
ACA_CAC_33.0
ACA_CAC_34.0
ACA_CAC_35.0
ACA_CAC_36.0
ACA_CAC_37.0
ACA_CAC_38.0
AGC_CAC_1.0
AGC_CAC_2.0
AGC_CAC_3.0
AGC_CAC_4.0
AGC_CAC_4.1
AGC_CAC_5.0
AGC_CAC_6.0
AGC_CAC_7.0
AGC_CAC_8.0
AGC_CAC_9.0
AGC_CAC_10.0
AGC_CAC_11.0
AGC_CAC_12.0
AGC_CAC_12.1
AGC_CAC_13.0
AGC_CAC_15.0
AGC_CAC_16.0
AGC_CAC_17.0
AGC_CAC_17.1
AGC_CAC_18.0
AGC_CAC_19.0
AGC_CAC_20.0
AGC_CAC_21.0
AGC_CAC_22.0
AGC_CAC_23.0
AGC_CAC_23.1
AGC_CAC_24.0
AGC_CAC_26.0
AGC_CAC_27.0
1	2	1	2	1	2	1	1	2	1	2	1	1	1	2	2	1	2	2	1	2	2	1	2	2	1	2	2	2	2	2	1	2	1	2	2	2	2	1	1	1	1	1	1	2	2	2	2	2	1	2	2	2	2	2	1	1	2	2	1	2	2	1	2	1	2	1	2	2	1	2	1	2	1	1	1	2	2	2	2	2	1	1	2	1	2	1	1	2	1	1	2	1	1	1	1	2	1
1	1	2	1	1	2	1	1	2	1	2	1	1	1	2	2	1	1	2	1	2	2	2	2	2	1	1	1	2	2	2	1	1	1	1	1	1	2	1	1	2	1	1	1	2	2	2	2	2	1	1	2	2	1	1	1	1	2	2	1	2	2	1	2	1	2	1	2	2	2	2	2	2	1	1	1	1	1	2	2	2	1	1	1	1	2	1	1	2	1	1	1	1	1	2	2	2	1
1	0	1	2	1	2	1	1	2	2	2	1	1	1	1	1	1	1	2	2	2	2	1	2	2	1	2	2	2	1	2	1	1	1	1	1	1	2	1	1	2	1	1	1	2	2	1	2	1	1	2	2	2	1	2	1	1	2	2	1	1	1	1	2	1	2	1	2	2	1	2	1	2	1	1	2	1	2	2	2	2	1	1	1	1	2	1	1	2	1	1	1	1	1	1	1	2	1
2	2	1	2	1	1	1	1	2	1	2	1	1	1	2	1	1	2	2	2	2	2	2	2	2	1	2	2	2	1	1	1	1	1	2	2	1	2	1	1	2	1	2	1	2	2	2	1	2	1	1	2	2	2	2	1	1	2	2	1	2	2	1	2	1	2	1	2	2	2	2	1	2	1	1	1	2	1	2	2	2	1	1	1	2	2	1	1	2	2	1	1	2	1	1	1	1	1
2	2	2	2	1	2	1	1	2	2	1	1	1	1	2	1	1	2	2	2	2	2	1	2	2	1	1	1	2	1	1	1	1	1	2	2	2	2	1	2	2	1	1	1	2	2	2	1	2	1	1	2	2	2	1	1	1	2	2	1	2	2	1	2	1	2	1	2	2	2	2	1	2	1	1	1	1	1	2	2	1	1	1	2	2	2	1	1	2	2	1	2	1	1	1	2	2	1
2	2	2	2	1	2	1	1	2	1	2	1	1	1	2	1	1	2	2	2	2	2	2	2	2	1	2	2	1	1	1	1	1	1	2	2	1	2	1	1	2	1	1	1	2	2	2	2	2	1	1	2	2	2	1	1	1	2	2	1	2	2	1	2	1	2	2	2	2	2	2	1	2	1	1	1	1	2	2	2	1	2	1	1	1	2	1	1	2	2	1	2	2	1	1	2	2	1
3	2	1	2	2	2	1	1	2	1	2	1	1	1	2	1	1	1	2	1	2	2	1	2	2	1	1	2	2	2	1	1	1	1	1	2	1	2	1	1	1	1	1	1	2	2	2	2	2	1	1	2	2	2	2	1	1	2	2	1	2	2	1	2	1	2	2	2	2	2	2	2	2	1	1	2	1	2	2	2	1	2	1	1	1	2	1	1	1	1	1	1	2	1	1	2	2	1
3	1	1	2	1	2	1	1	2	2	2	1	1	1	2	1	1	1	2	1	2	2	1	2	2	1	2	1	2	2	2	1	2	1	1	2	1	2	1	1	2	2	1	1	2	2	2	2	2	1	1	2	1	2	2	1	1	2	2	1	2	2	1	2	1	2	2	2	2	2	2	1	2	1	1	1	2	1	1	2	1	2	1	2	2	2	1	1	2	1	1	2	2	1	2	2	2	1
3	1	1	2	2	2	1	1	2	2	1	1	1	1	2	1	1	2	2	2	2	2	2	2	2	1	1	2	2	2	1	1	2	1	2	1	1	2	1	1	2	2	1	1	2	2	2	2	2	1	1	2	1	1	1	1	1	2	2	1	1	2	1	2	1	2	1	2	2	2	2	1	2	1	1	2	1	0	1	2	1	2	1	1	2	2	1	1	2	1	1	2	1	1	2	2	2	1
4	1	2	1	1	2	1	1	2	2	2	1	1	2	2	2	1	2	2	2	2	2	1	2	2	1	2	2	2	2	2	1	2	1	1	1	1	2	1	1	2	2	2	1	2	2	2	2	1	1	1	2	2	2	2	1	1	2	2	1	2	2	1	2	1	2	2	1	2	2	2	2	2	1	1	1	2	2	2	1	2	1	1	2	1	2	2	1	2	2	1	2	2	1	1	2	2	1
4	1	1	1	1	1	1	1	2	1	2	1	1	1	2	1	1	2	2	1	2	2	1	2	2	1	1	1	2	2	2	1	1	1	1	2	1	2	1	1	2	1	1	1	2	2	2	2	1	1	1	2	2	1	2	1	1	1	2	1	2	2	1	2	1	2	2	2	2	2	2	1	2	1	1	1	2	2	2	1	2	1	1	2	1	2	1	2	2	1	1	1	2	1	1	2	2	1
4	1	1	1	2	1	1	1	2	1	2	1	1	1	2	1	1	2	2	2	2	2	1	2	2	1	2	2	1	1	2	1	1	1	1	1	1	2	1	1	2	1	1	1	2	2	2	2	1	1	2	2	2	2	1	1	1	2	2	1	2	2	1	2	1	2	1	2	2	2	2	1	2	1	1	1	1	1	1	1	2	2	1	1	1	2	1	1	2	1	1	1	2	1	2	2	2	1
5	2	1	1	1	1	1	1	2	1	2	1	1	2	2	1	1	2	1	1	2	2	1	2	2	2	1	1	2	2	2	1	2	1	1	2	0	0	0	0	0	0	0	0	0	0	0	0	0	0	0	0	0	0	0	0	0	0	0	0	0	0	0	0	0	0	0	0	0	0	0	0	0	0	0	0	0	0	0	0	0	0	0	0	0	0	0	0	0	0	0	0	0	0	0	0	0	0
5	1	1	1	2	1	1	1	2	2	2	1	1	2	2	1	1	2	2	1	2	2	1	2	2	2	2	1	2	2	1	1	1	1	2	1	0	0	0	0	0	0	0	0	0	0	0	0	0	0	0	0	0	0	0	0	0	0	0	0	0	0	0	0	0	0	0	0	0	0	0	0	0	0	0	0	0	0	0	0	0	0	0	0	0	0	0	0	0	0	0	0	0	0	0	0	0	0
5	1	2	1	1	2	1	1	2	2	2	1	1	2	2	1	1	2	1	2	2	2	1	2	2	2	1	1	2	1	2	1	2	1	1	1	0	0	0	0	0	0	0	0	0	0	0	0	0	0	0	0	0	0	0	0	0	0	0	0	0	0	0	0	0	0	0	0	0	0	0	0	0	0	0	0	0	0	0	0	0	0	0	0	0	0	0	0	0	0	0	0	0	0	0	0	0	0
6	1	1	1	1	2	1	1	2	1	2	1	1	2	2	1	1	2	2	2	2	2	1	2	2	1	1	2	2	2	1	1	2	1	2	2	1	2	1	1	2	2	1	1	2	2	2	2	2	1	1	2	2	2	2	2	1	2	2	1	2	2	1	2	1	2	2	1	2	1	2	1	2	1	1	1	2	2	2	2	1	1	1	2	1	2	1	1	2	1	1	2	1	1	1	2	2	1
6	2	1	2	2	2	1	1	2	2	1	1	1	1	2	1	1	1	1	1	2	2	2	2	2	1	2	1	2	2	1	1	2	1	1	2	1	2	1	1	1	2	2	1	2	2	2	2	2	1	1	2	2	2	2	2	1	2	2	1	2	2	1	2	1	2	1	2	2	1	2	1	2	2	1	1	2	2	2	2	2	1	1	2	2	2	1	1	2	2	1	1	2	1	1	2	2	1
6	2	1	2	1	1	1	1	2	2	2	1	1	1	2	2	1	2	1	2	2	2	2	2	2	1	1	1	2	1	2	1	1	1	2	1	1	2	1	1	2	2	1	1	2	2	2	1	1	1	1	2	2	2	2	1	1	1	2	1	2	2	1	2	1	2	2	2	2	2	2	2	2	2	1	1	2	2	2	2	2	1	1	1	2	2	1	1	1	1	1	2	2	1	1	2	2	1
7	2	1	2	2	1	2	2	2	1	1	1	1	0	2	1	1	2	2	2	2	2	2	2	2	1	1	1	2	2	1	1	1	1	2	1	1	2	1	1	2	1	1	1	2	2	2	2	2	1	1	2	2	2	2	1	1	2	2	1	2	2	1	2	1	2	2	2	2	2	2	2	2	1	1	1	2	1	1	2	1	1	1	1	1	2	2	1	1	2	1	1	2	1	1	2	2	1
7	2	1	2	2	1	2	2	2	2	2	1	1	1	2	2	1	1	2	1	1	2	2	2	2	1	1	1	2	1	2	1	1	1	1	1	1	2	1	1	2	1	1	1	2	2	2	2	2	1	1	2	2	2	1	1	1	2	2	1	2	2	1	2	1	1	1	2	2	2	2	2	2	1	1	1	1	1	2	2	2	1	1	1	1	2	1	1	2	1	1	1	2	1	1	2	2	1
7	2	1	2	2	0	2	1	2	1	2	1	1	1	2	2	1	2	2	1	2	2	2	2	2	1	1	2	2	1	1	1	2	1	2	2	1	2	1	1	2	1	1	1	2	2	2	2	2	1	1	2	1	2	2	1	1	2	2	1	2	2	1	2	1	2	2	2	2	1	2	2	2	2	1	1	2	2	1	2	2	1	1	1	1	2	2	1	1	1	1	1	2	1	2	2	2	1
8	1	1	2	1	2	1	1	2	2	1	1	1	1	2	1	1	2	2	2	2	2	1	2	2	1	1	2	2	1	1	1	1	1	2	2	1	2	1	1	1	1	1	1	2	2	2	2	1	1	1	1	2	2	1	1	1	2	2	1	2	2	1	2	1	2	1	2	2	2	2	1	2	1	1	1	1	1	2	2	1	2	1	1	2	2	1	1	2	1	1	2	2	1	2	2	2	1
8	1	1	1	1	1	1	1	2	2	2	1	2	1	2	1	1	2	2	1	2	2	1	2	2	1	1	1	2	1	2	1	1	1	1	2	1	2	1	1	2	2	1	1	2	2	2	2	2	1	1	2	2	1	1	1	1	2	2	1	2	2	1	2	1	2	1	2	2	2	2	1	2	1	1	1	1	1	2	2	1	1	1	1	2	2	1	1	2	1	1	1	2	1	2	1	2	1
8	1	1	1	2	1	1	1	2	2	2	1	1	2	2	2	1	2	2	1	2	2	1	2	2	1	1	2	2	1	2	1	1	1	1	2	1	2	1	1	2	1	1	1	2	2	2	2	2	1	1	2	1	2	1	1	1	2	2	1	2	2	1	2	1	2	1	2	2	1	2	2	2	1	1	1	2	1	1	2	2	2	1	1	2	2	1	1	2	2	1	2	1	1	1	2	2	1
9	1	2	1	1	1	1	1	2	1	2	1	1	1	2	2	2	2	1	1	2	2	2	2	1	1	1	2	2	2	2	1	2	1	2	2	1	2	1	1	2	1	1	1	2	2	2	2	2	1	1	2	2	1	1	1	1	2	2	1	2	2	1	2	1	2	2	1	2	2	2	1	2	1	1	1	1	1	2	2	1	1	1	1	1	2	1	1	2	2	1	2	1	1	1	1	2	1
9	1	1	1	1	1	1	1	2	1	2	1	1	1	2	1	1	2	1	1	2	2	2	2	2	1	1	1	2	2	2	1	1	1	2	1	1	2	1	1	2	1	1	2	2	2	2	2	2	1	1	2	2	2	1	1	1	2	2	2	2	2	1	2	1	2	2	2	2	2	2	1	2	1	1	1	2	1	2	2	1	1	2	1	1	2	2	1	2	1	1	1	1	1	1	2	2	1
10	1	1	1	2	1	2	1	2	2	2	1	1	1	2	1	1	1	1	2	2	2	1	2	2	1	2	1	0	2	2	1	1	1	2	2	1	2	1	1	1	1	2	1	2	2	2	2	2	1	1	2	1	2	2	1	1	2	2	1	2	1	1	2	1	2	2	2	2	1	2	1	2	1	1	2	2	1	2	1	1	1	1	1	1	2	1	2	2	1	1	2	1	1	1	1	2	1
10	1	1	2	1	2	2	2	2	2	2	1	1	1	2	1	1	2	2	2	2	1	1	2	2	1	1	1	2	1	1	1	1	2	2	1	2	2	1	1	2	2	1	1	2	2	2	2	1	1	1	2	1	2	2	1	1	2	2	1	2	1	1	2	1	2	1	2	2	1	2	2	2	1	1	1	1	1	2	2	1	1	1	1	1	2	1	1	2	2	1	2	1	1	1	2	2	1
10	1	1	1	1	1	2	1	2	2	2	1	1	1	2	1	1	2	2	1	2	2	2	2	2	1	2	1	1	1	1	1	1	1	2	2	1	2	1	1	1	1	1	2	2	2	2	2	1	1	1	2	1	1	2	1	1	2	2	1	2	2	1	2	1	2	2	2	2	1	2	2	2	1	1	1	1	1	2	2	1	1	1	1	2	2	1	1	2	2	1	2	2	1	2	2	2	2
11	1	1	1	0	2	1	1	2	1	2	1	1	2	2	1	1	2	2	2	2	2	2	2	2	1	1	2	2	2	2	1	1	1	1	1	1	2	1	1	2	1	2	1	2	2	2	1	2	1	2	1	2	2	2	1	1	1	2	2	2	2	1	2	1	2	2	2	2	1	2	1	1	1	1	1	2	1	2	2	1	1	1	2	1	2	1	1	2	2	1	2	2	1	1	2	1	1
11	1	1	1	1	1	1	1	2	2	2	1	1	0	2	1	1	2	2	2	2	2	1	2	2	1	1	2	2	2	2	1	1	1	1	2	1	2	1	1	2	1	1	1	2	2	2	2	2	1	1	1	0	1	1	1	1	1	2	1	1	2	1	2	1	2	1	2	2	1	1	1	1	1	1	1	1	1	2	2	2	2	1	2	1	2	1	1	2	2	1	2	2	1	1	2	1	1
11	1	1	1	2	1	1	1	2	2	2	1	1	2	2	2	1	2	1	1	2	2	1	2	2	1	1	1	2	1	2	1	2	1	2	2	2	1	1	1	2	2	1	1	2	2	2	2	2	1	1	2	2	2	2	2	1	2	2	1	2	1	1	2	1	2	1	1	1	1	2	2	2	1	1	1	2	2	2	2	2	1	2	2	1	2	2	1	2	1	1	1	2	1	1	2	2	1
12	2	1	1	2	2	2	1	2	1	2	1	1	1	2	2	2	2	1	2	2	2	1	2	2	1	1	2	2	1	1	1	2	1	2	1	2	2	1	1	1	2	1	1	2	2	2	2	1	1	1	2	2	2	2	1	1	2	2	1	2	2	1	2	1	2	1	2	2	1	2	2	2	2	1	1	2	2	2	2	2	1	1	2	2	2	2	1	1	1	1	2	1	1	1	2	2	1
12	2	1	2	1	1	2	1	2	1	2	1	1	2	2	1	1	2	2	2	2	2	2	2	2	1	1	1	2	1	1	1	1	1	2	2	1	2	1	1	2	2	1	1	2	2	2	2	2	1	1	2	2	2	2	1	1	1	2	1	2	2	1	2	1	2	2	1	2	1	2	1	1	2	1	1	1	2	2	2	2	2	1	2	2	2	1	1	1	1	1	2	1	1	1	2	2	1
13	1	1	2	1	1	0	1	2	1	2	1	1	1	2	2	1	2	2	1	2	1	1	2	2	1	2	1	1	1	2	1	2	1	2	1	1	2	1	1	2	1	1	1	2	2	2	2	2	1	1	2	2	1	1	1	1	2	2	1	2	1	1	2	1	2	1	2	2	1	2	1	1	1	1	1	2	1	2	1	2	1	1	1	2	2	2	1	2	1	1	2	2	2	1	2	2	1
13	2	1	2	2	1	2	2	2	1	2	1	1	1	2	1	1	1	1	1	2	2	2	2	2	1	1	1	1	1	2	1	2	1	1	2	1	2	1	1	1	1	1	1	2	2	2	2	2	1	1	0	2	1	2	1	1	2	2	2	2	2	1	2	1	2	2	2	2	2	2	2	1	1	1	1	1	1	2	2	2	1	1	1	2	2	1	1	2	1	1	1	2	1	2	2	1	1
13	2	2	2	2	1	1	1	2	1	2	1	1	1	2	1	1	2	2	1	2	1	1	2	2	1	1	1	2	1	2	1	1	1	1	2	1	1	1	1	2	1	1	1	2	2	1	2	1	1	1	2	2	1	1	1	1	2	2	1	2	1	1	2	2	2	1	1	2	1	2	2	1	1	1	1	2	2	1	2	2	1	1	1	2	2	1	1	1	1	1	2	2	1	2	2	2	1
14	1	1	2	2	1	2	1	2	1	2	1	1	1	2	2	1	2	2	2	2	2	1	2	2	1	1	2	2	2	2	1	1	1	1	1	1	2	1	1	1	1	2	1	2	2	1	2	2	1	1	2	2	1	2	1	1	2	2	1	2	1	1	2	1	2	1	2	2	2	1	1	2	2	1	1	2	1	2	2	2	1	1	1	2	2	2	1	2	1	1	2	2	1	1	2	2	1
14	2	1	1	2	1	2	1	2	1	2	1	1	1	2	1	1	2	2	2	2	2	0	2	2	1	1	2	2	2	1	1	1	1	1	1	1	2	1	1	2	2	1	1	2	2	2	2	2	1	1	2	2	1	2	1	1	2	2	1	2	0	0	0	0	0	0	0	0	1	2	1	2	2	1	1	2	1	2	2	1	1	1	1	1	2	2	1	2	1	1	1	1	1	1	2	1	1
14	2	1	2	2	1	1	2	2	1	2	1	1	1	2	2	2	2	1	2	2	2	1	2	2	1	2	2	2	2	2	1	1	1	1	2	1	2	1	1	1	1	1	1	2	2	2	2	2	1	1	2	2	2	2	1	1	2	2	1	2	1	1	2	1	2	2	1	2	2	2	2	2	1	1	1	2	2	2	1	2	1	1	1	2	2	2	1	2	1	1	1	2	1	2	2	2	1
15	1	1	2	1	1	1	1	2	2	2	1	1	2	2	1	1	2	2	2	2	2	1	2	2	1	2	2	2	2	1	1	1	1	1	1	1	2	1	1	2	1	1	1	1	2	2	2	1	1	1	2	2	2	2	1	1	2	2	1	2	1	1	1	1	0	1	1	1	1	2	2	2	1	1	1	1	1	2	2	1	2	1	1	1	2	2	1	2	1	1	2	2	2	1	1	1	1
15	1	1	1	1	2	1	1	2	2	2	1	1	1	2	2	1	2	2	1	2	2	2	2	2	1	1	1	2	1	2	1	1	1	2	1	1	2	1	1	1	1	1	1	2	2	2	2	2	1	1	2	2	2	1	1	1	2	2	1	2	1	1	2	1	2	2	2	2	1	2	1	2	1	1	1	2	2	2	2	1	2	1	1	2	2	2	1	2	1	1	1	2	1	1	2	2	1
16	1	2	2	1	1	1	1	2	1	1	1	1	1	2	1	1	2	2	2	2	1	1	2	2	1	1	1	2	1	1	1	1	1	2	2	1	2	1	1	2	2	1	1	2	2	2	2	2	1	1	2	1	2	1	1	1	2	2	1	2	1	1	2	1	2	1	2	2	2	2	2	2	1	1	1	1	1	2	2	1	1	1	1	1	2	1	1	2	1	1	1	2	1	2	2	2	2
16	1	2	1	1	1	1	1	2	1	2	1	1	2	2	1	1	2	1	1	2	2	1	2	2	1	1	2	1	1	2	1	1	1	2	2	1	2	1	1	2	1	1	1	2	2	2	2	2	1	1	2	2	2	1	1	1	2	2	1	2	1	1	2	1	2	2	2	2	1	2	1	2	1	1	2	1	2	2	2	1	1	1	1	1	2	1	1	2	1	1	2	1	1	2	2	2	1
16	1	2	1	1	1	1	1	2	1	2	1	1	1	2	1	1	2	2	2	2	2	1	2	1	1	1	1	2	1	1	1	2	1	1	2	1	2	1	1	2	1	1	1	2	2	2	2	1	1	1	2	2	2	2	1	1	1	2	1	2	2	1	2	1	2	1	2	2	2	2	1	2	1	1	1	1	1	2	2	1	1	1	1	1	1	1	1	2	1	1	1	2	2	1	2	2	1
17	1	1	2	2	2	1	1	2	2	2	1	1	2	2	2	1	2	2	2	2	2	1	2	2	1	1	2	2	1	2	2	1	1	2	2	0	0	0	0	0	0	0	0	0	0	0	0	0	0	0	0	0	0	0	0	0	0	0	0	0	0	0	0	0	0	0	0	0	0	0	0	0	0	0	0	0	0	0	0	0	0	0	0	0	0	0	0	0	0	0	0	0	0	0	0	0	0
17	1	1	1	2	2	1	1	2	2	2	1	1	2	2	2	1	2	1	1	2	2	1	2	2	1	2	2	2	2	1	2	1	1	2	2	0	0	0	0	0	0	0	0	0	0	0	0	0	0	0	0	0	0	0	0	0	0	0	0	0	0	0	0	0	0	0	0	0	0	0	0	0	0	0	0	0	0	0	0	0	0	0	0	0	0	0	0	0	0	0	0	0	0	0	0	0	0
17	1	1	2	2	1	1	1	2	2	2	1	1	2	2	1	1	2	1	2	2	2	2	2	2	1	1	1	2	1	2	2	1	1	2	2	0	0	0	0	0	0	0	0	0	0	0	0	0	0	0	0	0	0	0	0	0	0	0	0	0	0	0	0	0	0	0	0	0	0	0	0	0	0	0	0	0	0	0	0	0	0	0	0	0	0	0	0	0	0	0	0	0	0	0	0	0	0
18	1	1	1	1	1	1	1	2	2	2	1	1	2	1	2	1	2	1	2	2	2	1	2	2	1	1	1	2	1	2	1	1	1	2	2	1	2	1	1	2	2	1	1	2	2	2	1	1	1	1	2	2	1	1	1	1	2	2	1	2	2	1	2	1	2	1	2	2	2	2	2	2	1	1	2	2	2	1	2	1	1	1	1	2	2	1	2	2	1	1	1	2	1	1	2	1	1
18	1	0	2	2	1	1	1	2	1	2	1	1	1	2	2	1	2	2	2	2	1	1	2	2	1	1	1	2	1	2	1	1	1	1	1	1	2	1	1	2	1	1	1	2	2	2	1	2	1	1	2	2	2	2	1	1	1	2	1	2	2	1	2	1	2	1	2	2	1	2	1	2	1	1	2	1	2	2	2	2	2	2	1	1	2	2	1	2	1	1	1	2	1	1	2	1	1
18	1	1	1	2	1	1	1	2	2	2	1	1	1	2	2	1	2	1	2	2	2	1	2	2	1	2	1	2	1	2	1	1	1	2	2	2	2	1	1	2	2	2	1	2	2	2	2	2	1	1	2	2	2	2	1	1	2	2	1	2	1	1	2	1	2	1	2	2	2	2	1	2	2	1	1	1	1	2	2	1	1	1	1	1	2	1	1	2	1	1	2	2	1	1	2	2	1
19	1	1	2	1	1	1	1	2	1	2	1	1	1	2	2	1	2	2	2	2	1	1	2	2	1	1	1	2	2	2	1	1	1	2	2	1	2	1	1	2	1	1	1	2	2	2	2	2	1	1	2	2	1	2	2	1	1	2	1	2	2	1	2	1	2	1	2	2	1	2	2	2	1	1	1	2	1	2	2	2	1	1	1	2	1	1	1	2	1	1	2	2	1	1	2	2	1
19	1	1	2	2	1	1	1	2	1	1	1	1	1	2	2	1	1	2	2	2	2	1	2	2	1	1	1	2	1	2	1	1	1	2	2	1	2	1	1	2	1	2	1	2	2	2	2	2	1	1	2	2	1	2	1	1	2	2	1	2	1	1	2	1	2	1	2	2	1	2	2	2	1	1	1	1	1	2	2	1	1	1	1	2	2	2	2	1	1	1	2	2	1	1	2	2	1
20	2	1	1	2	2	1	1	2	1	1	1	1	1	2	2	1	2	1	2	2	2	1	2	2	1	2	2	2	2	2	1	2	1	2	2	2	2	1	1	1	2	2	1	2	2	2	2	2	1	1	2	2	2	2	1	1	2	2	1	1	2	1	2	1	2	1	2	2	2	2	2	2	1	1	1	1	1	2	2	2	1	1	1	1	2	1	1	1	1	1	1	2	1	1	1	2	1
20	2	1	2	2	2	2	1	2	1	2	1	1	1	2	2	1	2	2	1	2	2	1	2	2	2	1	2	2	1	2	1	1	1	1	2	2	2	1	1	1	2	2	1	2	2	2	2	2	1	2	2	2	2	1	1	1	2	2	1	2	1	1	2	1	2	2	2	2	2	2	2	2	2	1	1	1	2	1	2	1	1	1	2	1	2	1	1	2	1	1	2	1	1	1	2	2	1
20	2	1	2	2	2	1	1	2	1	2	1	1	2	2	1	1	2	2	2	2	2	1	2	2	1	1	1	2	2	2	1	1	1	2	2	2	2	1	1	1	1	2	1	2	2	2	2	2	1	1	2	1	2	2	2	1	2	2	1	2	1	1	2	1	2	1	2	2	2	2	2	2	1	1	1	1	2	2	2	1	1	1	1	2	2	1	1	1	1	1	1	2	1	1	2	2	1
21	2	1	2	1	1	1	1	2	2	2	1	1	2	2	2	1	1	2	1	2	2	1	2	2	1	1	1	1	2	2	1	1	1	2	1	1	2	1	1	2	1	1	1	2	2	2	2	2	1	1	1	2	2	2	1	1	2	2	2	2	1	1	2	1	2	1	1	1	2	2	2	2	1	1	1	1	1	0	2	1	1	1	1	1	2	2	1	2	1	1	1	2	1	1	2	2	1
21	2	1	1	2	1	1	1	2	1	1	1	1	2	2	2	1	1	1	1	2	2	1	2	2	2	1	2	2	1	2	1	2	1	1	1	1	2	1	1	1	1	1	1	2	2	2	2	2	1	1	2	2	2	2	1	1	2	2	1	2	2	1	2	1	2	1	2	2	1	2	1	2	1	1	1	2	1	1	2	1	1	1	1	1	2	2	1	2	1	1	2	1	1	1	2	2	1
21	2	1	1	2	1	1	1	2	2	2	1	1	1	2	2	2	2	2	1	2	2	1	2	2	1	1	2	2	1	2	1	2	1	2	1	1	2	1	1	1	1	1	2	2	2	2	2	2	1	1	2	2	2	1	1	1	2	2	1	2	2	1	2	1	2	1	2	2	1	2	1	2	1	1	1	1	1	2	2	2	1	1	1	2	2	1	1	2	1	1	2	1	1	1	2	2	2
22	2	1	1	2	1	2	1	2	2	1	1	1	1	2	2	2	2	2	2	2	2	2	2	2	1	1	1	2	2	2	1	1	1	1	2	1	2	1	1	1	1	1	1	2	2	2	2	2	1	1	2	2	2	2	1	1	2	2	1	2	1	1	2	1	2	2	2	2	2	2	2	2	1	1	1	2	2	2	1	1	1	1	1	2	2	2	1	2	1	1	2	1	1	1	2	1	1
22	2	1	2	1	2	2	1	2	2	1	1	1	1	2	1	2	2	2	1	2	2	1	2	2	1	1	2	2	2	2	1	1	1	1	2	1	2	1	1	2	1	2	1	2	2	2	2	2	1	1	2	1	2	2	1	1	2	2	1	2	0	1	2	1	2	2	1	2	2	2	1	2	1	1	1	2	2	2	1	1	1	1	1	1	2	2	1	2	1	1	2	1	1	1	2	1	1
22	2	1	1	1	1	2	1	2	2	2	1	1	1	2	2	2	2	2	1	2	2	2	2	2	1	1	2	2	1	2	1	1	1	1	1	1	2	1	1	2	1	1	1	2	2	2	2	2	1	1	2	2	1	2	1	1	2	2	1	2	1	1	2	1	2	1	2	2	2	2	2	2	1	1	1	2	1	2	2	1	1	1	1	1	2	1	1	2	1	1	2	1	1	1	2	2	1
23	2	2	1	1	2	1	1	2	1	2	1	1	1	2	1	1	2	2	2	2	2	2	2	2	1	1	2	2	1	2	1	1	1	2	2	2	2	1	1	2	2	1	1	2	2	2	2	1	1	1	2	2	1	1	2	1	2	2	1	2	2	1	2	1	2	1	2	2	1	2	1	2	1	1	2	2	2	2	2	2	1	1	1	2	2	2	1	2	1	1	2	1	1	1	2	2	2
23	2	1	1	1	1	1	1	2	1	2	1	1	1	2	1	1	2	2	2	2	1	2	2	2	1	1	1	2	2	1	1	1	1	2	2	1	2	1	1	2	1	1	1	2	2	2	2	2	1	1	2	2	2	2	2	1	2	2	1	2	2	1	2	1	2	1	2	2	1	2	1	2	1	1	1	1	2	1	1	2	1	1	1	2	1	1	2	2	1	1	2	2	1	2	1	2	1
23	2	1	1	1	1	1	1	2	1	2	1	1	1	2	1	1	2	2	1	2	2	2	2	2	1	1	1	1	2	1	1	1	1	2	1	1	2	1	1	2	2	1	1	2	2	2	2	2	1	1	2	2	2	1	1	1	2	2	1	2	2	1	2	1	2	1	2	2	1	2	1	2	1	1	1	1	1	2	1	2	1	1	1	2	2	1	2	2	2	1	2	2	1	2	2	1	1
24	1	1	1	2	0	1	1	2	1	2	1	1	2	2	1	1	2	2	2	2	2	1	2	2	1	1	1	2	1	2	1	1	2	1	1	1	2	1	2	1	1	1	1	2	2	2	2	1	1	1	2	2	2	2	1	1	2	2	1	2	1	1	2	1	2	2	1	2	2	2	2	2	1	1	1	1	1	2	2	1	1	2	1	1	0	1	1	2	1	1	2	2	1	1	2	2	1
24	1	1	1	2	1	1	1	2	2	2	1	1	2	2	2	1	2	2	2	2	2	1	2	2	1	1	2	2	2	2	1	2	1	1	1	1	2	1	1	2	1	1	1	2	2	2	2	1	1	1	2	2	2	1	1	1	2	2	2	2	2	1	2	1	2	1	2	2	1	2	2	2	1	1	1	1	2	2	2	2	1	1	1	2	2	1	1	2	1	1	1	2	1	1	2	2	1
25	1	1	1	2	1	1	1	2	1	2	1	1	1	2	2	1	1	2	2	2	2	1	2	2	1	1	2	2	1	2	1	1	1	1	2	2	2	1	1	1	1	1	1	2	2	2	2	1	1	1	2	2	2	2	2	1	2	1	1	2	1	1	2	1	2	2	2	2	2	2	2	2	1	1	1	2	2	2	2	1	1	1	1	2	2	2	1	1	1	1	1	1	1	1	2	2	1
25	1	1	2	2	2	1	1	2	1	2	1	1	1	2	2	1	2	2	2	2	2	1	2	2	1	1	2	1	1	2	1	1	1	2	2	2	2	1	1	2	1	1	1	2	2	2	2	2	1	1	2	2	2	2	1	1	2	2	1	2	1	1	2	2	2	1	2	2	2	2	2	2	2	1	1	2	2	2	2	1	1	1	1	1	2	1	1	2	2	1	2	2	2	1	2	2	1
25	1	1	1	2	1	1	1	1	2	2	1	1	1	1	1	1	2	1	2	2	2	1	2	2	1	2	1	2	2	1	1	2	1	2	1	1	2	1	2	1	1	1	1	2	2	2	2	2	1	1	2	2	2	1	1	1	2	2	1	2	2	1	2	1	2	2	2	2	2	2	2	2	1	1	1	1	2	1	2	1	2	1	1	1	2	1	1	1	1	1	2	2	1	1	2	1	1
26	1	1	0	2	1	1	2	2	1	2	1	1	2	2	1	1	2	2	1	2	2	1	2	2	1	1	1	1	1	1	1	1	1	1	1	1	2	1	1	2	1	2	1	2	2	2	2	2	1	1	2	2	2	1	1	1	2	2	1	2	1	1	2	1	2	2	2	2	1	2	1	1	1	1	1	2	2	1	2	1	1	1	1	1	2	2	1	2	1	1	1	2	1	1	2	2	1
26	1	1	2	1	1	1	1	2	2	2	1	1	1	2	1	1	1	2	2	2	2	2	2	2	1	1	2	2	2	2	1	1	1	1	2	2	2	1	1	1	1	1	1	2	2	2	2	2	1	1	1	1	2	1	1	1	1	2	1	2	2	1	2	1	2	1	2	2	1	2	2	2	1	1	1	1	2	2	2	2	1	1	2	1	2	1	1	1	1	1	2	2	1	1	2	2	1
27	1	1	2	1	1	1	1	2	2	2	2	1	1	2	1	1	2	1	2	2	2	1	2	2	1	1	2	2	1	2	1	2	1	2	2	1	2	1	1	2	1	2	1	2	2	2	2	2	1	1	2	2	2	2	1	1	2	2	1	1	1	1	2	1	2	2	2	2	1	1	2	2	1	1	1	1	2	2	2	2	1	1	1	1	2	1	1	1	1	1	2	2	1	1	2	2	1
27	1	2	1	1	1	1	1	2	2	2	1	1	2	2	2	1	1	1	2	2	2	1	2	2	1	1	1	2	1	2	1	2	1	1	2	1	2	1	1	2	1	1	1	1	2	1	2	2	1	1	2	2	1	1	1	1	2	1	1	2	1	1	2	1	2	2	2	2	2	2	2	2	1	1	1	2	1	2	2	2	1	1	2	2	1	1	1	1	1	1	1	2	1	1	2	2	1
27	1	1	2	1	2	1	1	2	2	2	2	1	1	2	1	1	1	1	2	2	2	1	2	2	1	1	1	2	2	1	1	1	1	1	2	1	1	1	1	1	1	1	1	1	2	2	2	1	2	1	2	2	1	2	1	1	2	1	1	2	1	1	2	1	2	1	2	2	1	2	2	2	1	1	1	1	2	0	2	1	1	1	1	1	2	1	1	2	1	1	1	2	2	1	2	1	1
28	1	2	2	2	2	2	1	1	2	2	1	1	2	2	1	1	2	2	2	2	2	1	2	2	1	1	2	2	1	2	1	1	1	1	2	1	2	1	1	2	2	2	1	2	2	2	2	2	1	1	2	2	2	1	1	1	1	2	1	2	1	1	2	1	2	1	2	2	2	2	1	2	1	1	1	2	1	2	2	1	1	1	2	2	2	1	1	2	1	1	1	2	1	1	2	2	1
28	2	1	1	2	1	1	1	2	1	2	1	2	2	2	1	1	1	1	2	2	2	1	2	2	1	1	2	2	1	2	1	1	1	1	2	2	2	1	1	1	2	2	1	2	2	2	2	2	1	1	2	2	2	2	2	1	2	2	1	2	2	1	2	1	2	1	2	2	2	2	2	2	1	1	1	2	2	1	1	1	1	1	1	2	2	1	1	2	2	1	2	2	2	1	2	2	1
28	1	1	2	2	1	1	2	2	2	2	1	1	2	2	2	1	1	2	2	2	2	1	2	1	1	2	2	2	2	2	1	1	1	2	1	1	2	1	1	2	2	2	1	2	2	2	2	2	1	1	2	2	2	2	1	1	2	2	1	2	2	1	2	1	2	1	2	2	2	2	2	2	1	1	1	1	1	1	1	2	1	1	2	1	2	1	1	1	2	1	2	2	2	1	2	2	1
29	1	1	2	1	2	1	1	2	2	2	1	1	1	2	1	1	2	2	2	2	2	1	2	2	1	2	2	2	2	1	1	1	1	1	2	2	2	1	1	2	2	1	1	2	2	2	2	2	1	2	2	2	2	1	1	1	2	2	1	2	2	1	2	1	2	1	2	2	2	2	2	2	1	1	2	1	1	1	2	2	2	1	1	2	1	1	1	2	1	1	2	2	1	1	2	2	1
29	1	2	1	2	1	1	1	2	2	2	1	1	2	2	1	1	2	2	2	2	1	2	2	2	1	2	2	2	2	1	1	1	1	1	2	2	2	1	2	2	1	1	2	2	2	2	2	2	1	1	2	2	1	2	1	1	2	2	2	2	1	1	2	1	2	2	2	2	1	2	2	2	1	1	1	1	2	1	1	1	1	1	1	2	2	1	1	2	1	1	2	1	2	1	2	2	1
29	1	2	1	1	1	1	1	2	1	2	1	1	2	2	1	1	2	1	2	2	2	1	2	2	1	1	1	2	2	1	1	2	1	1	1	1	2	1	2	1	1	1	1	2	2	2	2	1	1	2	2	2	1	2	1	1	1	2	1	2	1	1	2	1	2	1	2	2	1	2	1	2	1	1	1	2	2	1	2	1	1	1	1	1	2	2	1	2	1	1	1	1	1	1	2	2	1
30	1	1	1	2	1	1	1	2	1	2	1	1	1	2	1	1	2	1	2	2	2	1	2	2	1	2	1	0	1	1	1	1	1	1	1	0	0	0	0	0	0	0	0	0	0	0	0	0	0	0	0	0	0	0	0	0	0	0	0	0	0	0	0	0	0	0	0	0	0	0	0	0	0	0	0	0	0	0	0	0	0	0	0	0	0	0	0	0	0	0	0	0	0	0	0	0	0
30	1	1	1	1	1	1	1	2	1	2	1	1	1	2	2	2	2	1	2	2	2	1	2	2	1	1	1	2	1	1	1	1	1	1	1	0	0	0	0	0	0	0	0	0	0	0	0	0	0	0	0	0	0	0	0	0	0	0	0	0	0	0	0	0	0	0	0	0	0	0	0	0	0	0	0	0	0	0	0	0	0	0	0	0	0	0	0	0	0	0	0	0	0	0	0	0	0
31	1	1	1	1	1	1	1	2	1	1	1	1	2	2	1	1	2	2	2	2	2	1	2	2	1	1	2	2	1	2	1	2	1	2	1	1	2	2	1	1	2	2	1	1	2	1	2	1	2	1	2	2	1	2	1	1	2	2	1	2	1	1	2	1	2	1	2	2	0	0	0	0	0	0	0	0	0	0	0	0	0	0	0	0	0	0	0	0	0	0	0	0	0	0	0	0	0
31	1	1	1	1	1	1	1	2	2	1	1	1	2	2	1	1	2	2	2	2	2	2	2	2	1	2	2	2	1	2	1	1	1	2	1	1	2	2	2	2	1	2	1	1	2	2	2	2	1	1	1	1	2	2	1	1	2	2	1	2	1	1	2	1	2	2	2	2	0	1	2	2	2	1	1	1	2	1	1	2	2	1	1	1	2	0	1	1	1	1	1	1	1	1	2	1	1
32	2	1	1	1	1	2	1	2	1	2	1	1	2	2	1	1	2	2	2	2	2	1	2	2	1	2	1	2	1	2	1	1	1	2	2	2	2	1	1	1	2	2	1	2	2	2	2	1	1	1	2	2	2	2	1	1	2	2	1	2	2	1	2	1	2	1	2	2	1	2	2	2	1	1	1	1	1	2	2	2	1	1	1	1	2	1	1	2	1	2	1	2	1	1	2	2	1
32	1	1	2	2	1	2	1	2	1	2	1	1	2	2	2	1	2	2	1	2	2	1	2	2	1	2	2	2	1	1	1	1	1	2	2	2	2	1	1	1	1	1	1	2	2	2	1	1	1	1	2	2	2	2	1	1	2	2	1	2	1	1	2	1	2	1	2	2	1	2	2	2	1	1	1	1	1	2	2	2	1	1	1	2	1	1	1	2	1	1	1	1	1	2	2	2	1
33	1	1	1	1	2	2	1	2	0	2	1	1	2	2	2	1	2	1	2	2	2	1	2	2	1	2	2	2	2	2	1	1	1	2	2	1	2	2	2	2	1	1	1	2	2	2	2	2	2	1	2	1	2	1	2	1	2	2	1	2	2	1	2	1	2	2	2	2	1	2	2	2	2	1	1	2	2	1	2	2	1	1	1	1	2	1	1	2	1	1	1	2	2	1	2	2	1
33	1	1	2	2	2	2	1	2	1	2	1	1	0	2	2	1	2	2	2	2	2	2	2	2	1	2	1	2	2	1	1	2	2	1	1	1	2	1	1	2	1	1	1	2	2	2	2	1	2	1	2	2	2	2	1	1	2	2	1	2	2	1	2	1	2	2	2	2	1	2	1	2	2	1	1	2	1	2	2	2	1	1	2	1	2	1	1	2	1	1	2	2	2	1	2	2	1
33	1	1	1	1	1	2	1	2	1	1	1	1	1	2	2	1	2	2	0	2	2	1	2	2	1	2	1	2	1	1	1	2	2	1	1	1	2	1	1	2	1	1	1	2	1	2	2	1	2	1	2	2	2	1	1	1	2	1	1	2	2	1	2	1	2	2	2	2	1	2	1	2	1	1	1	2	1	1	1	2	1	1	2	1	2	1	1	1	1	1	2	2	2	1	2	2	1
34	1	1	2	2	1	2	1	2	1	2	1	1	2	2	1	1	2	1	2	2	2	2	2	2	1	2	1	1	1	2	1	1	1	1	2	1	2	1	1	2	2	1	1	2	2	2	2	2	1	1	2	2	2	1	1	1	2	2	1	2	2	1	2	1	2	1	2	2	2	2	2	2	1	1	1	2	1	2	2	2	1	1	1	1	2	1	1	2	2	1	1	2	1	1	2	2	1
34	1	2	2	2	2	2	2	2	2	2	1	1	2	2	1	1	2	1	1	2	2	1	2	2	1	1	2	2	1	2	1	2	1	1	2	1	2	1	2	2	2	1	1	2	2	2	2	1	1	1	2	1	2	1	1	1	2	1	1	1	2	1	2	1	2	1	2	2	1	2	2	2	1	1	1	2	2	2	2	1	1	2	1	1	2	1	1	2	1	1	2	1	1	1	2	2	1
34	1	1	1	2	1	1	1	2	1	2	1	1	1	2	1	2	2	1	1	2	0	2	2	2	1	1	2	2	1	2	1	1	1	2	2	1	2	1	1	1	1	1	1	2	1	2	2	2	1	1	2	1	2	1	1	1	2	2	1	1	1	1	2	1	2	1	2	2	1	2	2	2	1	1	1	2	2	1	1	2	1	1	1	1	2	1	1	2	2	1	2	2	1	1	2	2	1
35	1	1	1	2	1	1	1	2	2	2	1	1	2	2	2	1	2	1	2	2	2	1	2	2	1	1	1	2	1	1	1	1	1	2	2	1	1	1	1	2	1	1	1	2	2	2	2	1	1	1	2	1	1	1	1	1	2	1	1	2	1	1	1	1	2	1	2	1	2	2	2	2	1	1	1	2	2	1	2	1	1	0	1	1	2	1	1	2	1	1	2	2	1	1	2	1	1
35	1	1	2	2	1	1	1	2	2	2	1	1	1	2	2	1	2	2	2	2	2	2	2	2	1	2	1	2	2	2	1	1	1	2	1	2	2	1	1	2	1	1	1	2	2	2	2	2	1	1	2	2	2	1	1	1	2	1	1	1	2	1	2	1	2	2	2	2	2	2	1	2	2	1	1	2	2	2	2	1	1	1	2	1	2	1	1	2	1	1	2	2	1	1	2	2	1
35	1	1	1	2	1	1	1	2	2	2	1	1	1	0	2	1	2	1	2	2	2	1	2	2	1	1	1	2	2	2	1	1	1	1	2	2	0	1	2	2	2	1	1	2	0	2	1	2	1	1	2	2	2	1	1	1	2	1	1	2	2	1	2	1	2	2	2	2	1	2	2	2	1	1	1	2	2	2	2	1	2	1	1	2	2	1	1	2	2	1	1	2	1	1	2	2	1
36	2	1	2	1	2	1	1	2	1	2	1	1	1	2	1	2	2	1	2	2	2	1	2	2	1	2	1	2	2	2	2	1	2	2	2	1	2	1	2	1	2	1	1	2	2	2	2	1	2	1	2	1	2	1	1	1	2	2	1	1	2	1	2	1	2	2	2	2	2	2	1	2	1	1	1	1	2	2	2	1	1	1	1	1	2	1	1	1	1	1	2	1	1	2	2	2	1
36	1	1	2	1	2	1	1	2	1	2	1	1	2	2	1	1	1	2	2	2	2	2	2	2	1	1	2	2	2	2	2	1	1	1	2	1	2	1	2	2	1	1	1	2	2	2	2	2	1	1	2	1	2	1	1	1	2	2	1	2	2	1	2	1	2	2	2	2	2	2	1	2	1	1	1	1	2	2	2	2	1	1	2	2	1	1	1	1	2	1	2	1	1	2	2	1	1
36	2	1	1	2	2	1	1	2	1	2	1	1	2	2	1	1	2	1	1	2	2	1	2	2	1	1	1	2	2	2	2	2	1	2	2	1	2	1	1	2	1	2	1	2	2	1	2	1	1	1	2	2	1	1	1	1	2	2	1	2	2	1	2	1	2	1	2	2	2	2	2	2	1	1	1	1	1	2	2	1	1	1	1	1	2	1	1	2	1	1	2	2	1	1	2	2	1
37	1	1	1	0	0	1	1	2	1	1	1	1	2	2	1	1	1	1	2	1	2	1	2	2	1	0	1	2	1	2	1	2	1	2	1	1	2	1	1	1	2	1	1	2	2	2	2	1	1	1	2	2	2	2	1	1	1	2	1	2	1	1	2	1	2	1	2	2	1	1	1	2	1	1	2	1	1	1	2	1	1	1	2	2	2	1	1	2	1	2	2	1	1	1	2	2	1
37	1	1	1	1	2	1	1	2	2	1	1	1	2	2	1	1	1	1	2	2	2	1	2	2	1	1	2	2	1	1	1	1	1	1	1	1	2	1	1	2	1	1	1	2	2	1	2	2	1	1	2	2	2	2	1	1	2	2	1	2	2	1	2	1	2	1	2	2	2	2	1	2	1	1	2	1	1	1	2	2	1	2	1	1	2	1	1	2	1	1	2	2	1	1	2	2	1
37	2	1	1	1	1	2	1	2	1	2	1	1	2	2	2	1	2	2	2	2	2	1	2	1	1	1	1	2	1	1	1	1	1	2	1	1	2	1	1	1	2	1	1	2	2	2	2	2	1	1	2	2	2	1	1	1	2	2	1	2	1	1	2	1	1	1	2	2	1	2	1	2	1	1	1	2	1	1	2	2	1	1	1	1	2	1	1	2	2	1	1	2	1	1	2	2	1
38	2	1	2	2	1	1	1	2	2	2	1	1	1	2	1	1	2	2	2	2	2	1	2	2	1	1	2	2	1	1	1	1	1	1	2	2	2	1	2	1	1	1	1	2	2	2	2	2	1	1	2	2	1	1	1	1	2	2	1	2	2	1	2	1	2	1	2	2	2	2	2	2	2	1	1	2	2	2	1	1	1	1	2	1	2	1	1	2	1	1	1	2	1	1	2	2	1
38	2	1	2	1	1	1	1	2	1	2	1	1	2	2	1	2	2	2	2	2	2	1	2	2	1	1	1	2	1	2	1	1	1	1	1	2	2	1	1	2	1	2	1	2	2	2	1	1	1	1	1	1	2	1	1	1	2	2	1	1	1	1	2	1	2	2	2	2	1	2	2	2	1	1	1	1	2	2	1	2	1	1	2	2	2	1	1	2	1	1	2	2	1	1	2	2	2
38	2	1	2	2	2	1	1	2	2	1	1	1	1	2	1	1	2	1	2	2	2	1	2	2	1	1	1	2	2	1	1	1	1	1	2	1	1	1	1	2	1	1	1	2	2	2	2	1	1	1	2	1	1	2	1	1	1	2	1	2	1	1	1	1	2	1	2	2	2	2	2	2	1	1	1	1	1	1	2	2	2	1	1	1	2	1	1	2	1	1	1	2	1	1	2	2	1
39	2	1	1	2	1	1	1	2	1	2	1	1	1	2	2	1	2	1	2	2	2	1	2	2	1	1	1	1	1	2	1	1	1	1	1	2	2	1	1	1	1	1	1	2	2	2	2	2	1	1	2	2	2	1	1	1	2	2	1	2	2	1	2	1	1	1	2	2	1	2	2	2	1	1	1	1	2	2	1	1	1	1	2	1	2	1	1	2	1	1	2	2	1	1	2	2	1
39	1	1	2	2	1	1	1	2	1	2	1	1	1	1	2	1	2	2	1	2	2	1	2	2	1	1	1	2	1	2	1	2	1	1	1	1	1	1	1	1	2	1	1	2	2	2	2	2	1	1	2	2	1	1	1	1	2	2	1	2	2	1	2	2	2	1	2	2	1	2	1	2	1	1	1	2	2	2	2	1	1	1	2	1	2	2	1	2	1	1	1	2	1	1	2	2	1
39	2	1	1	2	1	1	1	2	2	2	1	1	1	2	1	1	2	2	2	2	2	2	2	2	1	2	2	2	2	2	1	1	2	1	1	2	2	1	1	2	2	2	1	2	1	2	2	1	2	1	2	2	2	1	2	1	2	2	1	2	1	1	2	1	2	1	2	2	2	2	2	2	1	1	1	1	2	2	2	1	1	1	2	1	2	1	1	1	1	1	2	2	1	1	2	2	1
40	1	1	2	2	2	2	1	2	2	2	1	1	1	2	1	1	2	1	2	2	2	1	2	2	1	2	1	2	1	1	1	1	1	1	1	1	2	1	1	1	1	1	1	2	2	2	1	1	1	1	2	2	2	1	1	1	2	2	1	2	2	1	2	1	2	1	2	2	2	2	2	2	1	1	1	2	2	2	2	2	1	1	1	1	2	2	1	2	1	1	1	1	1	1	2	2	1
40	1	1	1	2	2	2	1	2	2	2	1	1	2	1	2	1	2	2	2	2	2	2	2	2	1	2	1	1	2	2	1	1	1	1	2	1	2	2	1	2	1	0	1	2	2	2	1	2	1	1	0	2	2	2	1	1	2	2	1	2	2	1	2	1	2	1	2	2	1	2	2	2	1	1	1	2	2	1	1	1	2	1	1	1	2	2	1	1	1	1	2	1	1	1	2	2	1
40	1	1	1	2	1	1	1	2	1	2	1	1	1	2	1	1	1	2	2	2	1	2	2	2	1	2	1	2	1	1	1	1	1	2	1	1	2	1	2	1	1	1	1	2	2	2	2	2	1	1	2	2	2	2	1	1	2	2	1	2	2	1	2	1	2	1	2	2	2	2	2	2	1	1	1	1	1	2	2	2	1	1	1	1	2	1	1	2	1	1	2	1	1	1	2	1	1
41	1	2	1	2	2	1	1	2	2	1	1	1	2	2	1	2	1	2	1	2	2	2	1	2	1	2	1	2	2	2	1	2	1	2	1	1	2	1	2	2	1	1	1	2	2	2	2	2	1	1	2	2	2	2	2	1	2	2	1	2	1	1	2	1	2	2	2	1	1	2	2	2	1	1	1	2	1	2	2	2	1	1	1	1	2	2	1	2	1	1	2	2	1	1	2	2	1
41	1	1	1	2	1	1	1	2	2	2	1	1	2	2	2	2	1	2	1	2	2	2	2	2	1	1	2	2	1	2	1	1	1	1	2	1	2	1	1	2	2	1	1	2	2	2	2	2	1	1	1	2	1	2	2	1	2	2	1	2	1	1	2	2	2	1	2	2	1	2	2	2	1	1	1	1	1	1	2	2	2	1	2	1	2	1	1	2	1	1	2	2	1	1	2	2	1
41	1	1	2	2	1	1	1	2	1	2	1	1	1	1	1	2	1	2	2	2	2	1	2	2	1	1	1	2	1	2	1	1	1	1	2	2	1	2	2	1	2	1	1	2	2	2	2	2	2	1	2	1	2	2	1	1	1	2	1	1	1	2	2	1	2	1	2	2	1	1	1	2	1	1	1	2	1	2	1	2	1	1	2	2	2	1	1	2	1	1	1	2	1	1	2	2	1
42	1	1	2	2	2	1	2	2	1	2	1	1	1	2	1	1	2	2	2	2	1	1	2	2	1	1	1	2	2	2	1	1	1	1	1	2	2	1	1	1	1	1	1	2	1	2	1	1	1	1	2	2	1	1	1	1	2	1	1	2	2	1	2	1	2	2	2	2	0	0	0	0	0	0	0	0	0	0	0	0	0	1	0	0	0	0	0	0	0	0	0	0	0	0	0	0	0
42	1	1	1	2	1	1	1	2	2	2	1	1	1	2	1	1	2	2	2	2	2	1	2	2	1	1	2	0	1	1	1	1	1	2	1	2	2	1	2	1	1	1	2	2	2	2	2	2	1	1	2	2	1	2	1	1	2	1	1	2	1	1	2	1	2	1	2	2	2	2	1	2	1	1	1	2	1	2	1	2	1	1	1	1	2	1	1	2	1	1	1	2	1	1	2	2	1
42	1	1	1	2	1	1	1	2	1	1	1	1	1	2	1	1	2	2	2	2	2	1	2	2	1	1	1	2	0	1	1	1	1	1	1	1	1	1	1	1	1	1	1	2	1	2	2	1	1	1	2	2	2	1	1	1	2	2	1	1	1	1	1	1	2	1	2	2	1	2	1	2	1	2	1	2	1	2	1	1	1	1	1	1	2	2	1	1	2	1	2	2	1	1	1	1	1
43	1	1	1	2	2	1	2	2	1	2	1	1	2	2	1	2	2	2	2	2	2	1	2	2	1	2	2	2	1	1	1	2	1	1	1	0	0	0	0	0	0	0	0	0	0	0	0	0	0	0	0	0	0	0	0	0	0	0	0	0	0	0	0	0	0	0	0	0	0	0	0	0	0	0	0	0	0	0	0	0	0	0	0	0	0	0	0	0	0	0	0	0	0	0	0	0	0
43	1	1	1	2	1	1	2	2	1	1	1	1	2	2	1	1	2	1	1	2	2	1	2	2	1	2	2	2	2	1	1	1	1	2	2	0	0	0	0	0	0	0	0	0	0	0	0	0	0	0	0	0	0	0	0	0	0	0	0	0	0	0	0	0	0	0	0	0	0	0	0	0	0	0	0	0	0	0	0	0	0	0	0	0	0	0	0	0	0	0	0	0	0	0	0	0	0
43	2	1	1	2	1	1	1	2	1	2	1	1	1	2	1	2	2	1	2	2	2	1	2	2	1	2	2	2	2	1	1	2	1	1	1	0	0	0	0	0	0	0	0	0	0	0	0	0	0	0	0	0	0	0	0	0	0	0	0	0	0	0	0	0	0	0	0	0	0	0	0	0	0	0	0	0	0	0	0	0	0	0	0	0	0	0	0	0	0	0	0	0	0	0	0	0	0
44	1	1	1	2	1	1	1	2	2	2	1	1	2	2	1	1	2	2	1	2	2	2	2	2	1	1	2	2	1	1	1	1	1	2	2	1	2	1	1	2	1	1	1	2	2	2	2	2	1	1	2	1	2	1	2	1	2	2	2	2	1	1	2	1	2	1	2	2	1	2	1	2	1	1	1	1	1	2	2	1	2	1	2	1	2	1	1	2	2	1	2	2	1	1	2	2	1
44	1	2	1	1	2	1	1	2	2	2	1	1	2	2	1	1	1	2	2	2	2	1	2	2	1	1	2	2	1	1	1	1	1	2	2	1	2	1	1	2	1	1	1	2	2	2	2	1	1	1	2	2	2	2	1	1	2	2	1	2	2	1	2	1	2	1	2	2	1	2	1	2	1	1	1	1	1	2	2	1	1	1	1	1	2	1	1	2	2	1	1	2	1	1	2	2	1
44	1	1	2	2	1	1	2	2	1	2	1	1	2	2	1	1	2	2	2	2	2	1	2	2	1	1	2	2	1	1	1	2	1	1	2	1	2	1	1	1	1	1	1	2	2	2	1	2	1	1	2	2	2	2	1	1	2	2	1	2	2	1	2	1	2	1	2	2	2	2	2	2	1	1	1	1	1	2	2	1	1	1	1	2	2	1	1	1	1	1	2	2	1	1	2	2	1
45	2	1	1	2	1	1	1	2	1	1	1	1	1	2	1	2	2	2	1	2	2	1	2	2	1	1	2	2	2	2	2	1	2	1	1	1	1	1	1	2	1	1	1	2	1	2	2	1	2	1	1	2	2	2	1	1	2	2	1	2	1	1	2	1	2	1	2	2	1	2	1	2	1	1	1	1	2	2	2	1	1	1	2	1	2	1	1	1	1	1	2	2	1	1	2	2	1
45	2	1	2	2	2	1	1	2	1	2	1	1	2	2	1	1	1	2	2	2	2	1	2	2	1	2	2	2	2	2	2	1	1	1	1	2	2	1	2	1	1	1	1	2	2	2	2	2	1	1	2	2	2	2	2	1	2	2	1	2	2	1	2	1	2	1	2	2	2	2	1	2	1	1	1	1	2	2	2	1	1	1	2	2	2	1	2	2	1	1	2	2	1	1	1	2	1
45	1	1	1	2	1	1	1	2	1	2	1	1	1	2	2	1	2	1	2	2	2	1	2	2	1	1	2	2	1	2	1	2	1	1	1	2	1	1	1	2	2	1	1	2	2	2	2	2	1	1	2	2	2	2	2	1	2	1	1	2	2	1	2	1	2	1	2	2	1	2	2	2	1	1	1	1	1	1	2	1	1	1	2	2	1	1	1	1	1	1	1	1	2	2	2	2	1
46	2	1	1	2	2	1	1	2	1	2	1	1	1	2	2	1	2	2	1	2	2	1	2	2	1	1	2	2	2	1	1	1	1	2	1	1	2	1	2	2	1	2	1	2	1	2	2	1	1	1	2	2	1	2	2	1	1	2	1	2	2	1	2	1	2	1	2	2	1	2	2	2	1	1	1	2	2	2	2	1	1	1	1	2	2	1	1	2	1	1	2	2	1	1	1	2	1
46	1	1	1	2	2	1	1	2	1	2	1	1	2	2	1	1	2	2	2	2	2	1	2	2	1	1	1	2	1	2	1	2	1	1	1	2	2	1	1	2	1	1	1	2	2	2	2	2	1	1	1	1	2	2	1	2	2	2	1	2	2	1	2	1	2	1	2	2	2	2	1	2	1	1	1	2	2	2	2	2	1	1	1	1	2	1	1	1	1	1	2	2	1	1	2	2	1
46	2	1	0	1	1	1	1	2	1	2	1	1	1	2	2	1	1	1	2	2	2	1	2	2	1	1	1	2	2	2	1	1	1	2	2	1	2	1	2	2	2	1	1	2	2	2	2	1	1	1	2	2	2	2	2	1	2	2	1	2	2	1	2	1	2	1	2	2	2	2	2	2	1	1	1	2	1	2	2	2	1	0	1	2	2	1	1	1	1	1	1	2	1	1	2	1	1
47	1	1	1	2	1	1	1	2	1	2	1	1	1	2	1	1	2	1	2	2	2	1	2	2	1	1	2	2	1	2	2	2	1	2	2	0	0	0	0	0	0	0	0	0	0	0	0	0	0	0	0	0	0	0	0	0	0	0	0	0	0	0	0	0	0	0	0	0	0	0	0	0	0	0	0	0	0	0	0	0	0	0	0	0	0	0	0	0	0	0	0	0	0	0	0	0	0
47	1	1	1	2	2	1	1	2	1	2	1	1	2	2	1	1	2	1	2	2	2	1	2	2	1	1	2	2	2	2	2	1	1	1	2	0	0	0	0	0	0	0	0	0	0	0	0	0	0	0	0	0	0	0	0	0	0	0	0	0	0	0	0	0	0	0	0	0	0	0	0	0	0	0	0	0	0	0	0	0	0	0	0	0	0	0	0	0	0	0	0	0	0	0	0	0	0
47	1	1	1	2	1	1	2	2	1	2	1	1	2	2	2	1	1	1	2	2	2	1	2	2	1	1	2	2	1	2	1	1	1	2	2	0	0	0	0	0	0	0	0	0	0	0	0	0	0	0	0	0	0	0	0	0	0	0	0	0	0	0	0	0	0	0	0	0	0	0	0	0	0	0	0	0	0	0	0	0	0	0	0	0	0	0	0	0	0	0	0	0	0	0	0	0	0
48	2	1	1	2	2	1	1	2	1	1	1	1	1	1	1	1	1	1	1	1	2	1	2	2	1	1	2	2	1	2	1	2	1	1	2	0	0	0	0	0	0	0	0	0	0	0	0	0	0	0	0	0	0	0	0	0	0	0	0	0	0	0	0	0	0	0	0	0	0	0	0	0	0	0	0	0	0	0	0	0	0	0	0	0	0	0	0	0	0	0	0	0	0	0	0	0	0
48	2	1	1	2	1	1	1	2	2	1	1	1	1	2	1	1	2	2	1	2	2	1	2	2	1	2	2	2	1	0	1	1	1	2	1	0	0	0	0	0	0	0	0	0	0	0	0	0	0	0	0	0	0	0	0	0	0	0	0	0	0	0	0	0	0	0	0	0	0	0	0	0	0	0	0	0	0	0	0	0	0	0	0	0	0	0	0	0	0	0	0	0	0	0	0	0	0
48	1	1	1	2	1	1	1	2	1	2	1	1	1	2	2	2	1	2	1	2	2	1	2	2	1	1	2	2	2	2	1	1	1	2	2	0	0	0	0	0	0	0	0	0	0	0	0	0	0	0	0	0	0	0	0	0	0	0	0	0	0	0	0	0	0	0	0	0	0	0	0	0	0	0	0	0	0	0	0	0	0	0	0	0	0	0	0	0	0	0	0	0	0	0	0	0	0
49	1	1	1	2	1	1	1	2	2	2	1	1	2	2	1	1	1	2	2	2	2	1	2	2	1	1	1	2	2	1	2	1	1	2	1	0	0	0	0	0	0	0	0	0	0	0	0	0	0	0	0	0	0	0	0	0	0	0	0	0	0	0	0	0	0	0	0	0	0	0	0	0	0	0	0	0	0	0	0	0	0	0	0	0	0	0	0	0	0	0	0	0	0	0	0	0	0
49	1	2	2	2	2	1	1	2	2	2	1	1	2	2	1	1	2	2	2	2	2	1	2	2	1	1	2	2	1	2	1	1	1	1	2	0	0	0	0	0	0	0	0	0	0	0	0	0	0	0	0	0	0	0	0	0	0	0	0	0	0	0	0	0	0	0	0	0	0	0	0	0	0	0	0	0	0	0	0	0	0	0	0	0	0	0	0	0	0	0	0	0	0	0	0	0	0
49	2	1	1	2	1	1	1	2	2	1	1	1	1	2	1	1	1	2	1	2	2	1	2	2	1	1	2	2	2	1	1	2	1	2	2	0	0	0	0	0	0	0	0	0	0	0	0	0	0	0	0	0	0	0	0	0	0	0	0	0	0	0	0	0	0	0	0	0	0	0	0	0	0	0	0	0	0	0	0	0	0	0	0	0	0	0	0	0	0	0	0	0	0	0	0	0	0
50	1	1	2	0	1	1	1	2	1	2	1	2	1	2	1	1	1	2	2	2	2	1	2	2	1	1	2	2	1	2	1	1	1	2	2	2	2	1	1	1	1	1	1	2	2	2	2	2	1	1	2	2	2	2	2	1	2	2	1	2	1	1	2	1	2	1	2	2	1	2	1	2	1	1	1	1	2	1	2	2	1	1	1	1	2	1	2	2	1	1	2	1	1	1	2	2	1
50	2	2	2	2	2	1	1	2	2	2	1	2	0	2	2	1	2	2	2	2	2	1	2	2	1	1	2	2	2	1	2	1	1	1	2	1	2	1	1	1	1	1	2	2	2	2	2	2	1	1	2	2	1	2	2	1	2	2	1	2	2	1	2	1	2	1	2	2	1	2	1	2	1	2	1	2	2	1	2	1	1	0	1	2	1	1	1	1	1	1	2	2	1	1	2	2	1
50	1	1	2	1	1	1	1	2	1	1	1	1	2	2	2	1	1	2	2	2	2	1	2	2	1	1	1	2	1	2	1	1	1	1	1	2	2	2	2	1	1	1	2	2	2	2	2	2	1	1	2	2	2	1	1	1	2	2	1	2	2	2	2	1	2	1	2	2	2	2	2	2	1	1	1	2	2	2	2	2	1	1	1	2	2	1	1	1	1	1	2	2	1	2	2	2	1
51	1	1	1	2	2	1	1	2	2	1	1	1	1	2	1	2	1	1	1	2	2	1	2	2	1	2	1	2	1	2	1	1	1	1	2	0	0	0	0	0	0	0	0	0	0	0	0	0	0	0	0	0	0	0	0	0	0	0	0	0	0	0	0	0	0	0	0	0	0	0	0	0	0	0	0	0	0	0	0	0	0	0	0	0	0	0	0	0	0	0	0	0	0	0	0	0	0
51	2	1	1	1	2	1	1	2	1	2	1	1	1	2	2	1	2	2	1	2	2	1	2	2	1	1	2	2	1	2	1	1	1	1	1	0	0	0	0	0	0	0	0	0	0	0	0	0	0	0	0	0	0	0	0	0	0	0	0	0	0	0	0	0	0	0	0	0	0	0	0	0	0	0	0	0	0	0	0	0	0	0	0	0	0	0	0	0	0	0	0	0	0	0	0	0	0
51	1	1	2	2	2	1	1	2	2	1	1	1	1	2	1	2	1	1	1	2	2	1	2	2	1	2	1	2	1	2	1	1	1	1	2	0	0	0	0	0	0	0	0	0	0	0	0	0	0	0	0	0	0	0	0	0	0	0	0	0	0	0	0	0	0	0	0	0	0	0	0	0	0	0	0	0	0	0	0	0	0	0	0	0	0	0	0	0	0	0	0	0	0	0	0	0	0
52	1	1	1	2	1	1	1	2	1	2	1	1	2	2	1	1	2	2	1	2	2	1	2	2	1	2	1	2	0	2	2	2	1	1	2	1	2	1	2	2	1	1	1	2	2	2	2	1	1	1	2	2	2	2	1	1	2	2	1	1	1	1	2	1	2	1	2	2	2	2	2	2	1	1	1	2	2	1	2	2	2	1	1	2	1	2	1	2	2	1	2	1	2	1	1	1	1
52	1	1	1	2	1	1	1	2	2	2	1	1	1	2	2	1	1	2	2	2	2	2	2	2	1	1	2	1	2	2	1	1	1	1	2	1	2	2	2	2	2	1	1	2	1	2	2	1	1	1	2	2	2	1	1	1	2	2	1	1	2	1	2	1	2	2	1	2	0	0	0	0	0	0	0	0	0	0	0	0	0	0	0	0	0	0	0	0	0	0	0	0	0	0	0	0	0
52	1	1	1	2	1	1	1	2	1	2	1	1	2	2	1	1	2	2	1	2	2	1	2	2	1	2	1	2	2	2	2	2	1	1	2	1	2	2	1	2	1	1	1	2	2	2	2	2	1	1	2	1	2	2	1	1	2	2	1	1	2	1	2	1	2	1	2	2	2	2	2	2	1	1	1	2	2	2	2	2	2	1	1	2	1	2	1	2	2	1	1	1	2	1	1	2	1
53	2	2	2	2	1	2	1	2	1	1	1	1	1	2	2	1	2	1	2	2	2	1	2	2	1	2	2	2	1	1	1	1	1	1	2	0	0	0	0	0	0	0	0	0	0	0	0	0	0	0	0	0	0	0	0	0	0	0	0	0	0	0	0	0	0	0	0	0	0	0	0	0	0	0	0	0	0	0	0	0	0	0	0	0	0	0	0	0	0	0	0	0	0	0	0	0	0
53	2	1	1	2	1	1	1	2	1	2	1	1	1	2	1	1	2	2	2	2	2	1	2	2	1	2	2	1	1	2	1	1	1	1	2	0	0	0	0	0	0	0	0	0	0	0	0	0	0	0	0	0	0	0	0	0	0	0	0	0	0	0	0	0	0	0	0	0	0	0	0	0	0	0	0	0	0	0	0	0	0	0	0	0	0	0	0	0	0	0	0	0	0	0	0	0	0
53	1	1	1	2	1	1	1	2	1	2	1	1	1	2	1	1	2	2	1	1	2	1	2	2	1	2	2	2	1	2	1	1	1	2	1	0	0	0	0	0	0	0	0	0	0	0	0	0	0	0	0	0	0	0	0	0	0	0	0	0	0	0	0	0	0	0	0	0	0	0	0	0	0	0	0	0	0	0	0	0	0	0	0	0	0	0	0	0	0	0	0	0	0	0	0	0	0
54	1	1	1	2	2	1	1	2	2	2	1	1	1	2	2	1	2	2	2	2	2	1	2	2	1	1	2	2	2	2	1	1	1	2	2	0	0	0	0	0	0	0	0	0	0	0	0	0	0	0	0	0	0	0	0	0	0	0	0	0	0	0	0	0	0	0	0	0	0	0	0	0	0	0	0	0	0	0	0	0	0	0	0	0	0	0	0	0	0	0	0	0	0	0	0	0	0
54	1	1	2	2	2	1	1	2	2	2	1	1	1	2	1	1	2	2	2	2	2	1	2	2	1	2	2	2	2	2	1	1	1	1	2	0	0	0	0	0	0	0	0	0	0	0	0	0	0	0	0	0	0	0	0	0	0	0	0	0	0	0	0	0	0	0	0	0	0	0	0	0	0	0	0	0	0	0	0	0	0	0	0	0	0	0	0	0	0	0	0	0	0	0	0	0	0
54	1	1	1	2	1	1	1	2	2	2	1	1	1	2	2	2	2	1	2	2	2	1	2	2	1	1	2	2	1	2	1	1	1	2	2	0	0	0	0	0	0	0	0	0	0	0	0	0	0	0	0	0	0	0	0	0	0	0	0	0	0	0	0	0	0	0	0	0	0	0	0	0	0	0	0	0	0	0	0	0	0	0	0	0	0	0	0	0	0	0	0	0	0	0	0	0	0
55	1	1	1	2	2	1	1	2	1	2	1	1	1	2	1	1	2	2	2	1	2	1	2	2	1	2	2	2	1	2	1	1	1	1	1	1	2	1	1	1	1	1	1	2	2	2	2	2	2	1	2	2	2	1	2	1	2	2	1	2	2	1	2	1	1	1	2	2	1	2	1	2	1	1	1	2	1	1	2	2	1	1	1	1	2	2	1	2	1	1	1	2	1	1	1	2	1
55	1	1	2	2	2	1	1	2	2	2	1	1	1	2	2	1	2	2	1	2	2	1	2	2	1	2	2	2	1	2	1	1	1	1	1	2	2	1	1	2	1	1	1	2	2	2	2	2	1	1	2	2	2	2	1	1	2	2	1	2	2	1	2	1	2	1	2	2	1	2	1	2	1	1	1	2	2	2	2	1	1	1	1	1	2	1	1	2	2	1	2	2	1	1	1	2	2
55	1	1	1	2	1	1	1	2	1	2	1	1	2	2	1	1	1	2	1	1	2	1	2	2	1	1	2	2	2	2	1	1	1	2	2	1	2	1	1	2	1	1	1	2	2	2	2	2	2	1	2	1	2	1	1	1	2	2	2	2	2	1	2	1	2	1	2	2	2	2	1	2	1	1	1	1	2	2	2	2	1	1	1	1	2	1	1	2	2	1	2	2	1	1	2	2	1
56	1	1	2	2	1	1	1	1	1	2	1	1	2	2	2	1	2	2	2	2	2	1	2	2	1	1	2	2	1	1	1	1	1	2	2	0	0	0	0	0	0	0	0	0	0	0	0	0	0	0	0	0	0	0	0	0	0	0	0	0	0	0	0	0	0	0	0	0	0	0	0	0	0	0	0	0	0	0	0	0	0	0	0	0	0	0	0	0	0	0	0	0	0	0	0	0	0
56	1	1	2	2	1	1	1	2	2	1	1	1	1	2	1	1	2	2	2	2	2	1	2	2	1	1	1	2	2	2	1	1	1	2	1	0	0	0	0	0	0	0	0	0	0	0	0	0	0	0	0	0	0	0	0	0	0	0	0	0	0	0	0	0	0	0	0	0	0	0	0	0	0	0	0	0	0	0	0	0	0	0	0	0	0	0	0	0	0	0	0	0	0	0	0	0	0
56	1	1	2	2	1	1	1	2	2	2	1	1	1	2	1	1	2	2	2	2	2	1	2	2	1	1	1	2	2	2	1	1	1	2	1	0	0	0	0	0	0	0	0	0	0	0	0	0	0	0	0	0	0	0	0	0	0	0	0	0	0	0	0	0	0	0	0	0	0	0	0	0	0	0	0	0	0	0	0	0	0	0	0	0	0	0	0	0	0	0	0	0	0	0	0	0	0
