90	121	2	1
AAT_ACA_65.4
AAT_ACA_103.8
AAT_ACA_106.0
AAT_ACA_119.6
AAT_ACA_140.1
AAT_ACA_143.0
AAT_ACA_146.3
AAT_ACA_177.0
AAT_ACA_182.2
AAT_ACA_193.7
AAT_ACA_194.9
AAT_ACA_199.1
AAT_ACA_214.5
AAT_ACA_217.6
AAT_ACA_236.7
AAT_ACA_237.9
AAT_ACA_283.7
AAT_ACA_285.5
AAT_ACA_286.6
AAT_ACA_308.0
AAT_ACA_346.0
AAT_ACA_364.5
AAT_ACA_390.6
AAT_ACA_396.8
AAT_ACA_402.7
AAT_ACC_67.0
AAT_ACC_79.4
AAT_ACC_80.9
AAT_ACC_92.3
AAT_ACC_126.7
AAT_ACC_132.2
AAT_ACC_146.1
AAT_ACC_159.7
AAT_ACC_160.8
AAT_ACC_165.2
AAT_ACC_172.7
AAT_ACC_190.1
AAT_ACC_206.4
AAT_ACC_241.0
AAT_ACC_243.0
AAT_ACC_245.0
AAT_ACC_303.1
AAT_ACC_387.7
AAT_ACC_483.9
AAT_ACC_495.2
AAT_ACC_497.3
AAT_ACC_500.5
AAT_AGT_109.5
AAT_AGT_240.8
AAT_AGT_244.9
AAT_AGT_263.3
AAT_AGT_270.6
AAT_AGT_349.1
AAT_AGT_356.5
AAT_AGT_358.5
AAT_AGT_371.1
AAT_AGT_457.8
AAT_CTG_53.5
AAT_CTG_77.7
AAT_CTG_79.0
AAT_CTG_116.8
AAT_CTG_118.8
AAT_CTG_123.1
AAT_CTG_131.0
AAT_CTG_174.5
AAT_CTG_246.1
AAT_CTG_251.4
AAT_CTG_268.3
AAT_CTG_393.6
AAT_CTG_396.5
ACT_ACG_160.6
ACT_ACG_171.3
ACT_ACG_173.4
ACT_ACG_175.4
ACT_ACG_177.5
ACT_ACG_205.2
ACT_ACG_220.4
ACT_ACG_241.0
ACT_ACG_245.0
ACT_ACG_253.2
ACT_ACG_255.1
ACT_ACG_257.2
ACT_ACG_331.2
ACT_ACG_338.8
ACT_ACG_402.7
ACT_ACG_408.1
ACT_ACG_410.0
ACT_CTG_73.7
ACT_CTG_84.3
ACT_CTG_99.6
ACT_CTG_151.3
ACT_CTG_251.8
ACT_CTG_271.4
ACT_CTG_312.5
ACT_CTG_332.5
ACT_CTG_345.4
ACT_CTG_422.6
ATG_CAC_48.3
ATG_CAC_97.4
ATG_CAC_112.6
ATG_CAC_117.7
ATG_CAC_155.1
ATG_CAC_166.5
ATG_CAC_176.7
ATG_CAC_178.5
ATG_CAC_187.7
ATG_CAC_207.5
ATG_CAC_214.1
ATG_CAC_237.8
ATG_CAC_245.4
ATG_CAC_250.5
ATG_CAC_260.2
ATG_CAC_262.4
ATG_CAC_285.3
ATG_CAC_320.0
ATG_CAC_352.4
ATG_CAC_385.8
ATG_CAC_442.4
ATG_CAC_444.3
ATG_CAC_454.4
ATG_CAC_467.8
1	1	1	1	2	1	2	1	1	1	2	2	2	1	1	1	2	1	1	1	1	2	1	1	1	2	1	2	2	1	1	1	1	1	1	2	1	2	2	2	2	2	2	1	1	1	2	1	2	2	1	2	1	1	2	2	2	2	2	2	1	2	2	2	2	2	1	1	1	2	2	1	1	1	2	2	2	2	2	1	2	2	2	1	2	1	1	1	2	1	1	1	2	2	1	1	1	2	2	2	2	1	2	1	2	2	2	2	2	1	1	2	1	2	1	2	1	1	2	2	1	1
1	1	1	1	2	1	1	1	1	1	2	1	2	1	1	1	1	1	1	1	2	2	2	1	1	2	1	2	2	1	2	1	1	1	1	2	1	2	2	2	2	2	2	1	1	1	1	1	2	1	1	2	1	1	1	1	1	1	1	2	2	2	2	2	2	2	1	2	1	1	2	1	1	1	2	2	2	2	1	1	2	1	1	1	2	1	1	1	2	1	2	2	2	2	1	1	1	2	2	2	1	1	1	1	2	1	2	2	2	1	1	2	1	2	1	2	1	1	2	2	1	1
1	2	1	1	1	1	1	1	1	1	2	1	2	1	1	1	1	1	1	1	1	2	2	1	1	2	2	2	2	1	2	1	1	1	1	2	1	2	2	2	2	2	2	2	1	1	1	1	2	2	2	2	2	1	2	2	1	1	1	2	1	2	2	1	2	2	1	1	1	2	2	1	1	1	2	2	1	2	1	1	1	1	1	1	2	1	1	1	2	1	1	2	2	2	2	1	1	2	2	2	2	1	2	1	2	2	2	2	2	1	1	2	2	2	1	2	1	1	2	2	1	1
2	1	1	1	1	1	1	2	1	1	2	1	2	1	1	1	1	1	1	1	1	2	2	1	1	2	2	2	1	1	1	1	1	1	1	2	1	2	2	2	2	1	2	1	1	1	1	1	1	1	1	2	1	1	1	1	1	1	1	2	1	2	2	2	2	2	1	2	1	2	2	1	1	1	2	2	2	2	2	2	1	1	1	1	2	1	1	1	2	1	2	2	2	1	1	1	1	2	2	2	2	1	1	1	2	1	2	2	2	1	1	2	1	2	1	2	1	1	1	2	1	1
2	1	1	1	2	1	1	2	1	1	2	2	2	1	1	1	1	1	1	1	1	2	2	1	1	2	1	2	2	1	2	1	1	1	1	2	1	1	2	2	2	1	2	2	1	2	2	1	2	1	1	2	1	1	2	2	1	1	1	2	1	2	2	2	2	2	1	2	1	1	2	1	2	2	2	2	1	1	2	2	1	1	1	1	2	1	1	1	2	1	2	2	2	1	1	1	1	1	2	2	2	1	1	1	1	2	2	2	2	1	1	2	1	2	1	2	1	1	1	2	1	1
2	1	1	1	2	1	1	2	1	1	2	2	2	1	1	1	1	2	1	1	2	2	2	1	1	2	2	1	1	1	2	1	1	1	1	2	1	2	1	2	1	1	2	2	1	1	1	1	2	1	1	1	1	1	1	1	1	1	1	2	2	2	2	1	2	2	1	2	1	2	2	1	1	1	2	2	1	2	2	2	1	1	1	1	2	1	1	1	2	1	2	2	2	1	2	1	1	2	2	2	2	1	2	1	1	2	2	2	2	1	1	1	1	1	1	2	1	1	1	2	1	1
3	1	1	1	1	1	1	2	1	1	2	1	2	1	1	1	1	1	1	1	1	2	2	1	1	2	1	1	2	1	2	1	1	1	1	2	2	2	2	2	2	2	2	1	1	1	1	1	2	2	2	1	1	2	1	1	1	1	1	2	2	2	2	1	2	2	1	2	1	1	2	1	1	1	2	2	1	2	1	1	1	1	1	1	1	1	1	1	2	1	1	2	2	2	1	1	1	2	2	1	2	1	1	1	1	1	2	2	2	1	1	2	1	2	1	1	1	1	1	2	1	1
3	1	1	1	1	1	1	2	1	1	2	1	2	1	1	1	1	1	1	1	2	2	2	1	1	2	1	2	2	1	1	1	1	1	1	2	1	2	2	2	2	1	2	2	1	1	1	1	2	2	1	1	1	1	2	2	2	1	2	2	2	2	2	1	2	2	1	2	1	1	2	1	2	2	2	2	1	1	1	1	1	1	1	1	2	1	1	1	2	2	1	2	2	2	1	1	1	2	2	2	2	1	2	1	1	2	2	2	2	1	1	2	1	2	1	1	1	1	1	1	1	1
3	1	2	2	2	1	1	2	1	1	2	1	2	1	1	1	1	1	1	2	1	2	2	1	1	1	1	1	2	1	2	1	1	1	1	2	2	2	2	2	1	2	2	2	1	1	2	1	2	1	2	2	1	1	1	1	1	1	1	2	2	2	2	2	2	2	1	2	1	2	2	1	2	2	2	2	2	2	1	1	1	1	1	1	2	1	1	1	2	1	1	1	1	2	1	1	1	2	2	2	2	1	1	1	2	1	2	2	2	1	1	2	1	2	1	1	1	2	1	1	1	1
4	1	1	1	2	1	1	2	1	1	2	2	1	1	2	1	2	1	1	2	2	2	2	1	1	1	1	2	2	1	1	1	1	1	1	2	1	2	1	2	2	2	2	2	1	1	1	1	2	2	1	1	1	2	1	2	2	1	2	2	2	2	2	1	2	2	1	2	1	2	2	1	1	1	2	2	1	1	2	2	1	1	1	1	2	1	1	1	2	1	2	2	2	2	2	1	1	2	2	2	2	1	1	1	2	2	2	2	2	1	1	1	1	2	2	1	1	1	1	2	1	1
4	1	1	1	2	1	1	2	1	1	2	2	2	1	1	1	1	1	1	2	1	2	2	1	1	2	2	2	2	1	1	1	1	1	1	2	2	2	2	2	2	1	2	2	1	1	2	1	2	2	1	2	1	2	1	1	2	1	2	2	2	2	2	1	2	2	1	1	1	2	2	1	2	2	2	2	2	2	2	2	1	1	1	1	2	1	1	1	2	1	2	1	2	2	1	1	1	2	2	2	2	1	1	1	1	2	2	2	2	1	1	1	1	2	1	1	1	2	1	2	1	1
4	2	1	1	2	1	1	1	1	1	2	2	1	1	2	1	2	1	1	2	1	2	2	1	1	2	2	2	2	1	2	1	2	1	1	2	1	2	1	2	1	1	2	1	1	1	2	1	2	2	1	2	1	1	2	2	1	1	2	2	2	2	2	1	2	2	1	1	1	1	2	1	2	2	2	2	1	2	1	2	2	1	1	1	2	1	1	1	2	1	1	1	1	2	2	1	1	2	2	2	2	2	1	1	1	2	2	2	2	1	1	2	1	2	1	1	1	1	1	2	1	2
5	2	1	1	1	1	2	2	1	1	1	2	2	1	1	1	1	1	1	1	1	2	2	1	1	2	2	2	2	1	2	1	2	1	1	2	1	2	2	1	2	2	2	2	1	1	2	1	2	2	1	1	2	2	1	1	2	2	2	2	1	2	2	1	2	2	1	2	1	2	1	1	1	1	2	2	1	2	1	1	1	1	1	1	1	1	1	1	2	2	2	1	1	1	1	1	1	2	2	2	2	1	1	1	2	2	2	2	2	1	1	1	1	2	2	1	1	1	1	2	1	1
5	1	1	2	1	1	2	2	1	1	2	2	2	1	1	1	1	1	1	2	2	2	1	1	1	2	2	2	2	1	1	1	2	1	1	2	1	2	2	2	2	1	2	2	1	1	1	1	2	2	1	1	1	1	2	2	1	1	2	2	2	2	2	1	2	2	1	2	1	1	2	1	1	1	2	2	1	2	1	1	1	1	1	1	2	1	1	1	1	1	1	2	2	2	1	1	1	2	2	2	2	1	1	1	1	1	2	2	2	1	1	2	1	2	1	1	1	1	1	1	1	2
5	1	1	1	2	1	2	2	1	1	2	2	2	1	1	1	1	1	1	2	1	2	2	1	1	2	2	2	2	1	1	1	1	1	1	2	1	2	2	2	2	1	2	2	1	1	2	1	1	2	2	2	1	1	2	2	1	2	2	2	2	2	2	1	2	2	1	2	1	2	1	1	1	1	2	2	1	2	2	1	2	1	1	1	2	1	1	1	2	1	2	2	1	2	1	1	1	2	2	2	2	1	1	1	1	1	2	2	2	1	1	2	1	1	2	1	1	1	1	2	1	1
6	1	1	1	2	1	1	1	1	1	2	2	2	1	2	1	1	1	1	2	1	2	2	1	1	2	2	2	2	1	2	2	1	1	1	2	1	2	2	2	2	1	2	2	1	1	1	1	2	2	2	2	2	2	2	2	1	1	2	2	1	2	2	1	2	2	1	2	1	1	2	1	1	1	2	2	2	2	2	2	1	1	1	1	2	1	1	1	2	1	2	1	1	1	2	1	1	2	2	2	2	1	1	1	1	2	2	2	2	1	1	2	1	2	1	1	1	1	1	1	1	1
6	1	1	1	2	1	1	2	1	1	2	2	2	1	2	1	1	1	1	1	2	2	1	1	1	2	2	1	2	1	2	2	1	1	1	2	1	2	2	1	2	2	2	2	1	1	1	1	2	2	1	2	1	1	2	2	1	1	2	2	2	2	2	2	2	2	1	2	1	1	2	1	1	1	2	2	2	2	1	1	1	1	1	1	1	1	1	1	2	1	2	2	2	2	2	1	1	2	2	2	2	1	1	1	2	2	2	2	2	1	1	2	1	1	1	2	1	2	1	1	1	1
6	1	1	1	1	2	1	2	1	1	2	2	2	1	1	1	1	1	1	1	1	2	2	1	1	2	2	2	2	1	2	2	1	1	1	2	1	2	2	2	2	1	2	2	1	2	1	1	2	1	1	1	2	2	2	1	2	1	2	2	1	2	2	1	2	2	1	2	1	1	2	1	1	1	2	2	2	1	2	1	1	1	1	1	2	1	1	1	2	1	2	2	1	2	2	1	1	2	2	2	2	1	1	1	1	2	2	2	2	1	1	2	1	2	1	1	1	1	1	1	2	1
7	1	1	1	2	1	1	2	1	1	2	1	2	1	1	1	1	1	1	2	2	2	2	1	1	2	1	1	2	1	1	1	2	1	1	2	1	2	2	2	2	1	2	1	1	1	2	1	2	2	1	1	1	1	1	1	2	1	1	2	2	2	2	2	1	2	1	2	1	2	1	1	2	2	2	2	2	2	1	1	1	1	1	1	2	1	1	1	1	1	2	2	2	1	1	1	1	2	2	2	2	1	1	1	1	2	2	2	1	1	1	2	1	2	1	2	1	1	1	1	1	1
7	1	1	1	1	1	1	2	1	1	2	1	2	1	1	1	1	2	1	1	2	2	1	1	1	2	1	2	2	1	1	1	2	1	1	2	1	2	2	2	2	2	2	1	1	1	1	1	2	2	2	1	1	2	1	1	2	1	1	2	2	2	2	2	1	2	1	2	1	2	2	1	1	1	2	2	2	2	1	1	1	1	1	1	2	1	1	1	2	1	2	2	2	1	1	1	1	2	2	2	2	1	1	1	2	2	2	2	2	1	1	2	1	2	1	2	1	1	1	1	1	1
7	1	1	1	1	1	1	2	1	1	2	2	2	1	1	1	1	2	1	1	2	2	2	1	1	2	1	1	2	1	2	1	2	1	1	2	1	2	2	2	2	1	2	2	1	1	1	1	2	2	1	1	1	1	1	1	1	1	2	2	2	2	2	2	2	2	1	2	1	2	2	1	1	1	2	2	2	2	1	1	1	1	1	1	2	1	1	1	1	1	2	2	2	1	2	1	1	2	2	2	2	1	1	1	1	2	2	2	2	1	1	2	1	2	1	2	1	1	1	2	1	1
8	1	1	1	2	1	1	2	1	1	2	2	2	1	2	1	1	2	1	1	1	2	2	1	1	2	1	2	2	1	2	1	1	1	1	2	1	2	2	2	2	1	2	2	1	1	1	1	2	2	2	2	1	1	1	1	1	1	2	2	1	2	2	2	2	2	1	2	1	2	1	1	2	2	2	2	1	2	1	1	1	1	1	1	2	1	1	1	2	1	1	2	2	2	1	1	1	2	2	2	2	1	1	1	2	2	2	2	1	1	1	2	1	1	1	2	1	1	2	2	1	1
8	1	1	2	2	1	1	2	1	1	2	2	2	1	1	1	1	2	1	1	1	2	2	1	1	2	1	2	2	1	2	1	1	1	1	2	1	2	2	2	2	1	2	2	1	1	1	1	1	2	2	2	1	1	1	1	1	2	2	2	1	2	2	2	2	2	1	2	1	2	2	2	2	2	2	2	1	2	1	1	1	1	1	1	2	1	1	1	2	1	1	2	2	2	1	1	1	2	2	2	2	1	1	1	2	2	2	2	1	1	1	2	1	1	1	2	1	1	2	2	1	1
8	1	1	1	2	1	1	1	1	1	2	2	2	1	2	1	2	2	1	1	1	2	2	1	1	2	1	1	2	1	1	1	1	1	1	2	1	2	2	2	2	1	2	2	1	1	1	1	1	1	2	2	1	2	1	1	2	1	1	2	1	2	2	2	2	2	1	2	1	2	1	1	1	1	2	2	2	2	1	1	2	1	1	1	2	1	1	1	1	1	2	2	2	1	1	1	1	2	2	2	2	1	1	1	1	2	2	2	2	1	2	2	1	2	1	2	1	1	1	2	1	1
9	2	1	1	1	1	2	2	1	1	1	2	2	1	1	1	1	2	1	1	1	2	2	1	1	2	2	1	2	1	2	1	1	1	1	2	1	2	2	1	2	2	2	1	1	1	1	1	2	1	1	1	1	1	1	2	1	1	1	2	1	2	2	2	2	2	1	2	1	2	2	2	1	1	2	2	1	2	1	1	2	2	1	1	2	1	1	1	1	1	2	2	2	2	1	1	1	2	2	2	2	1	1	1	1	2	2	2	2	1	1	2	1	2	2	2	1	1	2	2	1	1
9	1	1	1	1	1	2	2	1	1	2	2	2	1	1	1	1	2	1	1	2	2	2	1	1	2	2	2	2	1	2	1	1	1	1	2	1	2	2	2	2	2	2	1	1	1	1	1	2	1	1	2	1	1	2	2	2	1	1	2	1	2	2	2	1	2	1	2	1	2	2	1	2	2	2	2	1	2	1	1	1	1	1	1	2	1	1	1	2	2	1	1	2	2	2	1	1	2	2	2	2	1	1	1	2	2	2	2	1	1	1	2	1	2	1	1	1	1	2	2	1	1
9	1	1	1	2	1	2	2	1	1	2	2	2	1	1	1	1	1	1	1	1	2	2	1	2	2	2	2	2	1	2	1	1	1	1	2	1	1	2	2	2	1	2	2	1	1	1	1	1	2	1	2	1	2	1	1	2	1	1	2	1	2	2	2	2	2	1	2	1	2	1	1	1	1	2	2	1	2	1	2	1	1	1	1	2	1	1	1	2	1	1	2	2	1	1	1	1	2	2	2	2	1	2	1	1	2	2	2	2	1	1	2	1	2	2	2	1	1	2	2	1	1
10	1	1	1	1	2	1	2	1	1	2	2	2	1	1	1	1	1	1	2	1	2	2	1	1	2	2	2	2	1	2	1	1	1	1	2	1	2	1	2	2	2	2	2	1	1	1	1	2	2	1	2	2	2	1	1	1	1	1	2	2	2	2	2	2	2	1	2	1	2	1	1	1	1	2	2	2	2	1	1	1	1	1	1	2	1	1	1	2	1	1	1	2	2	1	1	1	2	2	2	2	1	2	1	2	2	2	2	2	1	1	2	1	2	1	2	1	1	2	2	1	1
10	1	1	1	1	1	1	2	1	1	2	2	2	1	1	1	1	1	1	1	1	2	2	1	1	2	2	1	2	1	1	1	1	1	1	2	2	1	2	2	2	2	2	2	1	1	1	1	2	1	2	2	1	1	2	2	2	1	1	2	2	2	2	2	2	2	1	2	1	2	2	1	1	1	2	2	1	2	1	1	1	1	1	1	2	1	1	1	2	1	2	1	1	2	2	1	1	2	2	1	2	1	2	1	2	2	2	2	2	1	1	1	1	2	1	2	1	1	1	2	1	1
10	1	1	1	2	1	2	2	1	1	2	1	2	1	1	2	1	1	1	2	1	2	1	1	1	1	2	2	2	1	2	1	1	1	1	2	1	2	2	2	2	2	2	1	1	1	1	1	2	2	2	2	1	1	2	2	1	1	1	2	2	2	2	1	2	2	1	2	1	2	2	1	2	2	1	1	1	2	2	2	1	1	1	1	2	1	1	1	2	2	1	1	2	2	1	1	1	2	2	2	2	1	2	1	2	2	2	2	2	1	1	2	1	2	1	2	1	1	2	2	1	1
11	2	1	1	2	1	1	2	1	1	2	1	2	1	1	1	1	1	1	1	1	2	2	1	1	2	2	2	2	1	2	2	1	1	1	2	1	2	2	2	2	1	2	1	1	1	2	1	2	2	1	2	1	1	1	1	2	1	2	2	1	2	2	1	2	2	1	2	1	2	2	1	1	1	2	2	1	2	1	2	1	1	1	1	1	1	1	1	2	1	1	2	2	2	1	1	1	2	2	1	2	1	1	1	2	2	2	2	2	1	1	2	1	1	1	2	1	1	1	1	1	1
11	1	1	1	1	2	2	2	1	1	2	1	2	1	1	1	1	1	1	1	1	2	2	1	1	2	2	2	2	2	2	2	1	1	1	2	1	2	2	1	2	2	2	1	1	1	1	1	2	2	1	2	1	1	1	1	1	1	2	2	1	2	2	1	2	2	1	2	1	1	2	1	2	2	2	2	1	2	2	1	1	1	1	1	2	1	1	1	1	1	1	2	2	2	1	2	1	2	2	2	2	1	1	1	1	2	2	2	2	1	1	1	1	2	1	2	1	1	2	2	1	1
11	1	1	1	2	1	1	2	1	1	2	1	2	1	1	1	1	1	1	2	2	2	2	1	1	2	2	2	2	1	2	2	1	1	1	2	1	2	2	1	2	2	2	1	1	1	1	1	2	2	1	2	1	2	1	1	2	1	1	2	2	2	2	1	2	2	1	2	1	2	2	1	1	1	2	2	1	2	1	1	1	1	1	1	2	1	1	1	2	1	1	1	2	2	1	2	1	2	2	2	2	1	1	1	1	2	2	2	2	1	1	1	1	2	1	1	1	1	1	1	1	1
12	2	1	1	2	1	1	2	1	1	2	2	2	2	1	1	1	1	1	1	1	2	2	1	1	2	2	2	2	1	2	1	1	1	1	2	1	2	2	1	2	1	2	2	1	1	1	1	2	2	1	2	1	2	1	1	1	1	2	2	2	2	2	1	2	2	1	2	1	1	2	1	1	1	2	2	1	2	1	1	1	1	1	1	1	1	1	1	2	1	1	1	2	2	2	1	1	2	2	2	2	1	1	1	1	1	2	2	2	1	1	2	1	1	1	1	1	1	2	2	1	1
12	1	1	1	2	1	1	2	1	1	2	1	2	2	1	1	2	1	1	1	1	2	2	1	1	2	2	2	2	1	2	1	1	1	1	2	1	2	2	1	1	1	2	2	1	2	2	1	2	2	1	2	1	2	1	1	1	1	1	2	2	2	2	1	2	2	1	2	1	1	2	1	1	1	2	2	1	2	2	1	1	1	1	1	2	1	1	1	1	1	1	1	2	2	2	2	1	2	2	2	2	1	1	1	2	2	2	2	2	1	1	2	1	2	1	1	1	1	1	1	1	1
12	1	1	1	2	1	1	2	1	1	2	2	2	2	1	1	1	1	1	1	1	2	2	1	1	2	2	2	2	1	2	1	2	1	1	2	1	2	2	1	1	1	2	1	1	1	1	1	2	2	1	2	1	2	2	2	2	1	2	2	2	2	2	1	2	2	1	1	1	2	2	1	1	1	2	2	1	1	2	2	1	1	1	1	1	1	1	1	2	1	1	1	2	2	2	2	1	2	2	2	1	1	1	1	2	2	2	2	2	1	1	1	1	2	1	1	1	1	1	1	2	1
13	2	1	1	2	1	1	1	1	1	2	2	2	1	2	1	1	1	1	1	2	2	2	1	1	2	2	2	1	1	1	1	1	1	1	2	2	2	2	2	2	1	2	1	1	1	1	1	2	2	1	2	1	2	1	1	1	2	2	2	2	2	2	1	2	2	1	2	1	1	2	1	2	2	2	2	2	2	2	1	1	1	1	1	2	1	1	1	2	1	2	1	2	2	2	1	1	2	2	1	2	1	1	1	2	1	2	2	2	1	1	1	1	2	1	2	1	1	1	2	1	1
13	2	1	1	1	1	1	2	1	2	2	2	2	1	1	1	1	1	1	1	2	2	1	1	1	2	1	2	1	1	1	2	1	1	1	2	1	2	2	2	2	1	2	1	1	1	1	1	2	2	1	2	1	1	1	1	2	2	2	2	2	2	2	2	2	2	1	2	1	2	2	1	2	2	2	2	1	2	2	2	1	1	1	1	2	1	1	1	2	1	2	1	2	2	2	1	1	2	2	1	2	1	1	1	2	1	2	2	2	1	1	1	1	2	1	1	1	1	2	2	1	1
13	2	1	1	1	1	1	2	1	1	2	2	2	1	1	1	1	1	1	1	1	2	1	1	1	2	1	2	2	1	2	2	1	2	1	2	1	2	2	2	2	1	2	1	1	1	1	1	2	2	1	2	1	2	1	1	1	1	1	2	2	2	2	1	2	2	1	2	1	2	1	1	1	1	2	2	1	2	2	2	1	1	1	1	2	1	1	1	2	1	2	1	1	2	1	2	1	2	2	2	2	1	1	1	1	1	2	2	2	1	1	2	1	2	1	2	1	1	1	2	2	1
14	1	1	1	1	1	1	2	1	1	2	2	2	1	2	1	1	1	1	1	2	2	2	1	1	2	2	1	2	1	2	1	1	1	1	2	1	2	1	2	2	1	2	1	1	1	1	1	2	2	1	2	1	1	1	1	1	1	1	2	2	2	2	2	2	2	1	2	1	2	2	1	2	2	2	2	2	2	2	2	1	1	1	1	2	1	1	1	2	1	2	2	1	2	2	1	1	2	2	1	2	1	1	1	1	2	2	2	2	1	1	2	1	2	1	2	1	1	2	1	2	1
14	2	1	1	1	1	1	2	1	1	2	2	2	1	1	1	1	2	1	1	1	2	2	1	1	2	2	2	2	1	2	1	1	1	1	2	1	2	2	1	2	2	2	2	1	1	1	1	2	2	1	2	1	1	1	1	1	1	2	2	2	2	2	1	2	2	1	2	1	2	2	1	2	2	1	1	2	2	2	1	1	1	1	1	1	1	1	1	1	1	2	2	1	2	2	1	1	2	2	2	2	1	1	1	1	2	2	2	2	1	1	1	1	2	1	2	1	1	2	2	1	2
14	1	1	1	1	1	2	2	1	1	2	2	2	1	1	1	1	2	1	1	2	2	2	1	1	2	2	1	1	1	2	1	1	1	1	2	1	2	2	2	2	1	2	1	2	1	1	1	2	2	1	2	1	1	2	2	1	1	2	2	2	2	2	2	1	2	1	2	1	2	1	1	2	2	1	1	2	2	1	2	1	1	1	1	2	1	1	1	1	1	2	2	2	2	1	1	1	2	2	1	2	1	1	1	2	2	2	2	2	1	1	2	1	2	1	1	1	1	2	1	1	2
15	2	1	1	1	1	1	2	1	1	2	2	2	2	1	1	1	1	1	2	2	2	2	1	1	2	2	2	2	1	2	1	2	1	1	2	1	2	2	2	2	1	2	1	1	1	1	1	2	2	1	1	2	1	1	1	2	1	1	2	2	2	2	2	2	2	1	2	1	1	2	1	2	2	1	1	1	2	1	1	2	2	1	1	2	1	1	1	2	1	1	2	2	2	1	1	1	2	2	2	2	1	1	1	1	2	2	2	2	1	1	2	1	2	1	2	1	1	1	2	2	2
15	1	1	1	1	1	1	2	1	1	2	2	2	1	1	1	2	2	1	1	1	2	2	1	1	2	2	2	2	1	1	1	2	1	1	2	1	2	2	1	1	1	2	1	1	1	1	1	2	2	1	2	1	1	1	1	1	1	2	2	2	2	2	1	2	2	1	2	1	1	2	1	2	2	1	1	1	2	2	1	1	1	1	1	2	1	1	1	2	1	2	2	2	2	2	1	1	2	2	2	2	1	1	1	1	2	2	2	2	1	1	2	1	2	1	1	1	2	2	1	1	2
15	1	1	1	2	1	1	2	1	1	2	2	2	1	2	1	2	2	1	1	1	2	2	1	1	2	2	2	2	1	1	2	2	1	1	2	1	2	2	1	2	2	2	1	1	1	1	1	1	2	1	2	1	1	1	1	1	1	1	2	2	2	2	2	2	2	1	2	1	1	2	1	2	2	1	1	1	2	1	1	1	1	1	1	2	1	1	1	2	1	1	2	2	2	2	1	1	2	2	2	2	1	1	1	1	2	2	2	2	1	1	2	1	2	1	1	1	1	1	1	1	2
16	2	1	1	2	1	1	2	1	1	2	1	2	1	2	1	2	2	1	1	1	2	2	1	1	2	1	2	2	1	1	1	2	1	1	2	1	2	2	2	2	1	2	1	1	1	1	1	1	2	1	2	1	1	1	1	1	1	1	2	2	2	2	2	2	2	1	2	1	2	2	1	2	2	1	1	1	2	1	1	1	1	1	1	2	1	1	1	2	1	2	2	2	2	1	1	1	2	2	2	2	1	1	1	2	2	2	2	2	1	1	2	1	1	1	2	1	1	1	1	1	1
16	1	1	1	2	1	1	2	1	1	2	2	2	1	2	1	2	1	1	1	1	2	2	1	1	2	2	1	2	1	2	1	2	1	1	2	1	2	2	2	2	1	2	2	1	1	1	1	1	2	2	2	2	1	1	1	1	1	2	2	2	2	2	1	2	2	1	2	1	2	2	1	2	2	2	2	2	2	1	1	1	1	1	1	2	1	1	1	2	1	2	2	2	1	1	1	1	2	2	2	2	1	1	1	1	2	2	2	2	1	2	2	1	2	1	2	1	1	2	2	1	1
16	1	2	1	2	1	1	2	1	1	1	2	2	1	2	1	2	2	1	1	1	2	2	1	1	2	2	2	2	1	2	1	2	1	1	2	1	1	1	2	2	1	2	2	1	1	1	1	2	2	1	2	1	1	1	1	2	1	2	2	2	2	2	1	2	2	2	2	1	2	2	1	2	2	2	2	1	2	1	1	1	1	1	1	2	1	1	1	2	1	1	2	2	2	1	1	1	2	2	2	2	1	2	1	2	2	2	2	2	1	2	2	1	1	1	2	1	1	2	2	1	1
17	1	1	1	1	1	1	2	1	1	2	2	2	1	1	1	1	2	1	2	1	2	2	1	1	2	2	2	2	1	1	1	1	1	1	2	1	2	2	2	2	1	2	2	1	1	1	1	1	2	1	2	1	1	2	1	2	1	1	2	1	2	2	1	2	2	1	1	1	2	1	1	2	2	2	2	1	2	1	1	1	1	1	1	2	1	1	1	2	1	1	2	2	2	2	1	1	2	2	2	2	1	1	1	1	2	2	2	2	1	1	2	1	2	1	2	1	1	1	2	1	2
17	1	1	1	2	1	1	2	1	1	2	2	2	1	2	1	1	2	1	1	1	2	2	1	1	2	2	2	2	1	2	1	1	1	1	2	1	1	2	1	2	2	2	1	1	1	2	1	2	2	1	1	1	1	2	1	2	1	2	2	1	2	2	2	1	2	1	2	2	2	1	1	2	2	1	1	2	2	1	1	1	1	1	1	2	1	1	1	1	1	1	2	2	2	1	2	1	2	2	2	2	1	2	1	2	2	2	1	2	1	1	2	1	2	2	2	1	1	1	1	1	1
17	1	1	1	2	1	2	2	1	1	2	2	2	1	2	1	2	1	1	1	1	2	2	1	1	2	2	2	2	1	2	1	1	1	1	2	1	2	2	2	2	2	2	1	1	2	2	1	2	1	1	1	2	1	1	1	1	1	2	2	1	2	2	1	2	2	1	2	1	2	1	1	2	2	2	2	1	2	1	1	1	1	1	1	2	1	1	1	2	1	2	2	2	1	1	1	1	2	2	2	2	1	2	1	2	2	2	2	2	1	1	2	1	2	1	2	1	1	1	1	1	1
18	1	1	1	2	1	1	2	1	1	2	2	2	1	1	1	1	2	1	1	1	2	2	1	1	2	1	2	2	1	2	1	1	1	1	2	1	1	2	2	2	1	2	1	1	1	1	1	2	2	1	1	1	1	1	1	1	1	2	2	1	2	2	1	1	2	1	2	1	1	2	1	1	1	2	2	2	2	2	1	1	1	1	1	2	1	1	1	2	1	2	1	2	2	1	1	1	2	2	2	2	1	2	1	2	2	2	2	2	1	1	2	1	1	1	2	1	1	1	2	1	1
18	1	1	1	2	1	1	2	1	1	1	2	2	1	2	1	1	2	1	1	1	2	2	1	1	2	1	2	2	1	2	1	1	1	1	2	1	1	2	2	2	1	2	2	1	1	1	1	2	1	1	2	1	1	1	1	1	1	1	2	1	2	2	2	2	2	1	2	1	2	2	1	2	2	1	1	2	2	2	1	1	1	1	1	2	1	1	1	2	1	1	1	2	2	2	1	1	2	2	2	2	1	1	1	2	2	2	2	2	1	1	2	1	2	1	2	1	1	1	2	2	1
18	2	1	1	2	1	1	2	1	1	2	2	2	1	2	1	2	1	1	1	1	2	2	1	1	2	1	1	2	1	1	1	1	1	1	2	1	1	2	2	2	1	2	2	1	1	1	1	2	2	1	1	1	1	1	2	1	1	2	2	1	2	2	2	2	2	1	2	1	2	1	1	1	1	2	2	1	2	1	1	1	1	1	1	2	1	1	1	2	2	1	2	2	2	1	1	1	2	2	2	2	1	2	1	1	2	2	2	2	1	1	2	1	1	1	1	1	1	1	2	1	1
19	1	1	1	1	1	1	2	1	1	2	2	2	1	1	1	1	1	1	1	2	2	2	2	1	2	1	2	2	1	2	1	2	1	1	2	1	1	2	2	2	2	2	1	1	1	1	1	1	2	1	2	1	2	1	1	2	1	1	2	1	2	2	1	2	2	1	2	2	2	2	1	2	2	1	1	1	2	1	1	1	1	1	1	2	1	1	1	2	1	1	1	2	2	2	1	1	2	2	2	2	1	2	1	1	2	2	2	2	1	1	2	1	2	1	2	1	1	2	2	1	1
19	1	1	1	1	1	1	2	1	1	2	2	2	1	1	1	1	2	2	1	2	2	2	1	1	2	2	2	2	1	1	1	1	1	1	2	1	2	2	2	2	2	2	2	1	1	2	1	2	1	1	2	1	2	2	2	1	1	1	2	1	2	2	1	2	2	1	2	2	2	2	1	1	1	2	2	1	2	1	2	1	1	1	1	1	1	1	1	2	2	2	2	2	2	1	1	1	2	2	2	2	1	2	1	2	2	2	2	2	1	1	1	1	2	1	1	1	1	2	1	1	1
19	1	1	1	1	1	2	2	1	1	2	1	2	1	1	1	1	1	1	1	2	2	2	1	1	2	2	1	2	1	2	1	1	1	1	2	1	2	2	2	2	1	2	2	1	1	1	1	2	2	1	2	1	1	1	1	1	1	1	1	2	2	2	1	2	2	2	2	1	2	1	1	2	2	2	2	1	2	1	1	2	2	1	1	2	1	1	1	2	2	2	2	2	2	1	1	1	2	2	1	2	1	1	1	2	2	1	2	2	1	1	2	1	2	1	2	1	1	1	1	1	1
20	1	1	1	1	1	2	2	1	1	2	1	2	1	1	1	2	1	1	1	2	2	1	1	1	2	2	2	2	1	1	1	1	1	1	2	1	2	2	2	2	2	2	2	1	1	1	1	2	2	1	2	2	1	2	2	2	1	1	2	1	2	2	1	2	2	1	2	1	1	2	2	2	2	2	2	2	1	1	1	1	1	1	1	2	1	1	1	2	1	2	1	2	2	2	1	1	2	2	1	2	1	1	1	2	2	2	2	2	1	1	2	1	2	1	2	1	1	1	1	1	1
20	1	1	1	2	1	1	2	1	1	2	2	2	2	2	1	2	1	1	1	1	2	2	1	1	2	2	2	2	1	2	1	1	1	1	2	1	2	2	2	2	2	2	1	2	1	1	1	2	2	1	2	1	1	2	2	1	1	1	2	2	2	2	2	2	2	1	2	1	1	2	1	2	2	2	2	2	2	2	2	1	1	1	1	2	1	1	1	2	2	2	2	2	2	2	1	1	2	2	1	2	2	2	1	2	2	2	2	2	1	1	2	1	1	1	1	1	1	2	2	1	1
20	2	1	1	2	1	2	2	1	1	2	2	2	1	1	1	1	1	1	1	1	2	1	1	1	2	1	2	2	1	2	1	1	1	1	2	1	2	1	1	2	2	2	2	1	1	1	1	2	2	1	2	1	1	2	2	1	1	2	2	1	2	2	1	2	2	1	2	1	1	2	1	2	2	1	1	1	1	1	1	1	1	1	1	1	1	1	1	2	1	1	2	1	2	2	1	1	2	2	2	2	1	1	1	2	2	2	2	2	1	1	2	1	1	1	1	1	1	2	2	1	1
21	1	1	1	1	1	1	2	1	2	2	1	2	2	1	1	1	1	1	1	1	2	2	1	1	2	1	2	2	1	2	2	1	1	1	2	1	2	2	2	2	1	2	2	1	1	1	1	1	2	1	2	1	1	1	1	1	1	2	2	2	2	2	1	2	2	1	2	2	1	2	2	1	1	2	2	2	2	1	1	1	1	1	1	2	1	1	1	2	1	2	1	2	1	1	1	1	2	2	2	2	1	1	1	1	2	2	2	1	1	1	2	1	2	1	1	1	1	1	1	1	1
21	1	1	1	2	1	1	1	1	1	2	1	2	1	1	1	1	1	1	1	2	2	2	1	1	2	2	2	2	1	2	1	2	1	1	2	1	2	2	2	1	1	2	2	1	1	1	1	2	2	1	2	1	1	1	1	1	1	2	2	2	2	2	1	2	2	1	2	2	1	2	1	2	2	2	2	1	2	1	1	1	1	1	1	2	1	1	1	2	1	1	2	2	2	2	1	1	2	2	2	2	1	2	1	2	2	2	2	2	1	1	2	1	1	1	1	1	1	1	1	1	1
21	1	1	1	1	1	1	2	1	1	2	1	2	1	1	1	1	1	1	1	1	2	2	1	1	2	2	2	2	1	2	2	1	1	1	2	1	2	2	2	1	1	2	2	1	1	1	1	2	2	1	2	1	2	2	1	1	1	2	2	2	2	2	1	2	2	1	2	1	1	2	1	1	1	2	2	2	2	2	2	2	1	1	1	2	1	1	1	2	1	2	1	2	2	1	2	1	2	2	2	2	2	1	1	2	2	2	2	2	1	1	2	1	2	1	1	1	1	1	1	1	1
22	1	1	1	2	1	2	2	1	2	2	1	2	1	2	1	2	1	1	1	1	2	2	1	1	1	1	2	2	1	2	1	1	1	1	1	1	2	2	1	1	1	2	1	1	1	1	1	2	2	1	2	1	2	2	2	1	1	2	2	1	2	2	1	2	2	1	2	1	1	1	1	1	2	2	2	2	1	2	2	1	1	1	1	2	1	1	1	1	2	1	1	2	2	1	1	1	2	2	2	2	1	2	1	2	2	2	2	2	1	1	1	1	2	1	2	1	1	1	1	1	1
22	1	1	1	2	1	2	2	1	2	2	2	2	1	1	1	1	1	1	2	1	2	2	1	1	2	2	1	2	1	1	1	1	1	1	2	1	2	2	2	1	1	2	2	1	1	2	1	2	2	1	2	2	1	2	2	1	1	2	2	2	2	2	1	2	2	1	2	1	1	2	1	1	1	2	2	2	2	2	2	1	1	1	1	1	1	1	1	2	2	2	2	2	1	2	1	1	2	2	2	2	1	1	1	2	2	2	2	2	1	1	2	1	1	1	2	1	1	1	2	1	1
22	1	1	2	2	2	2	2	1	2	2	2	2	1	2	1	1	1	1	1	1	2	2	1	1	2	2	2	2	1	2	1	1	1	1	2	1	2	2	2	2	1	2	2	1	1	1	1	1	2	1	1	1	2	1	1	1	1	2	2	2	2	2	1	2	2	2	2	1	2	2	1	1	1	2	2	1	2	2	1	1	1	1	1	1	1	1	1	2	1	2	1	2	2	2	1	1	2	2	1	2	1	2	1	2	2	2	2	2	1	1	2	1	1	1	2	1	1	1	1	1	1
23	1	1	1	2	1	1	2	1	1	2	2	2	1	2	1	1	2	1	1	1	2	2	1	1	1	1	1	2	1	1	2	2	1	1	2	1	1	1	2	2	1	2	1	1	1	1	1	1	1	1	2	1	1	1	1	1	1	2	2	1	2	2	2	2	2	1	2	1	1	2	2	2	2	1	1	1	2	1	1	1	1	1	1	2	1	1	1	2	1	1	2	2	2	1	1	1	2	2	2	2	1	1	1	1	2	2	2	2	1	1	2	1	2	1	2	1	1	1	1	1	1
23	2	2	1	1	1	2	1	1	1	2	2	2	1	1	1	1	2	1	1	1	2	2	1	1	2	2	1	2	1	2	1	2	1	1	2	1	2	2	2	2	1	2	2	1	1	1	1	1	2	1	1	1	1	1	1	1	1	2	2	1	2	2	2	2	2	1	2	1	2	2	1	2	2	2	2	2	2	1	2	2	1	1	1	1	1	1	1	2	1	2	2	2	2	2	1	1	2	2	2	2	1	1	1	1	2	2	2	2	1	1	2	1	2	1	2	1	1	1	2	2	2
23	1	1	1	1	1	1	2	1	1	2	2	2	1	1	1	1	2	1	1	1	1	2	1	1	1	1	1	2	1	2	1	1	1	1	2	1	2	2	2	2	1	2	1	1	1	1	1	1	2	1	1	2	1	1	1	1	1	2	2	1	2	2	2	1	2	1	2	1	1	2	1	2	2	1	1	2	2	1	1	1	1	1	1	2	1	1	1	2	2	1	2	2	2	2	1	1	2	2	2	2	1	1	1	1	2	2	2	2	1	1	2	1	1	1	2	1	1	2	1	2	1
24	2	1	1	1	1	1	2	1	1	2	2	2	1	1	1	1	1	1	1	1	2	2	1	1	2	2	2	2	2	1	1	2	1	1	2	1	2	2	2	2	1	2	2	1	1	1	1	2	2	2	2	1	2	2	2	1	1	1	2	2	2	2	1	1	2	1	2	1	2	2	2	2	2	2	2	2	2	1	1	1	1	1	1	2	1	1	1	1	1	1	2	2	2	1	1	1	2	2	2	2	1	1	2	1	2	2	2	2	1	1	2	1	1	1	2	1	1	1	1	2	2
24	2	1	1	1	1	1	2	1	1	2	2	2	1	1	1	1	2	1	1	1	2	2	1	1	2	2	2	2	1	2	1	2	1	1	2	1	2	2	1	2	1	2	2	1	1	1	1	2	1	2	1	1	1	2	2	2	1	1	2	2	2	2	1	2	2	1	2	1	2	2	1	2	2	2	2	1	2	1	1	1	1	1	1	2	1	1	1	2	1	1	2	2	2	2	1	1	2	2	2	2	1	1	1	1	2	2	2	2	1	1	2	1	2	1	1	1	1	1	2	1	1
24	2	1	1	2	1	1	2	1	1	2	2	2	1	2	1	2	2	1	1	2	2	2	1	1	2	2	2	2	1	2	1	2	1	1	2	1	2	2	2	2	1	2	1	1	1	2	1	2	2	1	2	1	1	2	2	2	1	1	2	1	2	2	1	1	2	1	2	1	2	2	1	2	2	2	2	1	2	1	1	1	1	1	1	2	1	1	1	2	1	2	2	1	2	2	1	1	2	2	2	2	1	1	1	1	2	2	2	2	1	1	2	1	2	1	2	1	1	2	2	1	2
25	1	1	1	2	1	1	1	1	1	2	2	2	1	2	1	2	1	1	1	2	2	2	1	1	2	2	2	2	2	2	1	2	1	1	2	1	2	2	2	1	1	2	2	1	1	1	1	1	2	1	2	1	1	1	1	1	1	2	2	2	2	2	2	2	2	1	2	1	1	2	1	2	2	2	2	2	2	1	1	1	1	1	1	2	1	1	1	2	1	2	2	2	1	2	1	1	2	2	2	2	1	1	1	1	2	2	2	2	1	1	2	1	2	1	2	1	1	2	2	1	1
25	2	1	1	2	1	1	2	1	1	2	1	2	1	2	1	2	1	1	1	2	2	2	1	1	2	1	2	2	1	2	1	2	1	1	2	1	2	2	2	2	2	2	2	1	1	1	1	2	2	1	1	1	1	1	1	1	1	2	2	2	2	2	2	1	2	1	2	1	2	1	1	2	2	1	1	2	2	1	1	1	2	1	1	2	1	1	1	2	1	2	2	2	1	1	1	1	2	2	2	2	1	1	1	1	1	2	2	2	1	1	2	1	2	1	2	1	1	2	2	1	1
25	2	1	1	2	1	1	2	1	1	2	2	2	1	2	1	1	2	1	1	1	2	2	1	1	2	2	2	2	1	2	1	1	1	1	2	1	2	2	2	2	2	2	1	1	1	1	1	2	2	1	2	1	1	2	2	1	1	1	2	1	2	2	1	2	2	1	2	1	2	2	1	2	2	1	1	2	2	1	1	2	1	1	1	2	1	1	1	1	1	2	1	2	1	1	1	1	2	2	2	2	1	2	1	1	2	2	2	2	1	1	2	1	2	1	1	1	1	1	1	1	1
26	1	2	1	2	1	1	2	1	1	2	2	2	1	2	1	1	2	1	2	1	2	2	1	1	2	1	2	2	1	2	1	1	1	1	2	1	2	2	2	2	2	2	1	1	1	1	1	2	1	1	1	2	1	2	2	1	1	2	2	1	2	2	2	2	2	1	2	1	2	1	2	2	2	2	2	1	2	1	1	1	1	1	1	2	1	1	1	1	1	2	2	2	1	1	1	1	2	2	2	2	1	1	1	2	2	2	2	2	1	2	2	1	1	1	2	1	1	2	1	1	1
26	1	1	1	2	1	1	2	1	1	2	1	2	1	2	1	2	1	1	1	1	2	2	1	1	2	2	2	2	1	2	1	1	1	1	2	2	2	2	2	2	2	2	1	1	1	2	1	1	2	1	2	1	2	1	1	1	1	2	2	2	2	2	1	2	2	2	2	1	2	1	1	2	2	1	1	2	2	1	1	1	1	1	1	2	1	1	1	1	1	2	2	2	2	1	1	1	2	2	2	2	1	1	2	2	2	2	2	1	1	1	2	1	2	1	2	1	2	2	2	1	1
26	1	1	1	1	1	1	1	1	1	2	2	2	1	1	1	1	2	1	1	1	2	2	2	1	2	2	1	2	1	2	1	1	1	1	2	1	2	2	2	2	2	2	1	1	2	2	1	2	1	1	2	2	1	1	1	1	1	2	2	2	2	2	2	1	2	2	2	1	2	1	1	2	2	2	2	2	2	1	1	1	1	1	1	2	1	1	1	2	1	2	1	2	1	1	1	1	2	2	2	2	1	2	1	2	2	2	2	1	1	1	2	1	2	1	2	1	1	2	2	1	1
27	1	2	1	2	1	1	1	1	1	2	2	2	1	1	1	1	2	1	1	1	2	2	1	1	2	1	2	2	1	2	1	1	1	1	2	1	1	2	2	2	2	2	2	2	1	2	1	2	2	1	2	1	1	2	2	1	1	2	2	1	2	2	1	2	2	2	2	1	2	2	1	1	1	2	2	1	2	2	2	1	1	1	1	2	1	1	1	2	1	2	1	2	1	2	1	1	2	2	2	2	1	1	1	2	2	2	2	2	1	2	2	1	2	1	2	1	2	1	2	1	1
27	1	1	1	2	1	1	2	1	1	2	2	2	1	2	1	2	1	1	1	1	2	2	1	1	2	2	2	2	1	2	1	2	1	1	2	1	1	2	2	2	1	2	1	1	2	2	1	1	2	1	2	1	1	2	2	1	1	1	2	2	2	2	2	2	2	2	2	1	2	2	1	2	2	2	2	1	2	1	1	1	1	1	1	2	1	1	1	1	1	2	2	2	1	1	1	1	2	2	2	2	1	1	1	2	2	2	2	2	1	2	2	1	2	1	2	1	2	2	2	1	1
27	1	1	1	2	1	2	2	1	1	2	1	2	1	2	1	2	2	1	2	1	2	2	1	1	2	1	1	2	1	2	1	1	1	1	2	2	2	2	2	2	1	2	2	1	1	1	1	1	2	1	2	1	1	1	2	2	1	1	2	1	2	2	2	1	2	1	2	1	2	2	1	2	2	1	1	1	2	1	1	1	1	1	1	2	1	1	1	1	1	2	2	2	2	1	1	1	2	2	2	2	1	1	1	2	2	2	2	2	1	1	2	1	2	2	2	1	1	2	2	1	1
28	1	1	1	2	1	1	2	1	1	2	2	2	1	2	1	1	2	1	1	1	2	2	1	1	2	2	2	2	1	2	1	1	1	1	2	1	1	2	2	2	2	2	1	1	1	1	1	2	2	1	2	1	1	2	2	1	1	1	2	2	2	2	2	2	2	1	2	1	2	1	1	2	2	1	1	2	2	1	1	1	1	1	1	2	1	1	1	2	1	2	2	2	1	1	1	1	2	2	2	2	1	2	1	2	2	2	2	2	1	1	2	2	2	1	2	1	1	1	2	1	1
28	2	1	1	1	1	1	2	1	1	2	1	2	1	1	1	1	2	1	1	1	2	2	1	1	2	2	2	2	1	2	1	2	1	1	2	1	1	2	2	2	2	2	1	1	1	1	1	1	2	1	2	1	1	1	1	1	1	1	2	1	2	2	2	2	2	2	2	1	2	2	2	1	1	2	2	1	2	2	1	1	1	1	1	2	1	1	1	2	1	1	1	2	1	2	1	1	2	2	2	2	1	1	1	2	2	2	2	1	1	1	2	1	2	1	2	1	1	1	2	1	1
28	2	1	1	2	1	1	1	1	1	1	2	2	1	2	1	2	2	1	1	1	2	2	1	1	2	1	1	2	1	2	1	2	1	1	2	1	2	2	2	2	1	2	2	1	1	1	1	2	2	1	2	1	1	2	2	1	1	2	2	1	2	2	2	2	2	1	2	1	2	2	1	1	1	2	2	1	2	1	1	1	1	1	1	2	1	1	1	2	1	1	1	2	2	2	1	1	2	2	2	2	1	2	1	2	2	2	2	2	1	1	2	1	2	1	2	1	1	1	2	1	1
29	1	1	1	1	1	1	2	1	1	1	2	2	1	1	1	1	1	1	2	1	2	2	1	1	2	1	2	2	1	2	1	1	1	1	2	1	2	2	1	2	2	2	1	1	1	1	1	1	2	1	2	1	2	1	1	1	1	2	2	1	2	2	1	2	2	1	2	1	2	1	1	2	2	2	2	1	2	1	1	1	1	1	1	2	1	1	1	1	1	2	1	2	2	2	1	1	2	2	2	2	1	1	1	1	2	2	2	2	1	1	2	1	2	1	2	1	1	1	2	1	1
29	1	1	1	1	1	1	2	1	1	2	2	2	1	1	1	1	2	1	1	1	2	1	1	1	2	2	1	2	1	2	1	1	1	1	2	1	2	2	2	2	1	2	2	1	1	1	1	1	1	2	1	1	2	1	1	1	1	1	2	1	2	2	1	2	2	1	2	1	2	2	1	1	1	2	2	1	2	1	1	2	1	1	1	2	1	1	1	1	1	2	1	2	1	2	1	1	2	2	2	2	2	2	1	2	2	2	2	2	1	1	2	1	2	1	2	1	1	2	2	1	1
29	2	1	1	1	1	1	2	1	1	2	1	2	1	1	1	1	2	1	1	2	2	2	1	1	2	2	1	2	1	2	2	1	1	1	2	1	2	2	2	2	2	2	1	1	1	1	1	2	2	1	2	1	1	1	2	1	1	1	2	2	2	2	1	2	2	1	2	1	2	2	1	2	2	1	2	1	2	1	1	1	1	1	1	2	1	1	1	1	2	1	2	1	2	2	1	1	2	2	2	2	2	1	1	2	2	2	2	2	1	1	2	1	2	1	2	1	1	2	2	1	1
30	1	1	1	1	1	1	1	1	1	2	2	2	1	1	1	1	1	1	1	1	2	1	1	1	1	2	2	2	1	2	1	2	1	1	2	1	2	2	1	2	2	2	2	1	1	2	1	2	2	1	2	1	1	2	2	2	1	1	2	1	2	2	2	2	2	1	2	1	2	1	1	2	2	2	2	2	2	1	1	1	1	1	1	2	1	1	1	1	1	1	1	1	2	2	1	1	2	2	2	2	2	1	1	1	2	2	2	2	1	1	2	1	2	1	1	1	1	1	1	1	1
30	1	1	1	1	1	1	2	1	1	2	2	2	2	1	1	1	1	1	1	2	2	1	1	1	2	1	1	2	1	2	1	1	1	1	2	2	2	2	1	1	1	2	1	1	1	1	1	2	2	1	2	1	2	2	2	1	1	1	2	2	2	2	1	2	2	2	2	1	1	2	1	1	1	2	2	2	2	1	1	2	2	2	1	2	1	1	1	2	1	2	1	1	2	2	1	1	2	2	2	2	1	1	1	1	2	2	2	2	1	1	2	1	2	2	2	1	1	1	1	1	1
30	1	1	1	2	1	1	2	1	1	2	2	2	1	2	1	2	2	1	1	2	2	1	1	1	1	2	1	2	1	2	2	1	1	1	2	1	2	2	2	1	1	2	1	1	1	1	1	2	2	1	2	1	1	2	2	1	1	2	2	1	2	2	1	2	2	2	2	1	1	2	1	1	1	2	2	1	2	1	1	1	1	1	1	2	1	1	1	2	1	2	1	2	2	1	1	1	2	2	2	2	2	2	1	2	2	2	2	2	1	1	2	1	2	1	2	1	1	1	2	1	1
31	1	1	1	2	1	1	2	1	1	2	2	2	1	2	1	2	1	1	1	1	2	2	1	1	1	2	2	2	1	1	1	1	1	1	2	1	2	2	2	2	1	2	2	1	1	1	1	2	1	1	2	1	1	2	2	1	1	2	2	1	2	2	1	2	2	1	2	1	2	1	1	2	2	2	2	2	1	2	2	2	2	1	1	1	1	1	1	2	1	1	2	2	1	2	1	1	2	2	1	2	1	2	1	1	2	2	2	2	1	1	2	1	1	1	2	1	1	1	1	1	1
31	2	1	1	2	1	1	2	1	1	2	2	2	1	2	1	2	1	1	1	1	2	1	1	1	2	2	2	2	1	1	1	1	1	1	2	1	2	2	1	1	1	2	1	1	1	1	1	2	2	1	2	1	2	1	1	1	1	2	2	2	2	2	1	2	2	1	2	1	2	2	1	2	2	2	2	1	2	2	2	2	1	1	1	2	1	1	1	2	2	2	2	2	1	2	1	1	2	2	2	2	1	2	1	2	1	2	2	2	1	1	2	1	2	1	2	1	1	1	1	1	1
31	2	1	1	2	1	1	2	1	1	2	2	2	1	1	1	1	1	1	1	1	2	2	1	1	2	2	2	2	1	1	2	1	1	1	2	1	2	2	1	1	1	2	2	1	1	1	1	2	2	1	1	1	2	2	2	1	1	2	2	2	2	2	1	2	2	1	1	1	2	2	1	1	1	2	2	1	2	2	1	1	1	1	1	2	1	1	1	2	1	2	1	1	2	1	1	1	2	2	2	2	1	2	2	2	2	2	2	2	1	1	2	1	2	1	2	1	1	2	2	1	1
32	1	1	1	1	1	1	2	1	1	2	2	2	1	1	1	1	2	2	1	2	2	2	1	1	2	2	1	2	1	2	1	2	1	1	2	1	2	2	2	2	1	2	2	1	1	1	1	2	2	1	2	1	2	2	2	2	1	2	2	2	2	2	1	2	2	2	2	1	2	2	1	2	2	2	2	1	2	1	1	1	1	1	1	2	1	1	1	1	1	2	1	2	2	1	1	1	2	2	2	2	1	1	1	2	2	2	2	2	1	1	1	1	2	2	2	1	1	2	2	1	2
32	1	1	1	2	1	2	2	1	1	2	2	2	1	2	1	2	1	1	1	2	2	2	1	1	1	2	2	2	1	2	1	2	1	1	2	1	2	2	2	2	1	2	1	1	1	1	1	1	2	1	1	1	1	1	1	1	2	2	2	1	2	2	1	1	2	2	2	1	2	2	1	2	2	2	2	1	2	2	1	1	1	1	1	2	1	1	1	2	1	1	1	1	1	1	1	1	2	2	2	2	1	2	1	1	2	2	2	2	1	1	2	1	2	2	2	1	1	2	2	1	1
32	1	1	1	2	1	1	2	1	1	1	2	1	2	1	1	2	1	1	1	1	2	2	1	1	2	1	1	1	1	2	1	1	1	1	2	1	1	2	1	1	1	2	1	1	1	1	1	2	2	1	1	1	2	1	1	1	2	2	2	1	2	2	1	2	2	1	2	1	2	1	1	2	2	1	1	1	2	2	2	1	1	1	1	2	1	1	1	1	1	2	1	1	2	1	1	1	2	1	2	2	1	1	1	1	2	2	2	2	1	1	2	1	2	2	1	1	1	1	1	1	1
33	2	1	1	1	1	1	2	1	1	2	2	2	1	1	1	1	1	1	1	1	2	2	1	1	2	1	2	2	1	2	1	1	1	1	2	1	1	2	2	2	1	2	1	1	1	1	1	2	1	1	2	1	1	1	1	1	1	2	2	1	2	2	2	2	2	1	2	1	1	2	1	2	2	1	1	2	2	2	2	1	1	1	1	2	1	1	1	2	1	1	1	2	2	2	1	1	2	2	2	2	1	1	1	1	2	2	2	2	1	1	2	1	2	1	2	1	1	1	1	1	2
33	1	1	1	2	1	2	2	1	1	2	2	2	1	1	1	1	1	1	1	1	2	1	1	1	2	2	2	2	1	2	1	1	1	1	2	1	2	2	2	2	1	2	2	1	1	1	1	2	1	1	1	1	1	1	1	1	1	2	2	2	2	2	2	2	2	1	1	1	2	1	1	1	2	1	1	2	1	1	1	1	1	1	1	1	1	1	1	2	1	2	2	2	1	2	1	1	2	2	2	2	1	2	1	1	2	2	2	2	1	1	2	1	2	1	1	1	1	1	2	1	1
33	2	1	1	1	1	1	2	1	1	2	2	2	1	1	1	1	1	1	1	2	2	2	1	1	2	2	1	1	1	2	1	1	1	1	2	1	2	2	2	2	2	2	1	1	1	1	1	2	1	1	2	1	1	1	1	1	1	2	2	2	2	2	2	2	2	1	2	1	2	2	1	1	1	1	1	1	2	1	1	2	2	1	1	2	1	1	1	1	1	2	2	2	2	2	1	1	2	2	2	2	1	1	1	2	2	2	2	1	1	1	2	1	2	1	2	1	1	1	1	1	2
34	2	1	1	1	1	1	2	1	1	2	2	2	1	1	1	1	2	1	1	2	2	2	1	1	2	1	2	2	1	1	1	2	1	1	2	2	2	2	2	1	1	2	1	1	1	1	1	2	2	1	2	1	1	1	1	1	1	1	2	2	2	2	2	2	2	1	2	1	2	2	1	1	1	2	2	1	2	2	1	1	1	1	1	1	1	1	1	2	1	2	2	2	2	2	1	1	2	2	2	2	1	1	1	1	2	2	2	2	1	1	2	1	1	1	2	1	1	1	2	1	2
34	2	1	1	2	2	1	2	1	1	2	2	2	1	1	1	1	2	1	1	2	2	2	1	1	2	2	1	2	1	2	1	1	1	1	2	1	2	2	2	1	1	2	1	1	1	1	1	2	2	1	2	1	1	1	1	2	1	1	2	2	2	2	2	1	2	1	2	1	2	2	1	2	2	1	1	1	2	1	2	1	1	1	1	2	1	1	1	2	1	1	1	2	1	1	1	1	2	2	1	2	1	1	1	1	2	2	2	2	1	1	2	1	2	1	1	1	1	1	1	1	1
34	2	1	1	1	1	2	2	1	1	1	1	2	2	1	1	1	2	1	1	1	2	2	1	1	2	2	2	2	1	2	1	1	1	1	2	1	2	2	1	1	1	2	1	2	1	1	1	2	2	1	2	1	1	1	1	1	1	1	2	1	2	2	2	2	2	1	2	1	2	2	1	1	1	2	2	2	1	1	1	1	1	1	1	2	1	1	1	2	1	1	2	1	1	1	1	1	2	2	2	2	1	1	2	2	2	2	2	2	1	1	2	1	2	1	2	1	1	1	1	1	1
35	2	1	1	1	1	1	2	1	1	2	2	2	1	1	1	1	2	1	1	1	2	2	1	1	2	1	2	2	1	1	1	1	1	1	2	1	1	2	2	2	2	2	1	1	1	1	1	2	2	1	2	1	1	1	1	1	1	2	2	1	2	2	2	2	2	1	2	1	2	1	1	2	2	1	1	1	2	2	1	1	1	1	1	2	1	1	1	2	1	2	2	2	2	1	1	1	2	2	2	2	1	1	1	1	2	2	2	1	1	1	2	1	1	1	2	1	1	2	2	1	1
35	1	1	1	2	1	1	2	1	1	2	2	2	1	2	1	2	2	1	1	1	2	2	1	1	2	1	1	2	1	1	1	2	1	1	2	1	1	2	2	2	1	2	1	1	1	1	1	1	2	1	2	1	1	2	2	2	1	2	2	1	2	2	2	2	2	1	2	1	2	2	1	2	2	2	1	1	2	1	1	1	1	1	1	2	1	1	1	2	1	1	1	2	2	1	1	1	2	2	2	2	1	1	1	1	2	2	2	2	1	1	2	1	2	1	2	1	1	1	2	1	1
35	2	1	1	2	1	1	2	1	1	2	2	2	1	2	1	2	1	1	1	2	2	2	1	1	2	2	1	2	1	1	1	1	1	1	2	1	1	2	2	2	2	2	1	1	1	1	1	2	2	1	1	1	1	1	1	2	1	2	2	1	2	2	2	2	2	1	2	1	2	1	1	2	2	2	2	1	2	1	1	1	1	1	1	2	1	1	1	2	1	2	2	2	1	1	2	1	2	2	1	2	1	1	1	1	2	2	2	2	1	1	2	1	2	1	2	1	2	2	2	1	1
36	1	1	1	2	1	2	2	1	1	2	2	2	1	1	1	1	1	1	1	1	2	1	1	1	2	2	1	2	1	2	1	1	1	1	2	1	1	2	2	2	1	2	1	1	1	1	1	2	1	1	1	1	1	1	2	1	1	1	2	1	2	2	2	2	2	1	2	1	2	1	1	1	1	2	2	1	2	1	1	1	1	1	1	2	1	1	1	2	1	1	2	1	1	1	2	1	2	2	2	2	1	1	1	1	2	2	2	2	1	1	2	2	2	2	2	1	1	2	2	1	1
36	1	1	1	2	1	2	2	1	1	1	1	2	1	2	1	2	1	1	1	1	2	2	1	1	2	2	1	2	1	2	1	1	1	1	2	2	1	2	2	2	2	2	1	1	1	1	1	2	1	1	1	1	1	1	1	1	1	1	2	1	2	2	2	2	2	1	2	1	2	1	1	1	1	2	2	1	2	1	1	1	1	1	1	2	1	1	1	1	1	1	2	2	1	1	1	1	2	2	2	2	2	1	1	1	2	2	2	2	1	1	2	2	1	1	2	1	1	2	2	1	1
36	1	1	1	2	1	1	2	1	1	2	2	2	1	2	1	2	2	1	1	1	2	2	1	1	2	1	1	2	1	2	1	1	1	1	2	2	2	2	2	2	2	2	2	1	1	1	1	2	1	2	2	1	2	1	1	2	1	1	2	1	2	2	2	2	2	1	2	1	2	2	1	2	2	2	2	2	2	2	1	2	2	1	1	2	1	1	1	1	1	2	2	1	2	1	1	2	2	2	2	2	1	1	1	1	2	2	2	1	1	1	2	1	2	2	2	1	1	2	2	1	1
37	1	1	1	1	1	1	2	1	1	2	2	2	1	1	1	1	2	1	1	1	2	2	1	1	2	1	1	1	1	2	1	1	1	1	2	2	2	2	2	2	1	2	2	1	1	1	1	2	2	1	2	1	1	1	1	2	1	1	2	2	2	2	2	2	2	1	2	1	2	1	1	2	2	2	2	1	2	2	2	1	1	1	1	2	1	1	1	2	1	2	2	2	2	1	1	1	2	2	2	2	1	1	1	2	2	2	2	2	1	1	2	1	1	1	1	1	2	1	2	1	1
37	1	1	1	1	1	1	2	1	1	2	2	2	1	1	1	1	1	1	1	1	2	2	1	1	2	1	1	2	2	1	1	1	1	1	2	1	2	2	2	2	2	2	2	1	1	2	1	2	2	1	2	1	1	1	1	1	1	2	2	2	2	2	2	2	2	1	2	1	1	2	1	2	2	2	2	1	2	1	1	2	2	1	1	2	1	1	1	2	1	1	1	2	2	2	1	1	2	2	2	2	1	1	1	1	2	2	2	2	1	1	2	1	2	1	1	1	1	2	2	1	1
37	1	1	2	2	1	1	2	1	1	2	2	2	1	2	1	1	2	1	1	1	2	2	1	1	2	1	2	2	1	2	1	1	1	1	2	1	2	2	2	2	2	2	1	1	1	1	1	2	2	1	1	1	2	1	1	1	1	1	2	2	2	2	2	1	2	1	2	1	2	2	1	1	1	2	2	2	2	1	1	1	1	1	1	2	1	1	1	1	1	1	2	2	2	1	1	1	2	2	2	2	1	1	1	2	2	2	2	2	1	1	2	1	2	1	2	1	1	2	2	1	1
38	1	1	1	1	1	1	1	1	1	2	2	2	2	1	1	1	2	1	1	1	2	2	1	1	2	2	1	2	1	1	1	2	1	1	2	1	2	1	2	2	2	2	2	1	1	1	1	2	2	2	1	1	1	1	1	1	1	2	2	2	2	2	2	2	2	1	2	1	2	2	1	2	2	2	2	2	2	1	1	1	1	1	1	2	1	1	1	2	1	2	2	2	1	1	1	1	2	2	2	2	1	1	1	1	2	2	2	2	1	1	2	1	2	1	2	1	1	1	2	1	1
38	1	1	1	1	1	2	2	1	1	2	1	2	1	1	1	1	2	1	1	1	2	2	1	1	2	2	2	2	1	2	2	2	1	1	2	1	2	1	2	2	1	2	2	1	1	2	1	2	2	2	2	1	1	1	2	1	1	1	2	1	2	2	2	2	2	1	2	1	2	2	1	2	2	2	2	2	2	1	1	1	1	1	1	1	1	1	1	1	2	2	2	2	1	1	1	1	2	2	2	2	2	2	1	2	2	2	2	2	1	1	2	1	2	1	2	1	1	2	2	1	1
38	1	1	1	2	1	2	2	1	1	2	2	2	2	1	1	1	1	1	1	1	2	2	1	1	2	1	2	2	1	2	1	1	1	1	2	2	2	2	1	1	1	2	2	1	2	2	1	2	2	1	1	1	2	1	1	1	1	2	2	2	2	2	2	2	2	1	2	1	1	2	1	2	2	1	1	2	2	1	1	1	1	1	1	2	1	1	1	2	2	1	2	2	2	1	1	1	2	2	2	2	1	1	1	2	2	2	2	2	1	1	2	1	1	1	1	1	1	1	2	1	2
39	1	1	1	1	1	1	1	1	1	2	2	2	1	1	1	1	2	1	2	1	2	2	1	1	2	2	2	2	1	1	2	1	1	1	2	1	2	2	2	1	1	2	1	1	1	1	1	2	2	1	2	1	2	1	1	1	1	2	2	2	2	2	1	2	2	1	1	1	1	2	1	1	2	2	2	2	2	1	1	1	1	1	1	2	1	1	1	2	2	2	2	2	2	1	1	1	2	2	2	2	1	1	1	2	2	2	2	2	1	1	2	1	2	1	2	1	1	1	1	1	1
39	2	1	1	1	1	1	2	1	1	2	1	2	1	1	1	1	1	1	1	2	2	2	1	1	2	1	2	2	1	1	2	2	1	1	2	1	2	2	2	2	2	2	2	1	1	1	1	2	1	2	2	1	1	1	1	2	1	1	2	2	2	2	1	2	2	1	2	1	1	2	1	1	1	2	2	2	2	1	1	1	1	1	1	2	1	1	1	2	1	2	2	2	1	2	1	1	2	2	2	2	2	1	1	2	2	2	2	2	1	1	1	1	2	1	1	1	1	2	2	1	1
39	1	1	1	1	2	1	2	1	1	2	2	2	1	1	1	1	2	1	1	1	2	2	1	1	2	1	1	2	1	2	1	1	1	1	2	2	2	2	2	2	2	2	1	1	1	1	1	2	2	1	2	1	1	1	1	1	1	1	2	2	2	2	1	2	2	1	2	1	2	2	1	2	2	2	2	2	2	2	2	1	1	1	1	2	1	1	1	2	1	1	1	2	2	1	1	1	2	2	2	2	1	1	1	2	2	2	2	2	1	1	2	1	2	1	1	1	1	2	2	1	1
40	1	1	1	2	1	2	2	1	1	2	2	2	1	1	1	1	1	1	2	1	2	1	1	1	2	2	2	2	1	2	1	1	1	1	2	2	2	2	2	2	1	2	2	2	1	1	1	2	1	1	2	1	2	1	1	1	1	1	2	2	2	2	1	2	2	2	2	1	2	2	1	1	1	2	2	2	2	1	1	1	1	1	1	2	1	1	1	1	1	1	1	2	1	1	2	1	2	2	2	2	1	1	1	2	2	2	2	2	1	1	2	1	2	1	2	1	1	1	1	1	1
40	1	1	1	1	1	2	2	1	1	2	2	2	1	1	1	1	1	1	1	1	2	2	1	1	1	1	2	2	1	1	1	1	1	1	2	1	2	2	1	1	2	2	2	2	1	1	1	2	2	1	1	1	2	1	1	1	1	1	2	1	2	2	1	2	2	1	2	1	2	2	1	2	2	1	1	2	2	2	2	1	1	1	1	1	1	1	1	1	1	1	1	2	1	1	1	1	2	2	2	2	1	2	1	2	2	2	2	2	1	1	2	1	1	1	2	1	1	1	1	2	2
40	1	1	1	2	1	1	2	1	1	2	1	2	1	1	1	2	1	1	1	1	2	2	1	1	1	1	1	2	1	1	1	1	1	1	2	2	2	2	2	2	1	2	2	1	1	1	1	2	2	1	2	1	2	1	1	1	1	2	2	1	2	2	1	2	2	1	2	1	1	2	1	2	2	1	1	2	2	2	2	1	1	1	1	1	1	2	1	1	1	1	1	1	2	1	2	1	2	2	2	2	2	2	1	2	2	2	2	2	1	1	2	1	1	2	2	1	1	1	1	1	1
41	2	1	1	1	2	2	2	1	1	1	2	2	1	1	1	1	1	1	1	1	2	2	1	1	2	1	1	2	1	1	1	1	1	1	2	1	2	1	2	2	1	2	2	1	1	1	1	2	2	2	1	1	1	1	1	1	1	2	2	1	2	2	1	2	2	1	2	1	1	2	1	2	2	2	2	1	2	1	1	1	1	1	1	1	1	1	1	2	1	2	1	2	2	1	1	1	2	2	2	2	1	2	1	2	1	2	2	2	1	1	2	1	1	1	2	1	2	1	1	1	1
41	2	1	1	1	2	1	2	1	1	2	2	2	1	1	1	2	1	1	1	1	2	2	1	1	2	1	1	2	1	2	1	1	1	1	2	2	2	1	2	2	1	2	2	1	1	1	1	2	2	1	2	1	2	2	1	1	1	1	2	2	2	2	1	2	2	1	2	1	2	2	1	1	1	2	2	2	2	1	2	1	1	1	1	1	1	1	1	1	1	2	1	2	2	1	1	1	2	2	2	2	1	2	1	2	2	2	2	2	1	1	1	1	2	1	1	1	1	1	1	1	1
41	1	1	1	2	1	1	2	1	1	2	1	2	1	1	1	1	1	1	1	1	2	2	1	1	1	1	1	2	1	1	1	1	1	1	2	2	2	2	2	2	1	2	2	1	1	1	1	2	1	2	2	1	2	2	1	1	1	1	2	2	2	2	1	2	2	1	2	1	2	2	1	2	2	1	1	1	2	1	1	1	1	1	1	2	1	1	1	2	1	2	2	1	2	1	1	1	2	2	2	2	1	2	1	2	2	2	2	2	1	1	1	1	1	1	1	1	1	1	1	2	1
42	1	1	1	1	1	1	2	1	1	2	2	2	1	1	1	1	1	1	1	1	2	2	1	1	2	2	1	2	2	2	1	2	1	1	2	1	2	1	1	1	1	2	1	1	1	1	1	2	1	1	2	1	1	1	1	1	2	2	2	1	2	2	1	1	2	1	2	1	2	2	1	2	2	1	2	1	2	1	2	1	1	1	1	2	1	1	1	1	1	1	2	2	1	1	1	1	2	2	2	2	1	1	1	1	2	2	2	2	1	1	1	1	2	1	2	1	1	1	2	1	1
42	1	1	1	2	1	2	2	1	1	2	2	2	1	1	1	1	2	1	1	1	2	2	1	1	2	2	1	2	1	2	1	2	1	1	2	1	2	2	1	2	2	2	1	1	1	1	1	2	2	1	2	1	1	1	1	2	2	1	2	1	2	2	1	2	2	2	2	1	2	2	1	1	1	2	2	1	2	1	1	1	1	1	1	2	1	1	1	2	1	2	1	2	2	1	1	1	2	2	2	2	1	1	1	2	2	2	2	2	1	1	2	1	2	1	1	1	1	1	1	1	1
42	1	1	1	1	1	2	2	2	1	1	1	1	1	1	1	1	1	1	1	1	2	2	1	1	2	2	1	2	1	2	1	2	1	1	2	1	2	2	2	2	1	2	1	1	1	1	1	2	2	1	2	1	1	1	1	1	1	2	2	1	2	2	2	2	2	2	2	1	2	1	1	2	2	2	2	1	2	1	1	1	1	1	1	1	1	1	1	2	1	1	2	1	1	1	1	1	2	2	1	2	1	1	1	1	2	2	2	2	1	1	2	1	2	1	2	1	1	1	1	1	2
43	1	1	1	2	1	1	1	1	1	1	1	2	2	1	1	2	2	1	1	1	2	2	1	1	2	1	2	2	1	2	1	2	1	1	2	1	2	1	1	2	1	2	1	1	1	1	1	1	1	1	2	1	1	1	1	1	1	2	2	2	2	2	2	1	2	1	2	1	2	1	1	2	2	1	1	1	2	1	1	1	1	1	1	2	1	1	1	2	1	2	1	2	2	1	1	1	2	2	2	2	1	1	1	1	2	2	2	2	1	1	2	1	2	1	2	1	1	1	1	2	1
43	1	1	1	2	1	2	2	1	1	1	1	2	1	1	1	1	1	1	1	1	1	1	1	1	1	2	2	2	1	1	1	2	1	1	2	1	2	2	2	2	1	2	1	1	1	1	1	2	2	1	2	1	1	1	1	1	1	1	2	2	2	2	1	2	2	1	1	1	2	2	2	2	2	1	2	1	2	1	1	2	1	1	1	2	1	1	1	1	1	2	2	2	1	1	2	2	2	2	2	2	1	1	1	2	2	2	2	2	1	1	2	1	2	1	2	1	1	2	1	2	1
43	1	1	1	2	1	1	2	1	1	2	2	2	2	1	1	1	2	1	1	1	2	2	1	1	2	1	2	2	2	2	1	2	1	1	2	1	1	1	1	1	1	2	2	1	1	1	1	1	2	1	2	1	1	1	1	1	1	2	2	1	2	2	1	1	2	2	2	1	2	1	1	2	2	1	1	2	1	1	1	1	1	1	1	1	1	1	1	2	1	1	1	2	2	1	1	1	2	2	2	2	1	1	1	2	2	2	2	2	1	1	2	1	2	1	2	1	2	1	1	1	2
44	1	1	1	2	1	1	1	1	1	2	2	1	1	1	1	1	2	1	1	2	2	2	1	1	2	2	1	2	2	2	1	1	1	1	2	1	2	2	2	2	1	2	1	1	1	2	1	2	2	1	1	1	2	1	1	1	1	2	2	2	2	2	2	2	2	1	2	1	2	2	1	1	1	1	1	1	2	2	2	1	1	1	1	2	1	1	1	2	1	2	2	2	1	2	1	1	2	2	2	2	1	2	1	1	2	2	2	2	1	1	2	1	2	1	2	1	1	1	1	2	2
44	1	1	1	2	1	1	2	1	1	2	2	1	1	1	1	1	2	1	1	2	2	2	1	1	2	1	2	2	1	1	1	2	1	1	2	1	2	2	1	2	2	2	1	1	1	1	1	2	1	1	1	2	1	1	1	1	1	2	2	2	2	2	2	2	2	2	1	1	1	2	1	2	1	2	2	1	1	1	1	1	1	1	1	2	1	1	1	2	1	1	2	1	2	1	1	1	2	2	2	2	1	2	1	2	2	2	1	2	1	1	2	1	2	1	2	1	1	1	1	1	2
44	1	1	1	1	1	1	2	1	2	1	2	2	1	1	1	1	2	1	1	1	2	1	1	1	1	2	2	2	2	1	1	2	1	1	2	1	1	2	1	2	1	2	1	1	1	1	1	2	2	1	1	1	1	1	1	1	1	2	2	1	2	2	2	2	2	1	2	1	1	2	1	2	2	1	1	2	2	1	1	1	1	1	1	2	1	1	1	2	1	2	2	1	2	2	1	1	2	2	2	2	1	1	1	2	2	2	1	2	1	1	2	1	2	1	2	1	1	1	1	1	2
45	1	2	1	1	1	1	2	1	1	2	1	2	1	1	1	1	1	1	1	1	2	2	1	1	2	2	1	2	1	2	1	1	1	1	2	1	1	1	1	2	2	2	1	1	1	1	1	2	2	1	2	2	1	1	1	2	1	2	2	2	2	2	2	1	2	1	2	1	2	1	1	1	1	2	2	2	1	2	1	1	1	1	1	2	1	1	1	2	1	1	1	2	2	2	1	1	2	2	2	2	1	1	1	1	2	2	2	2	1	1	2	1	2	1	2	1	1	1	1	1	1
45	1	1	1	2	1	1	2	1	1	2	1	2	1	1	1	1	2	1	1	1	2	2	1	1	2	2	1	2	2	2	1	1	2	1	2	1	1	2	2	2	2	2	2	1	1	1	1	2	1	1	1	1	1	1	1	2	1	2	2	2	2	2	2	2	2	1	2	1	2	1	2	2	2	1	1	1	2	1	1	1	1	1	1	2	1	1	1	1	1	2	2	2	1	1	1	1	2	2	2	2	1	1	1	1	2	2	2	2	1	1	2	1	2	1	2	1	1	1	1	1	1
45	1	1	1	1	1	1	2	1	1	2	1	2	1	1	1	1	2	1	1	1	2	2	1	1	2	1	2	2	1	2	1	1	1	1	2	1	2	2	2	2	1	2	1	1	1	1	1	2	1	1	2	1	1	1	1	2	1	2	2	2	2	2	1	1	2	1	2	1	2	2	1	1	1	2	2	2	2	1	1	1	1	1	1	2	1	1	1	2	1	1	2	2	1	1	1	1	2	2	2	2	1	1	1	1	2	2	2	2	1	1	2	1	2	1	1	1	1	1	2	1	1
46	1	1	1	2	1	1	2	1	1	2	1	2	2	1	1	1	1	1	1	1	2	2	1	1	1	1	1	2	1	2	1	1	1	1	2	1	1	1	2	2	1	2	2	1	1	1	1	2	2	1	2	1	1	1	2	1	1	2	2	2	2	2	2	2	2	1	2	1	2	2	1	1	1	1	2	1	2	1	1	1	1	1	1	2	1	1	1	2	1	2	2	2	1	1	1	1	2	2	2	2	1	2	1	2	2	2	2	2	1	1	1	1	2	2	2	1	1	2	2	1	1
46	1	1	1	2	1	1	2	1	1	2	1	2	1	1	1	1	2	1	1	1	2	2	1	1	2	1	1	2	1	2	1	1	1	1	1	1	2	1	2	2	1	2	1	1	1	1	1	2	1	1	1	1	1	1	1	2	1	1	2	1	2	2	2	2	2	1	2	1	2	1	1	1	1	2	2	1	2	1	1	1	1	1	1	2	1	2	1	2	1	2	1	1	1	1	1	1	2	2	2	2	1	1	1	2	2	2	2	2	1	1	2	1	2	2	2	1	1	2	2	1	1
46	2	1	1	1	1	1	1	1	1	2	1	2	1	1	1	1	1	1	2	1	2	2	1	1	2	2	1	2	1	2	1	1	1	1	2	1	1	2	2	2	2	2	1	1	1	2	1	1	1	1	1	2	1	1	1	1	1	2	2	1	2	2	2	2	2	1	2	1	1	2	1	1	1	2	2	2	2	1	1	1	1	1	1	2	1	1	1	2	1	2	2	2	2	1	1	1	2	2	2	2	1	2	1	1	2	2	2	2	1	1	2	1	2	1	2	1	1	1	2	1	1
47	1	1	1	1	1	1	2	1	1	2	2	2	1	1	1	1	1	1	1	1	2	1	1	1	2	2	2	2	1	2	1	1	1	1	2	1	1	2	2	2	1	2	1	2	1	1	1	2	1	1	1	1	1	1	1	1	1	2	2	2	2	2	2	1	2	1	2	1	1	2	1	2	2	2	2	1	2	1	1	1	1	1	1	2	1	1	1	1	1	2	2	2	2	2	1	1	2	2	2	2	1	1	1	2	2	2	2	2	1	1	2	1	2	1	2	1	1	1	2	1	1
47	1	1	1	2	1	1	2	1	1	2	1	2	1	1	1	1	2	1	1	1	2	2	1	1	2	1	1	2	1	2	1	1	1	1	2	1	2	2	2	2	1	2	1	1	1	1	1	2	2	1	2	1	1	1	1	1	1	1	2	2	2	2	2	1	2	1	2	1	2	1	1	1	1	2	2	1	1	1	1	2	2	1	1	2	1	1	1	1	1	2	1	2	1	1	1	1	2	2	2	2	1	2	1	2	2	2	2	2	1	1	2	1	1	1	2	1	1	1	2	1	1
47	1	1	1	2	1	1	2	1	1	2	2	2	1	2	1	2	1	1	1	1	2	2	1	1	2	1	1	2	1	2	1	2	1	1	2	1	2	2	1	1	1	2	1	1	1	1	1	2	1	1	2	1	1	1	1	2	1	2	2	2	2	2	2	1	2	1	2	1	2	2	1	2	2	2	2	1	2	1	1	1	1	1	1	2	1	1	1	2	2	1	1	2	1	2	2	1	2	2	2	2	1	1	1	2	2	2	2	2	1	1	2	1	2	2	1	1	1	2	2	1	1
48	1	1	1	1	1	1	2	1	1	2	1	2	1	1	1	1	2	1	1	1	2	2	1	1	2	1	1	2	1	2	1	1	1	1	2	1	1	2	2	2	2	2	2	1	1	1	1	2	1	1	2	1	1	1	1	1	1	2	2	2	2	2	2	2	2	2	2	1	2	1	1	1	1	2	2	1	2	1	1	1	1	1	1	2	1	1	1	2	1	1	1	2	1	1	1	1	2	2	2	2	1	1	1	2	2	2	2	2	1	1	2	1	2	1	2	1	1	1	1	1	1
48	1	1	1	1	1	1	2	1	1	2	1	2	1	1	1	1	2	1	1	1	2	2	1	2	2	2	1	1	2	2	1	1	1	1	2	1	1	2	2	2	2	2	2	1	1	1	1	2	2	1	2	1	1	1	1	1	1	1	2	1	2	2	2	2	2	1	2	1	2	2	1	2	2	1	1	1	1	1	1	1	1	1	1	2	1	1	1	2	1	2	2	2	1	1	1	1	2	2	2	2	1	2	1	2	2	2	2	2	1	1	2	1	2	1	2	1	1	2	2	1	2
48	1	1	1	2	1	1	1	1	1	2	2	2	1	2	1	2	2	1	2	1	2	1	1	1	2	2	1	2	1	1	1	1	1	1	2	1	2	2	2	2	2	2	2	1	1	2	1	2	2	1	2	1	1	1	1	1	1	2	2	1	2	2	2	2	2	2	2	1	1	2	1	2	2	2	2	2	2	1	2	1	1	1	1	2	1	1	1	1	1	2	2	2	1	1	1	1	2	2	2	2	1	2	1	1	2	2	2	2	1	1	2	1	2	1	2	1	1	1	2	1	1
49	1	1	1	2	1	1	1	1	1	2	2	2	1	2	1	2	1	1	1	1	2	2	1	1	2	2	1	2	1	2	1	1	1	1	2	2	2	2	2	2	2	2	1	1	1	2	1	2	1	2	2	1	1	2	2	1	1	1	2	2	2	2	1	2	2	2	2	1	1	2	1	2	2	2	2	1	2	1	1	1	1	1	1	1	1	1	1	2	1	1	2	2	2	1	2	1	2	2	2	2	1	2	1	2	2	2	2	2	1	2	2	1	2	2	2	1	1	1	2	1	1
49	1	1	1	1	1	1	2	1	1	2	2	2	1	1	1	1	2	1	1	2	2	2	1	1	1	2	2	2	1	2	1	1	1	1	2	1	1	2	2	2	1	2	2	1	1	2	1	2	1	2	2	1	1	1	1	2	1	1	2	1	2	2	2	2	2	1	2	1	1	2	1	1	1	2	2	1	2	1	1	1	1	1	1	2	1	1	1	2	1	2	2	2	2	1	1	1	2	2	2	2	1	2	1	2	2	2	2	2	1	1	1	1	2	1	2	1	1	1	2	1	1
49	1	1	2	2	1	1	2	1	1	2	2	2	1	2	1	1	1	1	1	2	2	1	1	1	2	1	1	2	1	2	1	1	1	1	2	1	2	2	2	2	1	2	2	1	1	2	1	2	1	1	1	1	1	2	2	1	1	1	2	1	2	2	2	2	2	1	2	1	1	2	1	2	2	2	2	1	2	1	1	1	1	1	1	2	1	1	1	2	1	2	1	2	2	1	1	1	2	2	2	2	1	2	1	2	2	2	2	2	1	1	1	1	2	1	2	1	1	1	2	1	1
50	2	1	1	1	1	1	2	1	1	2	2	2	1	1	1	1	1	1	1	2	2	2	1	1	2	1	1	2	1	2	1	1	1	1	2	2	2	2	2	2	1	2	1	1	1	1	1	2	2	1	2	1	1	2	1	1	1	2	2	1	2	2	1	2	2	1	2	1	1	2	1	1	1	2	2	2	2	1	1	1	1	1	1	2	1	1	1	2	1	1	1	2	1	1	1	1	2	2	2	2	1	1	1	2	2	2	2	2	1	1	1	1	2	1	2	1	1	2	2	1	1
50	2	1	1	2	1	1	2	1	1	2	1	2	1	2	1	1	1	1	1	1	2	2	1	1	2	1	1	2	1	1	1	1	1	1	2	1	2	2	2	2	1	2	1	1	1	1	1	2	2	2	2	1	1	1	1	1	1	2	2	1	2	2	1	2	2	1	2	1	2	2	1	1	1	2	2	1	2	1	1	1	1	1	1	2	1	1	1	2	1	1	2	2	1	1	1	1	2	2	1	2	1	2	1	2	2	2	2	2	1	1	1	1	2	2	2	2	1	1	1	1	1
50	1	1	1	1	1	1	2	1	1	1	1	2	1	1	1	1	1	1	1	1	2	2	1	1	2	1	2	2	1	2	1	1	1	1	2	1	2	2	2	2	1	2	2	1	1	2	1	2	2	1	2	1	2	2	1	2	1	2	2	1	2	2	2	2	2	1	2	1	1	2	1	2	2	2	2	1	2	1	1	1	1	1	1	2	1	1	1	2	1	2	1	2	1	1	1	1	2	2	2	2	1	1	1	2	2	2	2	2	1	1	1	1	1	2	2	1	1	1	1	1	1
51	1	1	1	1	1	2	2	1	1	1	2	2	1	1	1	1	1	1	1	1	2	2	1	1	2	2	1	2	1	2	1	1	1	1	2	1	1	2	2	1	1	2	1	1	1	1	1	2	2	1	1	1	1	1	1	1	2	2	2	2	2	2	2	1	2	1	2	1	1	2	1	2	2	2	2	1	2	1	1	1	1	1	1	2	1	1	1	2	1	2	2	2	1	1	1	1	2	2	1	2	1	1	1	1	1	2	2	2	1	1	2	1	2	1	2	1	1	1	1	1	2
51	1	1	1	1	2	1	2	1	1	1	1	2	1	1	1	1	2	1	1	1	2	2	1	1	2	2	1	2	1	2	1	2	1	1	2	1	2	2	2	1	1	2	1	1	1	1	1	2	2	1	1	1	1	1	1	1	2	2	2	1	2	2	2	1	2	1	1	1	1	2	1	2	2	1	1	1	2	1	1	1	1	1	1	2	2	1	1	2	1	2	1	2	1	1	1	1	2	2	1	2	1	1	1	1	2	2	2	2	1	1	2	1	2	1	1	1	1	1	2	1	2
51	1	1	1	2	1	1	2	1	1	1	2	2	1	2	1	1	2	1	1	1	2	2	1	1	2	2	1	2	1	1	1	2	1	1	2	1	2	2	2	1	1	2	1	1	1	1	1	2	2	1	1	1	1	1	1	1	2	2	2	2	2	2	2	1	2	1	1	1	1	2	1	2	2	2	2	1	1	1	1	1	1	1	1	2	1	1	1	1	1	2	1	2	1	1	1	1	2	2	1	2	1	1	1	1	1	2	2	2	1	1	2	1	2	1	1	1	1	1	1	1	1
52	1	1	1	2	1	1	2	1	1	2	2	2	1	1	1	1	1	1	1	1	2	2	1	1	2	2	2	1	1	2	1	2	1	1	2	1	2	2	1	1	1	2	1	1	1	1	1	2	2	1	2	1	1	1	1	1	1	2	2	1	2	2	2	1	2	1	2	1	1	2	1	2	2	2	2	1	2	1	1	1	1	1	1	2	1	1	1	2	1	2	2	2	2	1	1	1	2	2	1	2	1	1	1	1	2	2	2	2	1	1	2	1	2	2	1	1	1	1	2	1	1
52	2	1	1	2	1	2	2	1	1	2	2	1	1	1	1	2	1	1	1	1	2	2	1	1	2	2	2	2	1	2	1	2	1	1	2	1	2	2	1	1	1	2	1	1	1	1	1	2	2	1	2	1	1	1	1	1	1	2	2	1	2	2	1	1	2	2	2	1	1	2	1	1	1	2	2	2	2	1	1	1	1	1	1	2	1	1	1	1	1	2	2	1	2	1	1	1	2	2	2	2	1	1	1	1	2	2	2	2	1	1	2	1	1	2	1	1	1	1	1	1	1
52	1	1	1	2	1	1	2	1	1	2	2	2	1	2	1	1	1	1	1	1	2	2	1	1	2	2	1	2	1	2	1	1	1	1	2	1	2	2	2	2	1	2	1	1	1	1	1	2	2	1	2	1	1	1	1	1	1	2	2	1	2	2	1	2	2	2	2	1	1	2	1	1	1	2	2	1	2	1	1	1	1	1	1	2	1	1	1	2	1	2	2	2	2	1	1	1	2	2	1	2	1	1	1	1	2	2	2	2	1	1	2	1	2	2	2	1	1	1	1	1	1
53	1	1	1	2	1	1	2	1	1	2	2	2	1	2	1	2	2	1	1	1	2	2	1	1	2	2	2	2	1	2	1	2	1	1	2	1	2	2	2	2	1	2	1	1	1	1	1	2	2	1	1	1	2	1	1	1	1	2	2	2	2	2	1	1	2	1	2	1	2	2	1	1	1	2	2	2	2	1	1	1	1	1	1	2	1	1	1	2	1	1	2	2	2	1	1	1	2	1	2	2	1	1	1	1	2	2	2	2	1	1	2	1	2	1	1	1	1	1	2	1	1
53	1	1	1	2	1	1	2	1	1	2	2	2	1	1	1	2	2	1	1	2	2	2	1	1	2	2	2	2	1	2	1	2	1	1	2	1	2	2	2	2	1	2	1	1	1	2	1	1	2	1	2	1	1	1	1	1	2	1	2	2	2	2	1	2	2	1	2	1	1	2	1	1	1	2	2	2	2	1	1	1	1	1	1	2	1	1	1	2	1	2	1	1	2	2	1	1	2	2	2	2	1	1	1	1	2	2	2	2	1	1	2	1	2	1	1	1	1	1	1	1	2
53	1	1	1	1	1	1	2	1	1	2	2	2	1	2	1	1	2	1	1	1	2	2	1	1	2	2	2	2	2	2	2	2	1	1	2	1	2	2	2	2	1	2	2	1	1	1	1	2	2	1	1	1	1	1	1	1	1	2	2	2	2	2	2	1	2	1	2	1	2	2	1	2	2	1	1	1	2	1	1	1	1	1	1	1	1	1	1	2	1	2	2	2	2	2	1	1	2	2	2	2	1	1	1	2	2	2	2	2	1	1	2	1	2	1	1	1	1	1	1	1	2
54	1	1	1	2	1	1	2	1	1	2	1	2	1	2	1	2	2	1	1	1	2	2	1	1	2	2	2	2	1	2	1	1	1	1	2	1	1	1	2	2	1	2	1	1	1	2	1	2	2	1	2	1	1	1	1	1	1	2	2	2	2	2	2	1	2	1	2	1	1	2	1	2	2	1	1	1	2	1	1	1	1	1	1	2	1	2	1	2	1	2	1	2	2	2	1	1	2	2	2	2	1	2	1	2	2	2	2	2	1	1	1	2	2	1	2	1	1	1	2	1	1
54	1	1	1	2	1	1	2	1	1	2	2	2	1	2	1	2	1	1	1	1	2	2	1	1	2	1	2	2	1	2	1	1	1	1	2	1	1	2	2	2	1	2	2	1	1	2	1	2	2	1	2	1	2	1	1	1	1	2	2	1	2	2	2	2	2	1	2	1	1	2	1	2	2	1	1	2	2	1	1	1	1	1	1	2	1	1	1	1	1	1	2	2	1	1	1	1	2	2	2	2	1	2	1	1	2	2	2	2	1	1	2	1	2	1	2	1	1	2	2	1	2
54	1	1	1	2	1	1	2	1	1	1	2	2	1	2	1	2	2	1	1	2	2	2	1	1	1	1	1	2	1	2	1	2	1	1	2	1	2	2	2	2	1	2	1	1	1	1	1	1	1	1	2	1	1	1	1	1	1	2	2	2	2	2	1	1	2	1	2	1	2	2	1	2	2	1	1	1	2	1	1	1	1	1	1	2	1	1	1	1	1	2	1	2	2	2	1	1	2	2	1	2	1	1	1	1	2	2	2	2	1	1	2	1	2	1	2	1	1	2	1	1	1
55	1	1	1	2	1	1	2	1	1	2	1	2	2	2	1	2	2	1	1	1	2	2	1	1	2	2	2	2	1	2	1	2	1	1	2	1	2	2	1	2	2	2	1	1	1	1	1	2	1	1	2	1	1	1	1	1	1	1	2	2	2	2	2	1	2	1	2	1	1	2	1	2	2	1	1	2	2	1	1	1	1	1	1	2	1	1	1	2	1	1	1	1	2	2	1	1	2	2	2	2	1	1	1	1	2	2	2	2	1	1	2	1	2	2	1	1	1	1	1	1	2
55	2	1	1	2	1	2	2	1	1	2	2	2	1	1	1	1	2	1	1	2	2	1	1	1	2	1	1	2	1	2	1	2	1	1	2	1	2	2	2	2	1	2	1	1	1	1	1	2	2	1	2	1	1	1	1	1	1	1	2	2	2	2	2	2	2	1	2	1	1	2	1	2	2	2	2	1	2	1	2	1	1	1	1	2	1	1	1	1	1	1	2	2	2	1	1	1	2	2	2	2	1	1	1	1	2	2	2	2	1	1	2	1	2	1	1	1	1	1	2	1	1
55	1	1	1	2	1	1	2	1	1	2	2	2	1	2	1	2	2	1	1	1	2	2	1	1	2	2	2	2	1	2	1	2	1	1	2	1	2	2	2	2	1	2	1	1	1	1	1	2	2	1	2	1	1	1	1	1	1	2	2	2	2	2	2	1	2	1	2	1	1	2	1	2	2	2	2	1	1	1	1	1	1	1	1	1	1	1	1	1	1	2	2	2	2	2	1	1	2	2	2	2	1	2	1	2	2	2	2	2	1	1	2	1	1	1	1	1	1	1	1	2	1
56	1	1	1	2	1	1	2	1	1	2	1	2	1	2	1	2	2	1	1	1	2	2	1	1	2	2	2	2	1	2	1	2	1	1	2	1	2	2	2	2	1	2	1	1	1	2	1	2	1	1	1	1	1	2	2	1	1	2	2	2	2	2	2	2	2	1	2	1	1	1	1	2	2	1	1	2	2	1	1	1	1	1	1	2	1	1	1	2	1	2	2	2	2	1	1	1	2	2	2	2	1	1	1	2	2	2	2	1	1	1	2	1	2	1	1	1	1	1	1	1	1
56	1	1	1	2	1	1	2	1	1	2	1	2	1	2	1	1	2	1	1	1	2	2	1	1	2	2	2	2	2	2	2	2	1	1	2	1	2	2	2	2	1	2	2	1	1	1	1	2	1	1	1	1	1	1	1	1	1	2	2	1	2	2	2	1	2	1	2	1	2	1	1	1	1	2	2	1	2	1	1	1	1	1	1	2	1	1	1	2	1	2	2	2	1	1	1	1	2	1	2	2	1	1	1	1	2	2	2	2	1	1	2	1	1	1	2	1	1	1	2	1	1
56	1	1	2	2	1	1	2	1	1	2	2	2	1	2	1	1	1	1	2	1	2	2	1	1	2	2	2	2	1	2	1	1	1	1	2	1	1	1	2	2	1	2	1	1	1	2	1	2	1	1	1	1	2	1	1	1	1	2	2	2	2	2	2	2	2	2	2	1	2	1	1	2	2	2	2	1	2	1	1	1	1	1	1	2	1	1	1	2	1	2	2	2	2	2	1	1	2	2	2	2	1	1	1	2	2	2	2	2	1	1	2	1	2	1	2	1	1	1	2	1	1
57	1	1	2	2	2	2	1	1	1	2	2	2	1	1	1	1	2	1	1	2	2	2	1	1	2	1	2	2	1	2	1	1	1	1	2	1	1	2	2	2	1	2	2	1	1	2	1	2	2	1	1	1	1	1	1	2	2	1	2	1	2	2	2	1	2	2	2	1	1	2	1	2	2	2	2	1	2	2	2	1	1	1	1	2	1	1	1	2	1	1	2	2	1	1	1	1	2	2	2	2	1	2	2	1	2	2	2	1	1	1	2	2	2	1	1	1	1	2	2	1	1
57	2	1	1	2	2	1	2	1	1	2	2	2	1	2	1	2	1	1	1	1	2	2	1	1	2	1	1	2	1	2	1	2	1	1	2	1	2	2	2	2	1	2	1	1	1	1	1	2	2	1	1	1	1	1	1	2	2	1	2	1	2	2	2	2	2	1	2	1	1	2	1	1	1	2	2	2	2	2	1	1	1	1	1	2	1	1	1	2	1	2	1	2	1	2	1	1	2	2	2	2	1	2	1	1	1	2	2	1	1	1	2	2	1	1	1	1	1	1	1	1	1
57	2	1	1	1	1	1	2	1	1	2	2	2	1	1	1	1	2	1	1	1	2	2	1	1	2	2	2	2	1	2	1	2	1	1	2	1	2	2	2	2	2	2	1	1	1	1	1	2	2	1	2	1	1	1	1	1	1	2	2	2	2	2	1	2	2	1	2	1	2	2	1	1	1	2	2	1	2	2	1	1	1	1	1	2	1	1	1	2	1	2	1	2	1	1	1	1	2	2	2	2	1	2	1	2	2	2	2	1	1	1	2	1	2	1	1	1	1	1	1	2	1
58	1	1	1	1	1	1	1	1	1	2	1	2	1	1	1	1	2	1	1	1	2	2	1	1	1	1	1	2	1	2	1	2	1	1	2	1	2	2	2	2	1	2	1	1	1	1	1	1	2	1	1	1	1	2	2	1	1	1	2	2	2	2	2	1	2	1	2	1	2	1	1	2	2	2	2	1	2	2	2	1	1	1	1	2	1	1	1	2	1	2	1	2	1	2	1	1	2	2	2	2	1	1	1	1	2	2	2	1	1	1	2	1	1	1	2	1	1	1	1	1	1
58	1	1	1	1	1	1	1	1	1	2	1	2	1	1	1	1	2	1	1	1	2	2	1	1	2	1	1	2	1	1	1	1	1	1	2	2	1	2	2	2	1	2	2	1	1	1	1	1	2	1	1	1	1	2	2	1	1	1	2	2	2	2	2	2	2	1	2	1	2	1	1	2	2	2	2	1	2	2	2	1	1	1	1	2	1	1	1	2	1	2	1	2	1	2	1	1	2	2	2	2	1	1	1	1	2	2	2	1	1	1	2	1	1	1	1	1	1	1	1	1	1
58	1	1	1	1	1	1	2	1	1	2	1	2	1	1	1	1	2	1	1	1	2	2	1	1	2	1	1	2	1	2	1	1	1	1	2	2	1	2	2	2	1	2	2	1	1	1	1	1	2	1	1	1	1	2	2	1	1	1	2	2	2	2	2	2	2	1	2	1	2	1	1	1	1	2	2	1	2	2	2	1	1	1	1	2	1	1	1	2	1	1	1	2	1	2	1	1	2	2	2	2	1	1	1	1	2	2	2	1	1	1	2	1	1	1	2	1	1	2	2	1	1
59	1	1	1	2	1	1	2	1	1	2	1	2	1	1	1	1	1	1	1	1	2	2	1	1	2	1	1	2	1	2	1	2	1	1	2	1	2	2	2	1	1	2	1	1	1	2	1	2	2	1	1	1	1	2	2	1	1	1	2	1	2	2	1	2	2	2	1	2	2	2	1	2	2	2	2	1	2	1	2	1	1	1	1	1	1	1	1	2	1	1	1	2	2	1	1	1	2	2	2	2	1	2	1	2	2	2	2	2	1	1	2	1	2	1	2	1	1	2	2	1	1
59	1	1	1	1	1	1	2	1	1	1	2	2	1	1	1	1	2	1	1	1	2	2	1	1	2	1	2	2	1	2	2	2	1	1	2	1	2	2	2	1	1	2	2	1	1	1	1	2	1	1	1	1	1	2	2	1	1	2	2	2	2	2	2	1	2	1	2	2	2	1	1	2	2	1	1	1	2	2	2	1	1	1	1	2	1	1	1	2	1	2	1	2	1	1	1	1	2	2	2	2	2	1	1	2	2	2	2	2	1	1	2	1	2	1	2	1	1	2	2	1	1
59	1	1	1	2	1	2	2	1	1	2	2	2	1	1	1	1	1	1	1	1	1	1	1	1	1	1	2	2	1	2	2	2	1	1	2	1	1	2	2	2	2	2	2	1	1	1	1	2	2	1	1	1	1	2	1	1	1	1	2	2	2	2	2	2	2	1	2	1	1	2	1	2	2	2	2	2	2	1	1	1	1	1	1	2	1	1	1	2	1	1	2	2	2	2	1	1	2	2	1	2	1	2	1	2	2	2	2	2	1	1	2	1	2	2	2	1	1	2	2	1	1
60	1	1	1	1	1	1	2	1	1	2	2	2	1	1	1	1	1	1	1	1	2	1	1	1	2	2	2	2	1	2	1	2	1	1	2	1	2	2	1	1	1	2	2	1	1	1	1	2	1	1	2	1	1	1	2	1	1	1	2	2	2	2	1	2	2	1	1	1	2	1	1	2	2	1	1	2	1	1	1	1	1	1	1	2	1	1	1	2	1	2	1	2	2	1	2	1	2	2	2	2	1	1	1	2	1	2	2	2	1	1	1	1	2	1	2	1	1	1	1	1	1
60	1	1	1	2	2	2	2	1	1	2	2	2	1	1	1	1	1	1	1	1	1	2	1	1	2	2	2	2	1	2	1	1	1	1	2	1	2	2	2	2	1	2	1	1	1	2	1	2	2	1	2	1	1	1	1	1	1	2	2	1	2	2	2	2	2	1	2	1	2	1	1	2	2	1	1	1	2	1	1	1	1	1	1	2	1	1	1	2	1	2	2	2	1	1	1	1	2	2	2	2	1	1	1	2	2	2	2	2	1	1	2	1	2	1	2	1	1	1	2	1	1
60	1	1	1	2	1	2	2	1	1	2	2	2	1	1	1	1	1	1	1	1	2	1	1	1	2	1	2	2	1	2	1	2	1	1	2	1	1	2	2	2	1	2	2	1	1	2	1	1	1	1	2	1	1	1	1	1	1	2	1	1	2	2	2	2	2	2	2	2	1	2	1	2	2	1	1	2	2	1	1	1	1	1	1	2	1	1	1	2	1	2	2	2	1	2	1	1	2	2	2	2	1	1	1	2	2	2	2	2	1	1	2	1	2	1	2	1	1	1	2	1	1
61	1	1	1	1	1	2	2	1	1	2	1	2	1	1	1	2	2	1	1	1	2	1	1	1	1	1	1	2	1	2	2	1	1	1	2	1	2	1	2	2	2	2	2	1	1	1	1	1	2	1	2	2	1	1	1	1	1	2	2	2	2	2	1	2	2	1	2	1	2	2	1	1	2	2	2	1	2	1	1	1	1	1	1	2	1	1	1	2	1	2	2	2	1	2	1	1	2	2	2	2	1	2	1	2	2	2	1	1	1	1	2	1	2	1	2	1	1	1	2	1	1
61	1	1	1	2	1	2	2	1	1	1	2	2	1	1	1	1	1	1	1	1	2	1	1	1	1	1	1	2	1	2	2	1	1	1	2	1	2	1	1	2	2	2	1	1	1	1	1	1	2	1	2	1	1	1	1	1	1	2	2	1	2	2	1	1	2	1	1	1	1	2	1	2	2	2	2	1	2	1	1	1	1	1	1	2	1	1	1	2	1	1	2	2	1	2	1	1	2	2	2	2	1	1	1	1	2	2	1	1	1	1	2	1	2	1	2	1	1	1	1	1	1
61	1	1	1	1	1	1	2	1	1	2	2	2	1	1	1	1	1	1	2	1	2	1	1	1	2	1	1	2	1	2	2	1	1	1	2	1	2	1	2	2	1	2	1	1	1	1	1	1	2	1	1	2	1	1	1	1	1	2	2	1	2	2	1	1	2	1	2	1	2	2	1	2	2	2	2	1	2	2	2	1	1	1	1	2	1	1	1	2	1	2	2	2	1	2	1	1	2	2	1	2	1	1	1	1	2	2	2	1	1	1	2	1	2	1	1	1	2	1	2	1	1
62	1	1	1	1	1	1	1	1	1	2	1	2	1	1	1	1	1	1	1	1	2	2	1	1	2	2	1	2	1	2	1	1	1	1	2	1	1	1	2	2	2	2	1	1	1	1	1	2	2	1	1	1	1	1	1	2	1	1	2	1	2	2	1	1	2	1	2	2	2	2	1	1	1	2	2	1	2	1	2	1	1	1	1	2	1	1	1	1	1	1	2	2	1	1	1	1	2	2	2	2	1	1	1	1	2	2	2	2	1	1	1	1	2	2	2	1	1	1	2	1	1
62	1	1	1	1	1	1	2	1	1	1	1	2	2	1	1	1	1	1	1	1	2	2	1	1	1	1	1	2	1	2	1	2	1	1	2	1	1	1	2	2	2	2	2	1	1	2	1	2	2	1	2	1	1	1	1	1	1	1	2	1	2	2	1	1	2	2	2	1	2	1	1	1	1	2	2	1	2	1	1	1	1	1	1	1	1	1	1	1	1	1	2	2	2	1	1	2	2	2	2	2	1	2	1	2	2	2	2	2	1	1	1	1	2	1	2	1	1	1	2	1	1
62	2	1	1	1	1	2	2	1	1	2	1	2	1	2	1	1	1	1	1	1	2	2	1	1	2	2	1	2	1	2	2	2	1	1	2	1	2	2	2	2	2	2	1	1	1	1	1	1	2	1	2	1	1	1	1	1	1	1	2	1	2	2	1	1	2	2	2	1	2	1	1	2	2	1	1	1	2	1	1	1	1	1	1	1	1	1	1	2	1	2	2	2	2	1	1	1	2	2	2	2	1	1	1	2	2	2	2	2	1	1	2	1	2	2	2	1	1	1	2	1	1
63	1	2	1	1	1	2	2	1	1	1	1	2	1	1	1	1	2	1	1	1	2	2	2	1	2	2	1	2	1	2	1	1	1	1	2	1	1	2	2	2	2	2	1	1	1	1	1	2	2	1	1	1	1	1	1	1	2	1	2	1	2	2	1	1	2	1	2	1	2	1	1	2	2	2	2	1	2	2	2	1	1	1	1	1	1	1	1	1	1	2	2	2	1	1	1	1	2	2	2	2	1	1	1	1	2	2	2	2	1	1	2	1	1	2	2	1	1	1	2	1	1
63	2	1	1	2	1	2	2	1	1	2	2	2	1	1	1	1	1	1	1	1	2	2	2	1	2	1	1	2	1	2	1	1	1	1	2	1	2	2	2	2	1	2	1	1	2	1	1	2	2	1	1	1	1	1	1	1	2	2	2	1	2	2	2	2	2	2	2	1	1	2	1	1	1	2	2	1	2	1	1	1	1	1	1	2	1	1	1	1	1	1	1	2	1	1	1	1	2	2	2	2	1	1	1	2	2	2	1	1	1	1	2	1	2	1	2	1	2	1	2	1	1
63	2	2	1	1	1	2	2	1	1	2	2	2	1	1	1	1	2	1	1	1	2	2	1	1	2	2	1	2	1	2	2	2	1	1	2	1	1	1	1	2	2	2	1	1	2	2	1	2	2	1	2	1	1	1	1	1	1	1	2	1	2	2	2	2	2	1	2	1	2	1	1	1	1	2	2	1	2	1	1	1	1	1	1	1	1	1	1	2	1	1	2	2	1	2	1	1	2	2	2	2	1	1	1	1	2	2	2	2	1	1	2	1	2	1	2	1	1	1	2	1	1
64	1	2	1	2	1	2	2	1	1	2	2	2	1	1	1	1	2	1	1	2	2	2	1	1	2	2	2	2	1	2	1	1	1	1	2	2	1	2	2	2	1	2	1	1	1	1	1	2	2	1	2	1	1	1	1	1	1	2	2	1	2	2	2	1	2	2	2	1	2	2	1	2	2	2	2	1	2	2	2	1	1	1	1	2	1	1	1	2	1	2	2	2	2	1	1	2	2	2	2	2	1	2	1	1	2	2	2	2	1	1	1	1	2	2	1	1	1	1	1	1	1
64	2	2	1	1	1	1	2	1	1	2	2	2	1	1	1	1	1	1	1	1	2	2	1	1	2	2	2	2	1	2	2	1	1	1	2	1	1	2	2	2	1	2	1	1	1	1	1	2	2	1	1	1	1	2	2	1	1	2	2	1	2	2	2	1	2	2	2	1	2	1	1	2	2	2	2	1	2	1	1	1	1	1	1	2	1	1	1	2	1	2	2	2	2	1	1	1	2	2	2	2	1	1	1	2	2	2	2	2	1	1	2	1	2	2	1	1	1	1	1	1	1
64	1	2	1	1	1	2	2	1	1	2	1	2	1	1	1	1	1	1	1	1	2	2	1	1	2	2	1	2	1	2	1	2	1	1	2	1	2	2	1	2	1	2	1	1	1	1	1	2	2	1	2	1	1	1	1	1	1	2	2	1	2	2	2	1	2	1	2	1	1	2	1	1	1	2	2	1	2	1	1	1	1	1	1	2	1	1	1	2	1	2	2	2	1	1	1	1	2	2	2	2	1	1	1	1	2	2	2	2	1	1	2	1	1	2	1	1	1	1	1	1	1
65	2	1	1	2	1	1	2	1	1	2	2	1	2	2	1	1	1	1	1	1	2	2	1	1	2	2	2	2	1	2	1	2	1	1	2	1	2	2	2	2	1	2	1	1	1	1	1	2	2	1	2	1	1	1	1	1	1	2	2	2	2	2	1	2	2	1	2	1	1	2	1	2	2	1	1	1	2	1	1	1	1	1	1	2	1	1	1	2	1	2	2	1	2	2	1	1	2	2	2	2	1	1	1	2	2	2	2	1	1	1	2	1	2	1	1	1	1	1	1	1	2
65	2	2	1	2	1	1	1	1	1	1	2	2	1	2	1	1	2	1	1	1	2	2	1	1	2	2	1	2	1	2	1	2	1	1	2	1	1	2	2	2	1	2	2	1	1	1	1	1	2	1	2	1	1	1	1	2	1	2	2	2	2	2	2	2	2	2	1	1	1	2	1	1	1	2	2	1	2	1	1	1	1	1	1	2	1	1	1	2	1	2	2	2	1	2	1	1	2	2	2	2	1	1	1	1	2	2	1	2	1	1	2	1	2	2	1	1	1	1	2	1	1
65	2	1	1	2	1	1	2	1	1	2	1	2	1	1	1	1	1	1	1	1	2	2	1	1	2	2	1	2	1	2	1	2	1	1	2	1	2	2	2	2	2	2	2	1	1	2	1	2	2	1	2	1	1	1	1	1	1	2	2	2	2	2	2	1	2	1	2	1	1	2	1	2	2	2	2	1	2	1	1	1	1	1	1	1	1	1	1	2	1	2	1	2	2	2	1	1	2	2	2	2	1	1	1	1	2	2	2	2	1	1	2	1	2	1	1	1	1	1	2	1	1
66	1	1	1	2	1	1	2	1	1	1	1	2	1	1	1	2	1	1	1	1	2	2	1	1	2	2	2	2	1	2	1	1	1	1	2	1	2	1	2	2	2	2	1	1	1	1	1	2	2	1	2	1	1	2	2	1	1	2	2	1	2	2	2	2	2	1	2	1	1	2	1	1	2	1	1	2	2	1	1	1	1	1	1	2	1	1	1	2	1	1	2	2	2	1	1	1	2	2	2	2	1	1	1	2	2	2	2	2	1	1	2	1	2	2	2	1	1	1	2	2	1
66	1	1	1	1	1	1	2	1	1	2	2	2	2	1	1	1	1	1	1	1	2	2	1	1	1	2	2	2	1	2	1	1	1	1	2	1	1	2	2	2	1	2	1	1	1	1	1	1	2	1	2	2	2	1	1	1	1	1	2	1	2	2	1	2	2	1	2	1	2	2	1	2	2	1	1	1	2	1	1	1	1	1	1	2	1	1	1	2	1	2	2	2	1	2	1	1	2	2	2	2	1	1	1	2	2	2	2	2	1	1	2	1	2	1	2	1	1	1	1	1	1
66	2	1	1	1	1	1	2	1	1	1	1	2	1	1	1	1	2	1	1	1	2	2	1	1	2	1	1	2	1	2	2	1	1	1	2	1	2	2	2	2	1	2	1	1	1	1	1	2	2	1	2	1	1	1	1	1	1	1	2	1	2	2	2	2	2	1	2	1	2	2	1	2	2	2	2	2	2	1	1	1	1	1	1	2	1	1	1	2	1	2	2	2	2	1	2	1	2	2	1	2	1	1	1	1	2	2	2	2	1	1	2	1	2	1	2	1	1	1	2	1	1
67	1	1	1	2	1	1	1	1	1	2	2	2	1	1	1	1	1	1	1	1	2	2	1	1	2	2	2	2	1	2	2	1	1	1	2	1	2	1	2	2	1	2	2	1	1	1	1	2	2	1	2	2	2	2	2	1	1	2	2	1	2	2	1	2	2	1	2	1	1	2	1	1	1	2	2	2	2	2	2	1	1	1	1	1	1	1	1	2	1	2	1	1	1	2	1	1	2	2	2	2	1	1	1	1	2	2	2	2	1	1	2	1	2	1	1	1	1	1	1	1	1
67	1	1	2	1	1	1	1	1	1	1	1	2	1	1	1	1	2	1	1	1	2	1	1	1	2	2	1	2	1	2	1	1	1	1	2	1	2	2	2	2	2	2	1	1	1	1	1	2	1	1	1	1	2	1	1	2	1	2	2	2	2	2	2	2	2	2	2	1	2	1	1	1	1	1	2	1	2	2	1	2	2	2	1	1	1	1	1	2	1	2	2	2	2	1	1	1	2	2	2	2	1	1	1	2	2	2	2	2	1	1	2	1	2	2	2	1	2	2	2	1	1
67	1	1	1	1	1	1	2	1	1	1	1	2	1	1	1	1	2	1	1	1	2	2	1	1	2	2	2	1	1	2	1	2	1	1	2	1	2	2	2	2	1	2	1	1	1	1	1	2	1	1	2	1	1	1	1	1	1	1	2	1	2	2	2	2	2	1	2	1	2	2	1	1	1	2	2	1	2	2	1	1	1	1	1	2	1	1	1	2	1	2	2	2	1	1	1	1	2	2	2	2	1	1	1	1	2	2	2	2	1	1	2	1	1	1	2	1	1	1	2	1	1
68	2	1	1	1	1	2	2	1	1	2	2	2	1	1	1	1	2	1	1	1	2	2	1	1	2	2	1	2	1	2	1	1	1	1	2	1	2	1	2	2	1	2	1	1	1	1	1	2	1	2	2	1	1	2	2	2	1	2	2	2	2	2	2	1	2	1	2	1	2	2	1	2	2	2	2	1	2	1	1	1	1	1	1	2	1	1	1	1	1	1	2	1	2	1	1	1	2	2	2	2	1	1	1	1	2	2	2	2	1	1	2	1	2	1	2	1	1	2	2	1	1
68	1	1	1	2	1	1	2	1	1	2	2	2	1	2	1	1	2	1	1	1	2	2	1	1	2	1	1	2	1	2	1	1	1	1	2	1	2	1	2	2	1	2	1	1	1	1	1	2	2	1	2	1	2	1	1	1	1	2	2	2	2	2	2	1	2	1	2	1	2	1	1	1	1	2	2	1	2	1	1	1	1	1	1	2	1	1	1	2	1	2	2	2	2	1	2	1	2	2	2	2	1	1	1	1	2	2	2	2	1	1	2	1	2	1	2	1	1	2	2	1	1
68	1	1	1	2	1	1	2	1	1	2	1	2	1	2	1	1	2	1	2	1	2	1	1	1	1	1	1	2	1	1	1	1	1	1	2	1	2	1	2	2	1	2	1	1	1	2	1	2	2	2	2	1	2	2	2	2	1	2	2	2	2	2	2	1	2	1	2	1	2	1	1	2	2	2	2	1	2	1	1	1	1	1	1	2	1	1	1	1	1	2	1	2	1	1	2	1	2	2	2	2	1	1	1	1	2	2	2	2	1	1	2	1	2	1	2	1	1	2	1	1	1
69	1	1	1	1	1	1	2	1	1	2	2	2	1	1	1	1	1	1	1	2	2	2	1	1	2	1	1	2	1	2	1	1	1	1	2	2	2	2	1	2	2	2	1	1	1	1	1	2	1	1	2	1	1	1	1	2	1	1	2	1	2	2	1	2	2	2	2	1	1	2	1	1	1	2	2	1	2	2	2	1	1	1	1	2	1	1	1	2	1	2	1	2	1	2	1	1	2	2	2	2	1	1	1	1	2	2	2	2	1	1	2	1	2	1	1	1	1	1	2	2	1
69	1	1	1	1	1	2	2	1	1	1	1	2	1	1	1	1	2	1	1	1	1	2	1	1	1	1	2	2	1	2	1	1	1	1	2	1	2	2	1	1	1	2	1	1	1	1	1	2	2	1	2	1	1	1	1	1	1	1	2	2	2	2	1	2	2	2	1	1	1	2	1	2	2	1	1	1	2	2	2	1	1	1	1	2	1	1	1	2	1	1	1	2	1	1	2	1	2	2	2	2	1	1	1	2	2	2	2	2	1	1	2	1	2	1	2	1	1	1	1	2	1
69	1	1	1	1	1	2	2	1	1	2	1	2	1	1	1	1	1	1	2	1	2	2	1	1	2	2	2	2	1	2	1	1	1	1	2	2	2	2	1	1	1	2	1	1	1	1	1	2	1	1	2	1	1	1	1	2	1	1	2	2	2	2	2	2	2	1	2	1	2	1	1	2	2	2	2	1	2	1	1	1	1	1	1	2	1	1	1	2	1	2	1	2	1	1	1	1	2	2	2	2	1	1	1	2	2	2	2	2	1	1	2	2	2	1	2	1	1	1	1	1	1
70	1	1	1	1	1	2	2	1	1	1	1	2	1	1	1	1	1	1	1	1	1	1	1	1	1	1	1	2	1	2	2	1	1	1	2	1	2	1	2	1	1	2	2	1	1	1	1	1	2	1	1	2	1	2	1	1	1	2	2	1	2	2	2	2	2	1	2	1	1	2	1	2	2	2	2	1	2	1	1	1	1	1	1	2	1	1	1	2	1	2	2	2	1	2	1	1	2	2	2	2	1	1	1	2	2	2	2	1	1	1	2	1	2	2	2	1	1	1	2	1	1
70	2	1	1	1	1	2	1	1	1	1	1	2	1	1	1	1	2	1	1	1	2	2	1	1	2	1	2	2	1	2	1	1	1	1	2	1	2	2	1	2	2	2	2	1	1	1	1	2	2	1	2	1	1	2	2	1	2	2	2	1	2	2	2	2	2	1	2	1	2	2	1	2	2	2	2	2	2	1	2	1	1	1	1	2	1	2	2	2	1	2	1	2	2	2	1	1	2	2	2	2	1	1	1	2	2	2	1	2	1	1	2	1	2	2	2	1	1	1	1	1	1
70	2	1	1	2	1	2	2	1	1	1	1	2	1	2	1	1	1	2	1	1	2	1	1	1	2	1	2	1	1	2	1	1	1	1	2	1	1	1	1	2	2	2	1	1	1	1	1	2	2	1	2	1	1	1	1	2	2	2	2	1	2	2	1	2	2	1	2	1	2	2	1	1	1	2	2	1	2	1	1	1	1	1	1	2	1	1	1	1	1	2	1	2	2	1	1	1	2	2	2	2	1	1	1	2	2	2	2	2	1	1	2	1	2	1	2	1	1	1	2	1	1
71	1	1	1	2	1	2	2	1	1	1	1	1	1	1	1	1	1	2	1	1	2	2	1	1	2	2	1	1	1	2	2	2	1	1	2	1	1	2	2	2	2	2	1	1	1	2	1	2	2	1	2	1	1	1	1	1	1	1	2	1	2	2	2	1	2	1	2	1	2	2	1	1	1	2	2	1	2	1	1	1	1	1	1	1	1	1	1	1	1	2	1	1	1	1	1	1	2	2	2	2	1	1	1	1	2	2	2	2	1	1	2	1	1	1	2	1	2	1	2	1	1
71	1	1	1	1	1	2	2	1	1	1	2	2	1	1	1	1	1	1	1	1	2	2	1	1	2	1	1	1	1	2	1	1	1	1	2	1	2	2	2	1	1	2	1	1	1	2	1	1	2	1	1	1	1	1	1	1	2	1	2	1	2	2	2	1	2	1	2	1	1	2	2	1	1	2	2	1	2	1	1	1	1	1	1	2	1	1	1	1	1	1	1	1	1	1	1	1	2	2	1	2	1	1	1	1	2	2	2	2	1	1	2	1	2	1	2	1	1	1	2	1	1
71	1	1	1	1	1	2	2	1	1	2	2	2	2	1	1	1	1	1	1	1	2	2	1	1	2	2	1	2	1	2	2	1	1	1	2	1	1	2	2	2	2	2	2	1	1	2	1	1	2	1	2	1	1	1	1	2	2	1	2	1	2	2	2	1	2	1	2	1	1	2	1	2	2	2	2	1	2	1	1	1	1	1	1	1	1	1	1	1	1	2	2	2	2	1	1	1	2	2	2	2	1	1	1	2	2	2	2	2	1	1	2	1	1	1	2	1	1	1	2	1	1
72	1	1	1	1	1	1	1	1	1	1	2	2	1	1	1	1	2	1	1	1	2	2	1	1	2	2	1	2	1	2	1	1	1	1	2	1	1	2	2	2	1	2	1	1	1	2	1	1	1	1	2	1	2	1	1	1	1	1	2	2	2	2	1	1	2	1	2	1	2	2	1	2	2	1	1	1	2	1	1	1	1	1	1	2	1	1	1	2	1	1	1	2	1	1	1	1	2	2	2	2	1	1	1	1	2	2	1	2	1	1	2	1	2	1	2	1	1	2	1	1	1
72	1	1	1	1	1	1	1	1	1	1	2	2	1	1	1	1	2	1	1	1	2	2	1	1	1	2	1	2	1	2	1	1	1	1	2	1	2	2	2	2	1	2	1	1	1	1	1	2	1	1	1	1	1	1	1	1	1	2	2	1	2	2	2	2	2	1	2	1	1	2	1	2	2	2	2	1	2	2	2	1	1	1	1	2	1	1	1	2	1	2	2	2	1	1	1	1	2	2	1	2	1	1	1	1	2	2	2	2	1	1	2	1	2	2	2	1	1	2	2	1	2
72	1	1	1	1	1	1	2	1	1	1	1	1	1	1	1	1	2	1	1	1	2	2	1	1	1	1	1	2	1	2	1	2	1	1	2	1	1	2	2	2	1	2	1	1	1	1	1	2	1	1	2	1	1	1	1	1	1	2	2	2	2	2	2	1	2	1	2	1	2	2	2	2	2	1	1	1	2	1	1	1	1	1	1	2	1	1	1	2	1	1	2	1	1	1	1	1	2	2	1	2	1	1	1	1	2	2	2	2	1	1	2	1	2	2	1	1	1	2	1	1	1
73	1	1	1	2	1	2	2	1	1	1	2	2	1	1	1	1	1	1	1	1	2	2	1	1	2	2	1	2	1	2	1	2	1	1	2	1	2	2	2	2	1	2	1	1	1	1	1	2	2	1	1	1	1	1	1	1	1	1	2	1	2	2	2	2	2	1	2	1	2	1	1	2	2	2	2	2	2	2	2	1	1	1	1	2	1	1	1	2	2	2	2	2	2	2	1	1	2	2	2	2	1	1	1	1	2	2	2	2	1	1	1	1	2	1	2	1	1	1	1	1	1
73	1	1	1	1	1	2	2	1	1	1	2	2	2	1	1	1	1	1	1	1	2	2	1	1	2	1	1	2	1	2	1	1	1	1	2	1	2	1	2	2	1	2	1	1	1	1	1	2	2	1	2	1	1	1	1	2	1	1	2	1	2	2	1	2	2	1	2	1	2	1	1	2	2	2	2	2	1	1	1	1	1	1	1	2	1	1	1	2	1	2	2	1	2	1	1	1	2	2	2	2	1	1	1	1	2	2	1	2	1	1	1	1	2	1	2	1	1	1	2	1	1
73	2	1	1	2	1	1	2	1	1	1	2	2	1	1	1	1	2	1	1	1	2	2	1	1	1	1	1	2	1	2	1	1	1	1	2	1	2	2	2	2	1	2	2	1	1	1	1	2	2	1	1	1	1	1	1	2	1	1	2	1	2	2	2	2	2	2	2	1	2	1	1	2	2	2	2	1	2	1	1	1	1	1	1	2	1	1	1	2	2	2	1	2	2	1	1	1	2	2	2	2	1	1	1	1	2	2	2	2	1	1	1	1	2	1	1	1	2	1	2	1	1
74	1	1	1	2	1	1	2	1	1	2	1	2	1	1	1	1	1	1	1	1	2	1	1	1	1	1	1	2	1	2	1	2	1	1	2	1	1	2	1	2	1	2	1	1	1	1	1	2	1	1	1	1	1	1	1	2	1	1	2	1	2	2	2	1	2	1	2	1	2	1	1	1	1	2	2	1	2	1	1	1	1	1	1	2	1	1	1	1	1	2	2	2	2	1	1	1	2	2	2	2	1	2	1	1	2	2	2	2	1	1	2	1	2	1	2	1	1	1	2	1	1
74	1	1	1	1	1	1	2	1	1	2	1	2	1	1	1	1	2	1	1	1	2	1	1	1	1	1	2	1	1	2	1	1	1	1	2	1	1	1	1	2	1	2	1	1	1	1	1	2	1	1	1	1	1	1	1	1	1	1	2	1	2	2	1	1	2	1	2	1	2	1	1	1	1	2	2	1	2	1	1	1	1	1	1	2	1	1	1	2	1	2	2	2	2	1	1	1	2	2	1	2	1	1	1	1	2	2	2	2	1	1	2	1	2	1	2	1	1	1	2	1	1
74	1	1	1	1	1	1	2	1	1	2	2	2	1	1	1	1	1	1	1	1	2	1	1	1	1	1	2	2	1	2	1	1	1	1	2	1	1	1	2	2	1	2	1	1	1	1	1	2	1	1	2	1	1	1	1	1	1	1	2	1	2	2	1	1	2	1	2	2	2	1	1	1	1	2	2	1	2	1	1	1	1	1	1	2	1	1	1	1	1	2	2	2	1	1	1	1	2	2	2	2	1	1	1	1	2	2	2	2	1	1	2	1	2	1	2	1	1	2	2	1	1
75	1	1	1	1	1	1	2	1	1	2	1	2	1	1	1	1	2	1	1	2	2	2	1	1	1	2	2	2	1	2	1	2	1	1	2	2	1	1	1	2	2	2	1	1	1	2	1	2	1	1	1	1	1	1	1	2	1	1	2	1	2	2	2	2	2	1	2	1	1	2	1	1	1	1	1	1	2	1	1	1	1	1	1	2	1	1	1	2	1	1	2	2	2	1	1	1	2	2	2	2	1	1	1	2	2	2	2	2	1	1	2	1	2	2	2	1	2	1	1	1	1
75	1	1	1	1	1	1	2	1	1	2	1	2	1	1	1	1	2	1	2	2	2	2	1	1	2	2	2	2	1	2	2	2	1	1	2	1	2	2	1	2	2	2	1	1	1	1	1	2	1	1	1	1	1	1	1	2	1	2	2	2	2	2	2	2	2	2	2	1	1	2	1	2	2	1	1	1	2	1	1	1	1	1	1	1	1	1	1	2	1	2	2	2	1	1	1	1	2	2	1	2	1	1	1	2	2	2	2	2	1	1	1	1	1	1	2	1	1	1	2	1	1
75	1	1	1	2	1	1	2	1	1	2	2	2	1	1	1	1	2	1	1	2	2	2	1	1	2	2	1	2	1	2	1	1	1	1	2	1	2	2	2	1	2	2	1	1	1	1	1	2	1	1	2	1	1	1	1	2	1	1	2	2	2	2	2	2	2	2	2	1	2	2	1	2	2	2	1	1	2	1	1	1	1	1	1	2	1	1	1	2	1	2	2	2	2	1	1	2	2	2	2	2	1	1	1	2	2	2	2	2	1	1	1	1	2	1	2	1	2	2	2	1	1
76	2	1	1	2	1	1	2	1	1	2	1	2	1	1	1	1	2	1	1	1	2	2	1	1	2	1	2	2	1	2	1	2	1	1	2	1	2	1	2	2	1	2	2	1	1	1	1	1	1	1	2	1	1	1	1	1	2	2	2	1	2	2	2	2	2	1	2	1	2	1	1	1	1	2	2	1	2	1	1	1	1	1	1	2	1	1	1	1	1	2	2	2	2	2	1	1	2	2	2	2	1	1	1	2	2	2	2	1	1	1	2	1	1	1	2	1	1	1	2	1	1
76	2	1	1	2	1	1	2	1	1	2	1	2	1	1	1	1	2	1	1	1	2	2	1	1	2	1	1	2	1	2	1	1	1	1	2	1	2	1	2	2	1	2	2	1	1	1	1	2	1	1	2	1	1	1	1	2	2	2	2	1	2	2	1	2	2	1	2	1	2	1	2	1	1	2	2	1	2	1	1	1	1	1	1	2	1	1	1	2	1	2	2	2	2	2	1	1	2	2	2	2	1	1	1	2	2	2	1	2	2	1	1	1	2	1	2	1	1	1	2	1	1
76	1	1	1	2	1	1	1	1	1	2	1	2	1	1	1	1	2	1	1	1	2	1	2	1	2	1	1	1	1	2	1	1	1	1	2	1	2	1	2	2	1	2	2	1	1	1	1	1	2	1	2	1	1	1	1	1	1	2	2	1	2	2	2	2	2	1	2	1	2	2	1	1	1	2	2	1	2	1	1	1	1	1	1	2	1	1	1	2	1	2	1	2	1	2	2	1	2	2	2	2	1	1	1	2	2	2	2	1	1	1	2	1	2	2	2	1	1	1	1	1	1
77	1	1	1	2	1	1	1	1	1	2	1	2	1	1	1	1	2	1	1	1	2	1	1	1	1	1	2	2	1	2	1	2	1	1	2	2	2	2	2	2	2	2	1	1	1	2	1	2	2	1	1	1	1	1	1	1	1	1	2	1	2	2	2	1	2	1	2	1	2	2	1	2	2	1	1	1	2	1	1	1	1	1	1	2	1	1	1	2	1	2	1	2	1	1	1	1	2	2	2	2	1	1	1	1	2	2	2	2	1	1	2	1	2	1	1	1	1	1	2	1	1
77	1	1	1	2	1	1	2	2	1	1	1	2	1	1	1	1	2	1	1	2	2	2	1	1	2	2	1	2	1	2	1	2	1	1	2	1	2	2	2	2	2	2	1	1	1	2	1	2	2	1	2	1	1	2	2	1	1	2	2	1	2	2	2	2	2	2	2	1	2	2	1	2	2	1	1	1	2	1	1	1	1	1	1	2	1	1	1	2	1	2	2	2	1	1	1	1	2	2	2	2	1	1	1	1	2	2	2	2	1	1	2	1	1	1	1	1	1	2	2	1	1
77	2	1	1	1	1	1	2	1	1	1	2	2	1	1	1	1	2	1	1	1	2	2	1	1	2	2	1	2	1	2	1	2	1	1	2	2	2	2	2	2	1	2	1	1	1	2	1	2	1	1	1	1	1	1	1	1	2	2	2	1	2	2	1	2	2	2	2	1	2	2	1	2	2	1	1	1	2	1	1	1	1	1	1	1	1	1	1	2	1	2	2	2	1	2	1	1	2	2	2	2	1	1	1	2	2	2	2	2	1	1	2	1	2	1	2	1	1	2	2	1	1
78	1	1	1	1	1	1	2	1	1	2	2	2	1	1	1	1	1	1	2	2	2	1	1	1	2	2	2	2	1	2	1	2	1	1	2	1	2	1	2	2	1	2	1	1	1	1	1	2	1	1	1	1	1	1	1	2	1	2	2	2	2	2	1	2	2	2	2	1	1	2	1	1	1	2	2	1	2	2	2	1	1	1	1	2	1	1	1	1	1	2	2	1	1	2	2	1	2	2	2	2	1	1	1	2	2	2	2	2	1	1	2	1	2	1	2	1	1	1	2	1	1
78	2	1	1	1	1	1	2	1	1	2	2	2	1	1	1	1	1	1	2	2	2	1	1	1	2	2	2	2	1	2	1	2	1	1	2	1	2	1	2	2	1	2	1	1	1	1	1	2	1	1	1	1	1	1	1	2	1	2	2	2	2	2	1	2	2	1	2	1	1	2	1	1	1	2	2	1	2	2	2	1	1	1	1	2	1	1	1	1	2	2	2	1	1	2	2	1	2	2	2	2	1	1	1	2	2	2	2	2	1	1	2	1	2	1	2	1	1	1	2	1	1
78	2	1	1	1	1	1	2	1	1	2	2	2	2	1	1	1	2	1	2	2	2	1	1	1	2	2	2	2	1	2	1	2	1	1	2	1	2	1	2	2	1	2	1	1	1	1	1	2	1	1	1	1	1	1	1	2	1	2	2	2	2	2	1	2	2	2	2	1	1	2	1	2	2	1	2	1	2	1	1	1	1	1	1	1	1	1	1	1	2	2	2	2	2	2	2	1	2	2	2	2	1	1	1	2	2	2	2	2	1	1	2	1	2	1	2	1	1	1	2	1	1
79	1	1	1	2	1	1	2	1	1	2	1	2	2	2	1	1	1	1	1	1	2	2	1	1	1	1	2	2	1	2	1	1	1	1	2	1	2	2	2	1	1	2	2	1	1	1	1	2	2	1	2	1	1	1	1	2	1	1	2	1	2	2	2	2	2	1	2	1	1	2	1	1	1	2	2	2	2	1	2	1	1	1	1	1	1	1	1	2	1	2	2	2	2	1	1	1	2	2	2	2	1	2	1	2	2	2	2	2	1	1	2	1	1	1	2	1	1	2	2	1	1
79	1	1	1	1	1	1	1	1	1	2	2	2	2	1	1	1	2	1	1	1	2	2	1	1	1	1	2	2	1	2	1	1	1	1	2	1	2	2	2	1	1	2	1	1	1	2	1	2	2	1	2	1	1	2	1	1	1	1	2	1	2	2	1	2	2	1	2	1	2	2	1	1	1	2	2	2	2	2	2	1	1	1	1	2	1	1	1	2	1	2	2	2	2	1	1	1	2	2	1	2	1	2	1	2	1	2	2	1	1	1	2	1	2	1	2	1	1	2	1	1	1
79	1	1	1	1	1	1	1	1	1	2	1	2	2	1	1	1	2	1	1	1	2	2	1	1	1	1	2	2	1	2	1	1	1	1	2	1	2	2	1	1	1	2	2	1	1	1	1	2	2	1	2	1	1	1	1	1	1	1	2	1	2	2	2	1	2	1	2	1	2	2	1	1	1	2	2	1	2	1	2	1	1	1	1	2	1	1	1	2	1	2	2	2	2	1	1	1	2	2	2	2	1	2	1	2	2	2	2	2	1	1	2	1	2	1	1	1	1	2	2	1	1
80	2	1	1	2	2	2	1	1	2	1	1	2	2	1	1	1	1	1	1	1	2	2	1	1	2	1	1	2	1	2	1	2	1	1	2	1	1	1	2	2	1	2	1	1	1	1	1	2	2	1	2	1	1	1	1	1	2	2	2	1	2	2	1	2	2	1	2	1	2	1	2	1	1	2	2	1	2	1	1	1	2	1	1	2	1	2	1	1	1	2	1	2	1	1	1	1	2	2	2	2	1	1	1	2	2	2	2	2	1	1	1	1	2	2	2	1	1	1	2	1	1
80	2	1	1	2	1	2	2	1	1	1	1	2	2	2	1	1	1	1	1	1	2	2	1	1	2	1	1	1	1	2	1	1	1	1	1	1	1	1	2	2	1	2	2	1	2	1	1	2	2	1	1	2	1	1	1	1	2	2	2	1	2	2	1	2	2	1	1	1	2	1	1	1	1	2	2	1	2	1	2	1	1	1	1	2	1	1	1	1	1	2	1	1	2	1	1	1	2	1	2	2	1	1	1	1	2	2	2	2	1	1	2	1	2	2	2	1	1	1	1	1	1
80	2	1	1	2	2	2	2	1	1	1	1	2	2	1	1	2	1	1	1	1	2	2	1	1	2	1	2	2	1	2	1	1	1	1	2	1	1	1	2	2	2	2	1	1	1	1	1	2	1	1	2	1	1	1	1	1	2	2	2	1	2	2	2	2	2	2	2	1	2	1	1	1	1	2	2	1	2	1	1	1	1	1	1	2	1	1	1	1	1	2	2	2	1	1	1	1	2	2	2	2	2	1	1	2	2	2	2	1	1	1	2	1	2	2	2	1	2	1	2	1	1
81	2	1	2	1	1	2	2	2	1	2	1	2	1	1	1	1	1	1	2	1	2	2	2	1	2	1	2	1	1	2	1	1	1	1	2	1	2	1	2	2	1	2	2	1	1	1	2	1	1	2	1	2	1	1	1	1	2	2	2	2	2	2	1	2	2	1	1	1	1	2	1	2	2	1	1	2	2	1	1	1	1	1	1	1	1	1	1	2	1	1	2	2	2	2	2	1	2	2	2	2	1	1	1	2	2	1	2	2	1	1	1	1	1	1	1	1	2	2	2	1	1
81	2	1	2	1	2	2	2	2	1	1	2	2	1	1	1	1	1	1	2	1	2	2	2	1	2	2	2	1	1	1	1	1	1	1	2	1	2	2	2	1	1	2	2	1	1	1	2	2	2	2	2	1	1	1	1	1	2	2	2	2	2	2	2	2	2	1	2	1	2	1	1	2	2	2	2	2	1	1	1	1	1	1	1	2	1	1	1	2	1	1	2	2	2	2	2	2	2	2	2	2	1	1	1	1	2	2	2	2	2	2	2	1	2	1	1	1	2	1	2	1	1
81	2	1	2	1	1	2	2	2	1	2	1	2	1	2	1	1	2	1	1	1	2	2	1	1	2	1	2	1	1	2	1	1	1	1	2	1	2	1	2	1	1	2	2	1	2	1	1	1	1	2	1	2	1	1	1	1	2	2	2	1	2	2	1	2	2	1	1	1	2	2	1	1	1	2	2	1	1	1	1	1	1	1	1	2	1	1	1	1	1	1	1	2	2	2	2	1	2	2	2	2	2	2	1	2	2	1	2	2	1	1	1	1	1	2	2	1	1	2	2	1	1
82	2	2	1	1	1	1	2	1	1	1	1	2	1	1	2	1	1	1	1	1	1	2	2	2	2	1	1	1	1	2	1	1	1	1	2	2	1	1	2	2	1	2	1	1	1	1	1	2	2	1	2	1	1	1	1	1	2	2	2	1	2	2	2	2	2	1	2	1	2	1	1	1	1	2	2	1	2	2	1	1	1	1	1	1	1	1	1	2	1	1	2	2	2	2	1	1	2	2	2	2	2	1	1	2	2	2	1	2	1	2	1	1	2	1	2	1	2	1	1	1	1
82	2	1	1	1	2	2	2	1	1	2	1	2	1	1	1	1	1	1	1	1	2	2	2	2	1	1	1	2	1	2	1	2	1	1	2	1	2	1	2	2	2	2	1	1	2	1	1	1	2	1	2	2	1	1	1	1	2	2	2	1	2	2	1	2	2	1	2	1	2	1	1	2	2	2	2	1	2	1	1	1	1	1	1	2	1	1	1	2	1	2	2	2	1	1	1	1	2	2	2	2	1	1	1	1	2	2	2	2	1	1	1	1	2	1	2	1	2	1	2	1	1
82	1	1	1	2	1	2	2	1	1	2	2	2	1	2	1	1	1	1	1	1	1	2	2	1	1	1	1	2	1	2	1	1	1	1	2	2	2	1	2	2	1	2	1	1	2	1	1	1	2	1	1	2	1	1	1	1	2	2	2	1	2	2	2	2	2	1	2	1	2	1	1	2	2	2	2	1	2	2	1	1	1	1	1	1	1	1	1	2	1	1	2	2	1	2	1	1	2	2	2	2	2	1	1	2	2	2	2	2	1	1	1	1	1	2	2	1	2	1	1	1	1
83	1	1	1	1	1	2	2	1	1	2	2	2	2	1	1	1	1	1	1	1	2	2	1	2	1	1	1	2	1	2	1	1	1	1	2	1	2	1	2	2	1	2	1	1	1	1	1	1	2	1	1	2	1	1	1	1	2	1	2	1	2	2	2	2	2	1	2	1	1	2	1	1	1	2	2	1	2	2	1	1	1	1	1	1	1	2	2	2	1	1	2	2	2	1	1	1	1	2	2	2	2	1	1	1	2	1	2	1	1	1	1	1	1	1	2	1	2	1	2	1	1
83	1	1	1	1	1	2	2	1	1	2	2	2	2	1	1	1	1	1	1	1	2	2	1	1	1	1	1	1	1	2	1	1	1	1	2	1	2	1	2	2	1	2	1	1	1	1	1	2	2	1	1	2	1	1	1	1	2	1	2	1	2	2	2	2	2	1	2	1	1	2	1	1	1	2	2	1	2	2	1	1	1	1	1	1	1	2	2	2	1	1	2	2	2	1	1	1	1	2	2	1	2	1	1	1	2	1	2	2	1	1	1	1	1	1	2	1	1	1	2	1	1
83	2	1	1	1	1	2	1	1	1	2	1	2	1	1	1	1	1	1	1	1	2	2	1	2	1	1	1	2	1	2	1	1	1	1	2	1	1	1	2	2	1	2	1	1	2	1	1	2	2	1	1	1	1	1	1	1	2	2	2	1	2	2	2	2	2	1	2	1	1	2	1	2	2	1	1	1	2	1	1	1	1	1	1	1	1	1	1	2	1	2	2	2	1	1	1	1	2	2	2	1	2	1	1	2	1	1	2	2	1	1	1	1	1	1	1	1	2	1	2	1	1
84	2	1	1	1	2	2	2	1	1	2	1	2	1	1	2	1	1	1	1	1	2	2	2	2	2	2	1	2	1	2	1	1	1	1	2	1	1	1	2	2	2	2	2	1	2	1	1	2	2	1	1	2	1	1	1	1	1	2	2	1	2	2	1	2	2	1	2	1	1	2	1	1	1	2	2	1	2	1	1	1	1	1	1	2	1	1	1	1	1	1	2	2	1	1	1	1	2	2	2	1	2	1	1	2	2	2	2	2	1	2	2	1	2	2	2	1	2	1	2	1	1
84	2	1	1	2	1	2	1	1	1	1	1	2	1	1	1	1	1	1	1	1	2	2	2	2	1	1	1	2	1	2	1	1	1	1	2	1	2	1	2	1	1	2	2	1	1	1	1	2	2	1	1	2	1	1	1	1	1	2	2	1	2	2	2	2	2	2	1	1	2	1	1	1	1	2	2	1	2	1	1	1	1	1	1	2	1	1	1	1	1	2	2	2	1	1	1	1	2	2	2	2	2	1	1	2	2	2	2	2	1	1	2	1	2	2	1	1	2	1	2	1	1
84	1	1	1	2	1	2	2	1	1	2	1	2	1	1	2	1	1	1	1	1	2	2	2	1	2	2	1	2	1	2	1	1	1	1	2	1	2	2	2	2	2	2	1	1	1	1	1	2	2	1	1	2	1	1	1	1	1	2	2	1	2	2	2	2	2	2	2	1	2	2	1	1	1	2	2	1	1	1	1	1	1	1	1	2	1	1	1	2	1	1	2	2	1	1	1	1	2	2	2	2	2	1	1	2	2	2	2	2	1	1	2	1	2	2	2	1	1	1	2	1	1
85	2	1	1	1	1	2	2	1	1	2	1	2	2	1	2	1	1	2	1	1	1	2	1	1	1	1	2	1	1	2	1	1	1	1	2	1	2	1	2	2	1	2	1	1	2	1	1	2	2	1	2	2	1	1	1	1	2	2	2	1	2	2	1	2	2	2	2	1	1	2	2	1	1	2	2	1	2	2	2	1	1	1	1	2	1	2	2	2	1	2	1	2	1	1	1	1	2	2	2	1	2	1	1	2	2	1	2	2	1	1	2	1	2	2	1	1	2	1	2	1	1
85	2	1	1	1	1	2	2	1	1	2	1	2	2	1	2	1	1	1	1	1	2	2	2	2	1	1	2	2	1	2	1	1	1	1	1	1	2	1	2	2	1	2	1	1	2	1	1	2	2	1	2	1	1	1	1	1	2	2	2	1	2	2	2	2	2	2	2	1	2	2	1	1	1	2	2	1	2	2	2	1	1	1	1	1	1	2	2	2	1	2	2	2	2	1	1	2	2	2	2	1	2	1	1	2	2	1	2	2	1	1	2	1	1	2	1	1	2	1	2	1	1
85	2	1	1	1	2	2	2	1	1	2	1	2	2	1	1	1	1	2	1	1	1	2	2	1	1	1	2	2	1	2	1	1	1	1	2	1	2	1	2	2	1	2	1	1	2	1	1	2	2	1	2	2	1	1	1	1	2	2	2	2	2	2	2	2	2	1	2	1	2	2	1	1	1	2	2	1	2	2	2	1	1	1	1	1	1	1	2	2	1	1	2	2	1	1	1	2	2	2	2	2	2	1	1	2	2	1	2	2	1	1	1	1	1	2	1	1	2	1	2	1	1
86	2	2	1	1	2	2	2	1	1	1	2	2	1	1	2	1	1	1	1	1	1	2	2	2	1	1	1	1	1	2	1	1	1	1	2	1	2	1	1	2	2	2	1	1	1	2	1	2	1	1	2	1	1	1	1	1	1	2	2	1	2	2	2	2	2	1	2	1	2	2	1	2	2	1	1	1	2	1	1	1	1	1	1	1	1	2	2	1	1	1	2	2	1	1	1	1	2	2	2	2	1	1	1	2	2	1	2	2	1	1	2	1	1	1	1	1	2	1	1	1	1
86	1	1	1	1	1	2	1	1	1	1	2	2	2	1	2	1	1	1	1	1	2	2	2	1	1	1	1	2	1	2	1	1	1	1	2	1	2	2	2	2	2	2	2	1	1	1	1	2	1	1	2	2	1	1	1	1	2	2	2	1	2	2	2	2	2	1	2	1	2	2	1	1	1	2	2	1	2	2	1	1	1	1	1	1	1	1	1	1	1	1	1	2	1	1	1	1	2	2	2	1	2	1	1	2	2	1	2	2	2	1	2	1	1	2	1	1	2	1	1	1	1
86	1	1	1	1	2	2	1	1	1	1	2	2	1	1	2	1	1	1	1	1	1	2	1	1	2	2	2	1	1	2	1	1	1	1	2	1	2	2	2	2	2	2	2	1	2	1	1	2	1	1	2	2	1	1	1	1	2	2	2	1	2	2	1	2	2	1	2	1	2	1	1	2	2	1	1	1	2	2	1	1	1	1	1	1	1	2	2	2	1	2	1	2	2	1	1	1	2	2	2	2	1	1	1	2	2	1	2	2	2	1	2	1	1	1	1	1	2	1	1	1	1
87	2	1	1	1	2	2	2	1	1	1	1	2	1	1	2	1	1	2	1	1	1	2	2	1	1	2	1	2	1	2	1	2	1	1	2	1	2	1	1	1	1	2	1	1	2	1	1	2	2	1	1	1	1	1	1	1	2	2	2	2	2	2	1	2	2	1	1	1	1	2	1	1	1	2	2	1	2	2	2	1	1	1	1	2	1	2	2	2	1	1	1	2	1	1	1	1	2	2	2	1	2	1	1	2	2	1	2	2	2	1	2	1	2	2	2	1	2	1	2	1	1
87	2	1	1	2	2	2	2	1	1	1	1	2	2	2	2	2	1	2	1	1	1	2	2	2	1	1	1	2	1	2	2	1	1	1	2	1	2	1	2	2	1	2	1	1	2	1	1	2	1	1	2	1	1	1	1	1	2	2	2	1	2	2	2	2	2	2	1	1	2	1	1	2	2	2	2	1	2	2	2	1	1	1	1	2	1	2	2	2	1	2	1	2	1	1	1	1	2	2	2	1	2	1	1	2	1	1	1	2	2	1	2	1	2	2	1	1	2	1	1	1	1
87	2	1	1	1	1	2	2	1	1	1	1	2	1	1	2	1	1	1	1	1	1	2	2	2	1	1	1	2	2	2	1	1	1	1	2	1	2	1	2	2	1	2	1	1	2	1	1	2	2	1	1	1	1	1	1	1	2	2	2	1	2	2	2	2	2	1	2	1	1	2	1	1	1	2	2	1	2	2	2	1	1	1	1	1	1	2	2	1	2	1	1	2	2	1	1	1	2	2	2	1	2	1	1	2	2	1	2	2	1	1	2	1	1	2	2	1	2	1	1	1	1
88	2	2	1	1	2	2	2	1	1	1	1	2	1	2	2	1	1	2	1	1	1	2	2	1	1	1	1	2	2	2	1	1	1	1	1	1	2	1	1	2	2	1	2	1	2	1	1	2	1	1	1	1	1	1	1	1	2	2	2	1	2	2	2	2	2	2	2	1	2	1	1	1	1	2	2	1	2	1	1	1	2	1	1	1	1	2	2	2	1	2	1	2	1	1	1	1	2	2	2	1	2	1	1	2	2	2	1	2	2	1	2	1	1	2	1	1	2	1	1	1	1
88	2	1	1	1	2	2	2	1	1	1	1	2	1	1	2	1	1	2	1	1	1	2	2	2	1	1	1	1	1	2	1	1	1	1	1	1	2	1	1	2	2	2	2	1	2	1	1	2	1	1	1	1	1	1	1	1	2	1	2	1	2	2	2	2	2	1	2	1	1	2	1	1	1	2	2	1	2	1	1	1	1	1	1	1	1	2	2	2	1	1	1	2	1	1	1	1	2	2	2	2	1	1	1	2	1	1	1	2	2	1	2	1	1	2	2	1	2	1	1	1	1
88	2	1	1	2	2	2	2	1	1	1	1	2	1	2	2	1	1	2	1	1	1	2	2	1	1	1	1	1	1	2	1	1	1	1	1	1	2	1	2	2	2	1	2	1	2	1	1	2	1	1	1	1	1	1	1	1	2	2	2	1	2	2	2	2	2	2	2	1	1	2	2	1	1	2	2	1	2	1	1	1	1	1	1	1	1	2	2	2	1	2	1	2	1	1	1	1	2	2	2	1	2	1	1	2	1	2	1	2	2	1	2	1	1	2	1	1	2	1	1	1	1
89	2	1	1	2	2	2	1	1	1	1	1	2	1	2	2	2	1	2	1	1	1	2	2	2	1	1	1	2	1	2	1	2	1	1	2	1	2	2	2	1	1	2	2	1	1	1	1	2	1	1	1	1	1	1	1	1	2	2	2	1	2	2	2	2	2	1	2	1	1	2	1	2	2	1	1	1	2	2	2	1	1	1	1	2	1	2	2	2	1	1	2	2	1	1	1	1	2	2	2	1	2	1	1	2	1	1	1	2	2	1	1	1	1	2	1	1	2	1	1	1	1
89	2	1	1	1	2	2	1	1	1	1	1	2	2	1	2	1	2	1	1	1	1	2	2	1	1	1	1	2	1	2	1	2	1	1	2	1	2	1	2	1	1	2	2	1	2	1	1	2	1	1	1	2	1	1	1	1	2	2	2	1	1	2	2	2	2	1	2	1	1	2	1	2	2	1	1	1	2	2	2	1	1	1	1	2	1	1	1	2	1	1	2	2	1	1	1	1	2	2	2	1	2	1	1	2	2	1	1	2	2	1	1	1	1	1	1	1	2	1	1	2	1
89	2	1	1	1	2	2	1	1	1	1	2	2	2	1	2	1	2	2	1	1	1	2	2	1	1	1	1	1	1	2	1	2	1	1	1	1	2	1	2	1	1	2	2	1	2	1	1	2	1	1	1	1	1	1	1	1	2	1	2	1	2	2	1	2	2	1	2	1	1	2	1	2	2	1	1	1	2	2	2	1	1	1	1	2	1	2	2	2	1	1	2	2	1	1	1	1	2	2	2	1	1	1	1	2	2	1	1	2	2	1	1	1	1	2	1	1	1	1	1	1	1
90	2	1	1	1	2	2	1	1	1	1	1	2	1	1	1	1	1	2	1	1	1	2	2	1	1	1	1	2	1	2	1	1	1	1	1	1	2	1	2	2	2	1	2	1	2	1	1	2	1	1	1	2	1	1	1	1	2	1	2	1	1	2	2	2	2	2	1	1	1	2	1	1	1	2	2	1	2	2	2	1	1	1	1	2	2	1	1	2	1	1	1	2	1	1	1	1	2	2	2	2	1	1	1	2	1	1	1	2	2	1	2	2	2	2	2	1	1	1	1	1	1
90	2	1	1	1	2	2	1	1	1	1	1	2	1	1	1	1	1	1	1	1	1	2	2	1	1	1	1	1	1	2	1	1	1	1	1	1	2	1	2	2	2	2	2	1	2	1	1	2	1	1	1	1	1	1	1	1	2	2	2	1	1	2	2	2	2	2	1	1	1	2	1	1	1	2	2	1	2	2	2	1	1	1	1	1	1	2	2	2	1	1	1	2	1	1	1	1	2	2	2	2	2	1	1	2	1	1	1	2	2	1	2	2	1	2	2	1	1	1	1	1	1
90	2	1	1	1	2	2	1	1	1	1	1	2	1	1	1	1	1	2	1	1	1	2	2	1	1	1	1	2	1	2	1	1	1	1	1	1	2	1	1	2	2	1	2	1	2	1	1	2	1	1	1	1	1	1	1	1	2	1	2	1	1	2	2	2	2	2	1	1	1	2	1	1	1	2	2	1	2	2	2	1	1	1	1	2	2	1	1	2	1	1	1	2	1	1	1	1	2	2	2	2	1	1	1	2	1	1	1	2	2	1	2	1	2	1	2	1	1	1	1	1	1
