117	113	2	1
ACA_AAC_1.0
ACA_AAC_2.0
ACA_AAC_3.0
ACA_AAC_4.0
ACA_AAC_5.0
ACA_AAC_6.0
ACA_AAC_7.0
ACA_AAC_8.0
ACA_AAC_9.0
ACA_AAC_10.0
ACA_AAC_11.0
ACA_AAC_12.0
ACA_AAC_13.0
ACA_AAC_14.0
ACA_AAC_15.0
ACA_AAC_16.0
ACA_AAC_17.0
ACA_AAC_18.0
ACA_AAC_19.0
ACA_AAC_20.0
ACA_AAC_21.0
ACA_AAC_22.0
ACA_AAC_23.0
ACA_AAC_24.0
ACA_AAC_25.0
ACA_AAC_26.0
ACA_AAC_27.0
ACA_AAC_28.0
ACA_AAC_29.0
ACA_AAC_30.0
ACA_AAC_31.0
ACA_AAC_32.0
ACA_AAC_33.0
ACA_AAC_34.0
ACA_AAC_35.0
ACA_AAC_36.0
ACA_AAC_37.0
ACA_AAC_38.0
ACA_AAC_39.0
ACA_AAC_40.0
ACA_AAC_41.0
ACA_AAC_42.0
ACA_ACG_0.0
ACA_ACG_1.0
ACA_ACG_1.1
ACA_ACG_1.2
ACA_ACG_2.0
ACA_ACG_3.0
ACA_ACG_4.0
ACA_ACG_5.0
ACA_ACG_6.0
ACA_ACG_7.0
ACA_ACG_8.0
ACA_ACG_9.0
ACA_ACG_10.0
ACA_ACG_11.0
ACA_ACG_12.0
ACA_ACG_13.0
ACA_ACG_14.0
ACA_ACG_15.0
ACA_ACG_16.0
ACA_ACG_17.0
ACA_ACG_18.0
ACA_ACG_19.0
ACA_ACG_20.0
ACA_ACG_21.0
ACA_ACG_22.0
ACA_ACG_23.0
ACA_ACG_24.0
ACA_ACG_25.0
ACA_ACG_26.0
ACA_AGC_1.0
ACA_AGC_2.0
ACA_AGC_3.0
ACA_AGC_4.0
ACA_AGC_4.1
ACA_AGC_5.0
ACA_AGC_6.0
ACA_AGC_7.0
ACA_AGC_7.1
ACA_AGC_7.2
ACA_AGC_8.0
ACA_AGC_9.0
ACA_AGC_10.0
ACA_AGC_11.0
ACA_AGC_12.0
ACA_AGC_13.0
ACA_AGC_14.0
ACA_AGC_15.0
ACA_AGC_16.0
ACA_AGC_17.0
ACA_AGC_18.0
ACA_AGC_19.0
ACA_AGC_20.0
ACA_AGC_22.0
ACA_AGC_23.0
ACA_AGC_24.0
ACA_AGC_25.0
ACA_AGC_26.0
ACA_AGC_27.0
ACA_AGC_28.0
ACA_AGC_29.0
ACA_AGC_30.0
ACA_AGC_31.0
ACA_AGC_32.0
ACA_AGC_33.0
ACA_AGC_34.0
ACA_AGC_35.0
ACA_AGC_36.0
ACA_AGC_37.0
ACA_AGC_38.0
ACA_AGC_39.0
ACA_AGC_41.0
1	1	2	2	1	2	1	2	2	2	1	1	2	1	1	1	1	1	1	1	1	2	2	1	1	1	1	1	1	2	2	2	2	2	1	1	2	1	1	1	2	2	1	2	1	1	1	1	1	1	1	2	1	1	2	1	1	1	2	2	2	1	1	1	1	1	2	2	2	2	2	2	1	1	2	2	1	1	1	2	1	1	1	2	2	2	1	1	1	2	2	1	1	1	1	1	1	1	1	1	2	1	2	1	1	1	2	2	1	2	1	1	1	1
1	1	1	2	2	2	1	2	1	2	1	2	1	1	1	1	1	2	2	1	1	1	1	1	2	2	1	1	1	2	1	2	2	2	1	1	2	1	1	2	1	1	2	2	1	1	1	1	1	1	1	2	1	1	1	1	1	1	2	2	1	1	2	1	1	1	2	1	2	2	1	2	1	1	2	2	1	1	1	2	1	1	1	1	2	2	2	2	2	1	2	1	1	1	1	1	1	1	1	2	2	1	2	1	1	1	2	2	1	2	1	1	1	1
1	1	1	2	2	2	1	2	1	2	1	2	2	1	1	1	1	2	1	2	1	2	1	2	2	1	1	1	1	2	1	1	2	2	2	1	2	2	1	2	2	2	1	2	1	1	1	1	1	1	1	1	1	2	1	2	1	1	2	2	1	1	1	1	1	1	2	1	2	2	2	1	2	1	2	2	1	1	1	2	1	1	1	1	2	2	1	1	1	2	2	1	1	1	1	1	1	1	1	2	2	1	1	2	1	1	2	2	1	2	1	1	1	1
2	1	2	2	2	2	1	2	2	1	1	1	2	1	1	2	1	1	1	2	1	2	1	1	1	1	1	1	1	2	1	2	2	2	1	1	2	1	1	1	1	2	1	2	1	1	1	1	1	1	1	2	1	2	2	1	1	1	2	2	1	1	1	1	1	1	1	1	2	2	1	2	2	1	2	1	1	1	1	2	1	1	2	2	2	2	1	1	1	2	2	1	1	1	1	1	1	1	1	1	2	1	2	2	1	1	2	2	1	2	2	1	1	1
2	1	1	2	1	2	1	2	2	2	1	1	2	1	1	2	1	2	1	2	1	1	1	1	1	1	1	1	1	2	1	2	2	2	1	1	1	1	1	1	1	2	1	2	1	1	1	1	1	1	1	2	1	1	1	1	1	1	2	2	1	1	1	1	1	1	1	1	2	2	1	2	1	1	2	1	1	1	1	2	1	1	1	2	1	1	1	1	1	2	2	1	1	1	1	1	1	1	1	2	2	1	2	2	1	1	1	2	1	2	2	1	1	1
2	1	1	2	2	2	1	2	1	2	1	2	2	1	1	2	2	2	1	2	2	2	1	1	2	1	1	1	1	2	1	1	2	2	1	1	2	1	1	1	2	2	1	2	1	1	1	2	1	1	1	1	1	2	1	1	1	1	2	2	1	1	1	1	1	1	2	1	2	2	1	2	2	1	1	1	1	1	1	1	1	1	1	2	2	2	1	1	1	2	1	1	2	1	1	1	1	1	2	2	2	1	2	1	1	1	2	2	1	2	1	1	1	1
3	1	2	2	1	2	1	2	2	2	1	2	1	1	2	1	2	2	2	1	2	2	1	1	1	2	2	1	1	1	1	2	2	2	1	1	2	1	1	2	1	2	1	2	1	1	1	1	1	1	1	2	1	1	1	1	2	1	2	2	1	1	1	1	1	2	2	1	2	2	2	1	1	1	1	1	1	1	1	1	1	1	0	2	2	2	1	1	1	1	2	1	1	1	1	1	1	1	1	2	2	1	1	2	1	2	2	2	1	2	2	2	1	1
3	1	2	2	2	1	1	2	1	2	1	1	2	1	1	1	1	2	2	1	1	2	1	1	1	2	2	1	1	1	1	1	2	2	1	1	2	1	1	2	1	2	1	2	1	1	1	1	1	1	1	1	1	1	1	2	2	1	2	2	1	1	1	1	2	2	2	1	1	2	1	2	1	1	1	1	1	1	2	2	1	1	2	1	2	2	1	1	1	2	2	1	1	1	1	1	1	1	1	2	2	1	1	2	1	1	2	2	1	2	1	1	1	1
3	1	1	2	1	2	1	2	2	2	1	2	2	1	1	1	2	2	1	1	1	2	1	1	1	1	1	1	1	2	1	1	2	2	2	1	2	1	1	2	1	2	2	2	1	1	1	1	1	1	1	1	1	2	1	1	1	1	2	2	2	1	1	2	1	1	2	1	2	2	2	2	2	1	1	2	1	1	1	2	1	1	2	1	2	2	1	1	2	2	2	1	1	2	1	1	1	1	2	2	2	1	1	1	1	1	2	2	1	2	1	1	1	1
4	1	2	2	2	1	1	2	2	2	1	1	1	1	2	1	1	2	1	2	1	2	2	1	1	1	2	2	1	2	1	2	2	2	2	1	1	1	1	1	1	2	2	2	1	1	1	1	1	1	1	2	1	2	1	2	1	1	2	2	2	1	1	1	1	1	2	1	2	2	1	1	2	1	2	1	1	1	1	2	1	1	1	1	2	2	1	2	1	2	1	1	1	1	1	1	1	1	1	1	2	1	1	2	1	1	1	2	1	2	1	1	1	1
4	1	2	2	2	2	1	2	1	2	1	2	1	1	1	1	2	2	1	1	2	2	2	1	1	1	1	1	1	1	1	1	2	2	1	1	2	1	1	1	1	2	1	2	1	1	1	1	1	1	1	1	1	2	1	1	1	1	2	2	1	1	1	1	1	2	2	1	1	2	1	1	2	1	1	1	1	1	1	2	1	1	1	2	2	2	1	1	1	2	2	1	1	1	1	1	1	1	2	1	2	1	1	2	1	1	1	2	1	2	1	1	1	1
4	1	2	2	2	2	1	2	1	2	1	1	1	1	1	1	2	2	1	2	2	2	2	1	1	1	1	2	1	1	1	1	2	2	1	1	1	1	1	1	2	2	1	2	1	1	1	1	1	1	1	1	1	2	2	2	1	1	2	2	2	1	1	1	1	2	2	1	1	2	1	2	2	1	1	1	2	1	1	2	1	1	1	2	2	2	2	2	1	2	1	1	1	2	1	1	1	1	2	2	2	1	1	2	1	1	1	2	1	2	1	2	1	1
5	1	1	2	1	2	2	1	2	2	1	2	2	1	1	1	1	2	1	1	1	2	1	1	1	1	1	1	1	2	1	1	2	2	2	1	2	1	1	1	2	2	2	2	1	1	1	1	1	1	1	2	1	1	1	2	1	1	2	2	2	1	1	1	1	2	1	1	1	2	2	1	2	1	2	1	1	1	2	2	1	1	1	2	2	2	1	1	1	1	1	1	1	1	1	1	1	1	2	2	2	1	2	1	1	2	2	2	1	2	2	1	1	1
5	2	1	2	2	2	1	2	2	2	1	2	1	1	1	1	2	1	2	2	1	2	2	0	1	2	1	1	1	2	1	1	2	2	2	1	2	1	1	1	1	2	2	2	1	1	1	1	1	1	1	1	1	2	1	1	1	1	2	1	1	1	1	1	1	2	2	2	1	2	2	2	1	1	2	1	1	1	1	2	1	1	1	2	1	1	1	1	1	1	2	1	1	1	1	1	1	1	2	2	2	1	2	2	2	1	1	2	1	2	2	2	1	1
5	1	2	2	2	2	2	1	2	2	1	2	1	1	2	1	2	2	1	1	1	2	2	1	2	2	2	2	1	1	1	1	2	2	1	1	1	2	1	1	1	2	2	2	1	1	1	1	1	1	1	1	1	1	2	2	1	1	2	1	1	1	1	1	1	2	1	1	1	2	2	2	2	1	2	2	1	1	1	2	1	1	1	1	1	1	1	1	1	1	2	1	1	1	1	1	1	1	1	2	2	1	2	1	1	1	1	2	1	2	1	1	1	1
6	1	2	2	2	2	1	2	1	2	1	2	2	1	1	1	2	1	1	1	1	2	1	1	1	1	1	1	1	2	2	2	2	2	1	1	1	1	1	1	1	2	2	2	1	1	1	1	1	1	1	1	1	1	1	1	1	1	2	2	1	1	1	1	1	1	2	1	2	2	1	2	1	1	1	1	1	1	1	2	1	1	1	1	2	2	2	1	1	1	2	1	1	2	1	1	1	1	2	2	2	1	1	2	1	1	2	2	1	2	1	1	1	1
6	1	2	1	2	2	1	2	2	2	1	2	2	1	1	1	1	1	1	1	2	2	2	2	1	1	1	1	1	2	2	2	2	2	2	1	1	1	1	1	1	2	2	2	1	1	1	1	1	1	1	1	1	1	2	1	2	1	2	2	1	1	1	1	1	1	1	1	2	2	1	1	1	1	1	1	1	1	1	2	1	1	1	1	2	2	1	1	1	1	2	1	1	2	1	1	1	1	2	2	2	1	2	1	1	1	2	2	1	2	2	1	1	1
6	1	2	1	2	2	1	2	2	2	1	2	2	1	1	1	1	1	1	1	1	2	2	2	1	1	1	1	1	2	2	1	2	2	2	1	1	1	1	1	1	2	2	2	1	1	1	1	1	1	1	1	1	1	2	1	2	1	2	2	1	1	1	1	1	1	1	1	2	2	1	1	1	1	1	1	1	1	1	2	1	1	1	1	2	2	1	1	1	2	2	1	1	2	1	1	1	1	2	2	2	1	2	1	1	1	2	2	1	2	2	1	1	1
7	1	2	2	1	2	1	2	2	2	1	1	2	1	1	1	1	1	1	2	1	2	1	1	1	1	2	1	1	1	1	1	2	2	1	1	1	1	1	1	2	1	2	0	0	0	0	0	0	0	0	0	0	0	0	0	0	0	0	0	0	0	0	0	0	0	0	0	0	0	0	0	0	0	0	0	0	0	0	0	0	0	0	0	0	0	0	0	0	0	0	0	0	0	0	0	0	0	0	0	0	0	0	0	0	0	0	0	0	0	0	0	0	0
7	1	2	2	1	2	1	2	2	2	1	2	2	1	1	1	2	2	1	2	1	2	1	1	1	2	1	1	1	1	1	1	2	2	1	1	2	1	1	1	1	1	1	0	0	0	0	0	0	0	0	0	0	0	0	0	0	0	0	0	0	0	0	0	0	0	0	0	0	0	0	0	0	0	0	0	0	0	0	0	0	0	0	0	0	0	0	0	0	0	0	0	0	0	0	0	0	0	0	0	0	0	0	0	0	0	0	0	0	0	0	0	0	0
7	1	1	2	2	2	2	1	1	2	1	2	2	1	2	1	1	2	2	2	1	2	1	1	2	1	1	1	1	2	1	1	2	2	1	1	1	1	1	1	1	1	2	0	0	0	0	0	0	0	0	0	0	0	0	0	0	0	0	0	0	0	0	0	0	0	0	0	0	0	0	0	0	0	0	0	0	0	0	0	0	0	0	0	0	0	0	0	0	0	0	0	0	0	0	0	0	0	0	0	0	0	0	0	0	0	0	0	0	0	0	0	0	0
8	1	1	2	1	1	1	2	1	2	1	2	2	1	1	1	1	1	2	1	1	2	1	2	2	1	2	1	1	1	1	1	2	2	1	1	1	2	1	1	1	1	1	2	1	1	1	1	1	1	1	2	1	1	1	1	1	1	2	2	1	1	1	1	1	1	1	1	2	2	1	2	1	1	2	1	1	1	1	1	1	1	1	2	2	2	1	1	1	2	2	1	2	1	1	1	1	1	2	2	2	1	1	2	1	1	2	2	1	2	2	1	1	1
8	1	1	2	1	1	1	2	1	2	1	2	2	1	1	1	1	1	2	1	1	2	1	2	2	1	2	1	1	1	1	1	2	2	1	1	1	2	1	1	1	1	1	2	1	1	1	1	1	1	1	2	1	1	1	1	1	1	2	2	1	1	1	1	1	1	1	1	2	2	1	2	1	1	2	1	1	1	1	1	1	1	1	2	2	2	1	1	1	1	2	1	2	1	1	1	1	1	2	2	2	1	1	2	1	1	2	2	1	2	2	1	1	1
8	1	1	2	2	2	1	2	2	2	1	2	2	1	1	1	1	2	1	2	1	2	1	1	1	1	2	1	1	2	1	1	2	2	1	1	2	1	1	2	2	2	1	2	1	1	1	1	1	1	1	1	1	1	1	1	2	1	2	2	1	1	1	2	1	1	2	1	2	2	1	1	1	1	1	2	1	1	1	2	1	1	1	2	2	2	1	1	1	1	2	1	1	2	1	1	1	1	2	2	2	1	1	2	1	1	1	2	1	2	2	1	1	1
9	1	2	2	2	1	1	2	2	2	1	2	1	1	1	1	1	2	1	1	1	1	1	1	1	2	2	2	1	1	1	1	2	2	1	1	1	1	1	1	1	2	1	2	1	1	1	1	1	1	1	1	1	2	1	1	1	1	2	1	1	1	1	1	1	1	2	1	2	2	1	2	2	1	1	2	1	1	1	2	1	1	1	1	2	2	1	1	1	1	2	1	2	1	1	1	1	1	2	2	2	1	1	1	1	1	2	2	1	2	1	1	1	1
9	1	2	2	1	1	1	2	2	2	1	2	1	1	1	1	2	2	1	1	1	1	1	1	1	2	1	1	1	1	2	1	2	2	2	1	2	1	1	1	1	2	2	2	1	1	1	1	1	1	2	2	1	2	2	2	1	1	2	1	1	1	1	1	1	1	2	1	2	2	1	2	2	1	1	1	1	1	1	2	1	1	1	1	2	2	1	1	1	2	2	1	1	1	1	1	1	1	2	2	2	1	1	1	1	1	2	2	1	2	2	1	1	1
9	1	2	2	1	1	1	2	2	2	1	2	1	1	1	1	2	2	1	1	1	2	2	1	1	2	2	1	1	1	1	1	2	2	2	1	2	1	1	1	1	2	2	2	1	1	1	1	1	1	1	1	1	2	1	2	1	1	2	2	1	1	1	1	1	1	2	1	2	2	1	2	2	1	1	2	1	1	1	2	1	1	2	1	2	2	1	1	1	2	2	1	1	2	1	1	1	1	1	2	2	1	1	1	1	1	1	2	1	2	1	1	1	1
10	1	2	2	2	2	1	2	1	2	1	2	2	2	2	1	2	2	2	2	2	2	2	1	2	1	1	1	1	1	1	1	2	2	2	1	1	1	1	2	2	2	2	2	1	1	1	1	1	1	1	2	1	2	2	2	1	1	2	2	1	1	1	1	1	1	2	1	2	2	2	2	2	1	2	1	1	1	1	2	1	1	1	1	2	2	1	1	1	2	1	1	1	1	1	1	2	1	1	1	2	1	1	2	1	1	1	2	1	2	2	2	1	1
10	1	1	2	1	2	1	2	1	2	1	2	1	1	2	1	2	2	1	1	1	2	2	1	2	2	1	1	1	1	1	1	2	2	1	1	2	1	1	2	1	2	1	2	1	1	1	1	1	1	2	1	1	2	1	2	1	1	2	2	1	1	1	1	1	1	2	1	2	2	1	1	2	1	1	1	1	1	1	2	1	1	2	1	2	2	1	1	1	2	2	1	1	1	1	1	1	1	1	2	2	1	2	2	2	1	2	2	2	2	2	1	1	1
10	1	2	2	2	2	1	2	2	2	1	1	2	1	1	1	1	2	1	2	1	2	2	1	2	1	2	1	1	1	1	2	2	2	1	1	1	1	1	1	2	2	2	2	1	1	1	1	1	1	1	2	1	2	2	1	1	1	2	2	1	1	1	1	1	2	2	1	2	2	1	2	2	1	1	1	1	2	1	2	1	1	1	1	2	2	1	1	1	2	2	1	1	1	1	1	1	1	2	2	2	1	1	2	1	1	2	2	1	2	1	2	1	2
11	1	1	2	1	2	2	2	1	1	1	2	2	1	1	2	1	2	1	1	1	2	2	1	2	2	1	2	1	2	1	1	2	2	2	1	2	1	1	2	1	2	1	2	1	1	1	1	1	1	1	1	1	2	1	1	1	1	2	2	1	1	1	1	1	1	1	1	2	2	1	2	2	1	1	2	1	1	1	2	1	1	1	1	2	2	1	1	2	1	2	1	1	2	1	1	1	2	1	1	2	1	2	1	1	1	1	2	2	2	0	1	1	1
11	1	2	2	1	1	1	2	1	2	1	2	2	1	2	1	1	2	1	2	1	2	1	1	1	2	1	2	1	2	1	1	2	2	1	1	1	1	1	1	1	2	2	2	1	1	1	1	1	1	1	2	1	1	1	1	1	1	2	1	1	1	1	1	1	1	2	1	1	2	1	1	1	1	1	2	1	1	1	2	1	1	1	1	2	2	1	1	1	2	2	1	1	2	1	1	1	1	1	2	2	1	2	1	1	1	2	1	2	2	1	1	1	1
11	1	1	2	2	2	1	2	2	2	1	2	2	1	1	1	1	2	1	2	1	2	2	1	1	2	1	2	1	1	1	1	2	2	1	1	1	1	1	2	1	2	2	2	1	1	1	1	1	1	1	1	1	2	1	2	1	1	2	2	1	2	1	1	1	2	2	1	1	2	1	1	2	1	2	1	1	1	1	2	1	1	1	1	2	2	1	1	2	1	2	1	1	2	1	1	1	1	1	1	2	1	1	2	1	1	1	2	1	2	2	1	1	1
12	1	2	2	2	1	1	2	1	2	1	2	1	1	1	2	2	2	1	1	1	2	2	1	1	1	1	1	1	2	1	2	2	2	1	1	1	2	1	1	1	1	1	1	1	0	1	1	1	2	2	2	1	1	1	1	1	1	2	2	1	1	1	1	1	1	2	1	2	2	1	1	1	1	1	2	1	1	2	2	1	1	1	1	2	2	1	1	1	2	2	1	1	1	1	1	1	1	1	1	2	1	1	2	1	1	2	2	1	2	2	1	1	1
12	1	1	2	2	2	1	2	2	2	1	2	2	1	1	1	2	2	1	1	1	2	1	1	1	1	1	1	1	2	2	2	2	2	1	1	2	1	1	1	1	2	2	2	1	1	1	1	1	2	1	2	1	2	1	1	1	1	1	2	2	1	1	1	1	1	2	1	2	2	1	2	2	1	1	1	1	1	1	2	1	1	2	1	2	2	1	1	1	1	1	1	1	1	1	1	1	1	1	2	2	1	1	1	1	1	2	2	1	2	2	1	1	1
12	1	2	2	2	2	1	2	1	2	1	2	1	1	2	1	2	2	1	2	1	2	1	1	1	2	1	2	1	2	1	1	2	2	1	1	1	1	1	2	1	2	2	1	1	1	1	1	1	2	1	2	1	2	1	1	1	1	2	2	1	2	1	1	1	1	2	1	2	2	1	1	2	1	1	1	1	1	1	2	1	1	1	1	2	2	2	1	2	1	2	1	1	1	1	1	1	1	1	2	2	1	2	1	1	1	2	2	1	2	2	1	1	1
13	1	1	2	2	2	1	2	2	2	1	2	2	1	1	2	2	2	1	1	1	2	1	1	2	2	1	1	1	2	1	1	2	2	1	1	2	1	1	1	0	2	2	2	1	1	1	1	1	1	1	1	1	2	1	1	1	1	2	2	2	1	1	1	1	1	2	1	2	2	1	1	2	1	2	2	1	1	2	2	1	1	2	1	2	2	1	1	1	1	2	1	1	1	1	1	1	1	2	2	2	1	1	1	1	1	2	2	1	2	2	2	1	2
13	1	2	2	2	2	1	2	2	2	1	2	2	1	2	2	2	2	1	1	1	2	2	1	2	1	1	1	1	2	1	1	2	2	2	1	1	1	1	2	2	2	1	2	1	1	1	1	1	2	1	1	1	1	1	1	1	1	2	2	2	1	2	1	1	2	2	1	2	2	1	1	1	1	1	2	1	1	2	2	1	1	1	2	2	2	1	1	1	2	2	1	2	1	1	1	1	1	1	1	2	1	2	1	2	2	2	2	1	2	2	1	1	2
13	1	2	2	2	2	1	2	2	2	1	2	1	1	2	1	2	2	1	1	1	2	1	1	1	1	1	1	1	2	1	1	2	2	2	1	2	1	1	1	1	2	1	2	1	1	1	1	1	1	1	1	1	1	1	1	1	1	2	2	2	1	1	1	1	1	2	2	2	2	1	1	1	1	1	1	1	1	1	2	1	1	1	1	2	2	1	1	1	2	2	1	1	1	1	1	1	1	1	2	2	1	2	2	1	1	2	2	1	2	2	1	1	2
14	1	1	1	2	2	2	2	2	2	1	2	2	1	1	2	1	1	1	1	1	2	2	1	1	2	2	1	1	1	2	1	2	2	1	1	2	1	1	1	1	2	1	2	1	1	1	1	1	1	1	1	1	1	2	1	1	1	2	2	2	1	1	1	1	1	2	1	2	2	1	2	1	1	1	2	1	1	2	2	1	1	1	1	2	2	1	1	1	2	1	1	2	1	1	1	1	1	1	1	2	1	1	1	2	1	2	2	1	2	1	1	1	1
14	1	1	1	2	2	1	2	1	2	1	1	2	1	1	2	2	2	1	2	1	2	2	1	1	2	1	1	1	1	1	1	2	2	1	1	2	1	1	1	1	2	1	2	1	1	1	1	1	1	1	2	1	2	1	1	1	1	2	2	1	1	1	1	1	2	2	1	2	2	1	1	2	1	2	2	1	1	1	2	1	1	1	1	2	2	1	1	1	1	1	1	1	1	1	1	1	1	1	2	2	1	1	1	2	1	2	2	1	2	2	1	1	1
14	1	1	2	2	2	1	2	2	2	1	2	1	1	1	1	2	2	1	1	1	2	2	2	1	2	1	1	1	1	1	1	2	2	1	1	2	1	1	1	1	2	1	2	1	1	1	1	1	1	1	1	1	1	2	1	1	1	2	2	2	1	1	1	1	1	2	1	2	2	1	2	1	1	1	1	1	1	1	0	1	1	1	1	1	2	1	1	1	1	1	1	1	1	1	1	1	1	1	1	0	1	0	1	0	1	0	0	0	2	0	1	1	1
15	1	2	2	1	1	1	2	2	2	2	1	1	1	2	1	1	2	2	2	1	2	1	2	1	1	1	1	1	2	1	1	2	2	1	1	1	1	1	1	1	2	1	2	1	1	2	1	1	1	2	1	1	1	1	1	1	1	2	2	1	1	1	1	1	1	1	1	2	2	2	1	2	1	2	2	1	1	1	2	1	1	1	1	1	2	1	0	1	1	2	1	2	1	1	1	1	1	2	2	2	1	1	1	2	1	2	2	1	2	2	1	1	1
15	1	1	2	2	1	1	2	2	2	2	1	1	1	1	1	1	2	2	1	1	2	1	1	1	1	1	1	1	1	2	2	2	2	2	1	2	1	1	1	1	2	2	2	1	1	2	1	1	1	1	1	1	1	1	1	2	1	1	2	1	1	2	2	1	1	1	1	2	2	1	2	1	1	1	1	1	1	1	2	1	1	1	1	1	2	1	2	1	2	2	1	1	1	1	1	1	1	1	2	2	1	2	1	1	1	2	2	1	2	2	2	1	1
15	1	2	2	2	2	2	2	2	2	1	2	1	1	1	1	1	2	2	1	1	2	1	1	1	1	1	1	1	2	2	2	2	2	2	1	1	1	1	1	1	1	2	2	1	1	2	1	1	1	2	1	1	2	2	1	1	1	2	1	1	1	1	1	1	1	2	1	2	2	1	2	2	1	1	2	1	1	1	2	1	1	1	1	1	2	2	1	2	2	2	1	1	1	1	1	1	1	1	2	2	1	2	1	1	1	2	1	1	2	2	1	1	1
16	1	2	2	2	1	1	2	2	2	1	2	1	1	1	2	1	2	1	1	1	2	1	1	1	2	2	1	1	2	2	1	2	2	2	1	0	1	1	1	1	1	2	2	1	1	2	1	1	1	1	2	1	1	1	1	1	1	2	2	2	1	1	1	1	1	2	1	2	2	1	1	1	1	1	1	1	1	1	2	1	1	1	1	1	2	2	1	1	2	2	1	1	2	1	1	1	1	2	2	2	1	2	1	1	1	2	2	1	2	2	2	1	1
16	1	2	2	1	2	1	2	2	2	2	2	2	1	1	2	2	2	1	1	1	2	1	2	1	2	1	1	1	2	2	2	2	2	1	1	1	2	1	1	1	1	2	2	1	1	2	1	1	1	2	1	1	1	1	1	1	1	2	2	2	1	1	1	1	1	2	1	1	2	1	2	1	1	1	1	1	1	1	2	1	1	1	1	1	2	1	2	1	2	2	1	1	1	1	1	1	1	1	1	2	1	2	1	1	1	2	2	1	2	2	1	1	2
16	1	2	2	2	1	2	2	2	1	1	1	2	2	1	2	1	2	1	1	1	2	2	2	1	2	1	1	1	2	2	1	2	2	1	1	1	1	1	1	1	1	1	2	1	1	2	1	1	1	1	1	1	2	2	1	1	1	2	2	1	1	1	2	1	1	2	1	2	2	1	2	2	1	1	2	1	1	1	2	1	1	1	1	1	2	2	1	1	1	2	1	1	2	1	1	1	1	2	2	2	1	1	2	1	1	2	2	1	2	2	2	1	2
17	1	2	2	2	2	1	2	1	2	1	2	1	1	1	2	1	2	1	1	1	2	1	1	1	2	1	1	1	1	1	2	2	2	1	1	1	1	1	1	1	1	1	2	1	1	2	1	1	1	1	2	1	0	2	1	1	1	2	2	1	1	1	1	2	1	1	1	1	2	1	2	1	2	1	2	1	1	1	2	1	1	1	1	1	2	1	1	1	2	2	1	1	2	1	1	1	1	2	2	2	1	1	1	1	1	1	2	1	2	1	1	1	1
17	1	2	2	2	2	1	2	2	2	1	2	2	1	1	2	1	0	1	1	1	1	1	2	1	2	2	1	1	2	1	2	2	2	1	1	1	1	1	1	1	1	2	2	1	1	2	1	1	1	1	1	1	2	1	1	2	1	2	2	1	1	1	1	2	1	1	1	2	2	1	2	2	2	1	1	1	1	1	2	1	1	1	2	1	2	1	2	1	1	2	1	1	2	1	1	1	1	1	1	2	1	2	1	1	1	2	2	1	2	1	1	1	1
17	1	2	1	2	2	1	2	2	2	1	2	1	1	1	2	1	1	1	1	1	2	1	1	1	2	1	1	1	2	1	1	2	2	2	1	1	2	1	1	1	1	1	2	1	1	2	1	1	1	1	2	1	2	2	1	1	1	2	2	1	1	1	1	1	1	1	1	2	2	1	2	2	1	1	1	1	1	1	2	1	1	1	1	1	2	1	1	1	1	2	1	1	1	1	1	1	1	2	2	2	1	1	2	2	1	2	2	1	2	2	2	1	1
18	1	2	2	2	2	2	0	1	2	1	2	2	1	1	2	1	2	1	1	1	2	1	1	2	2	1	1	1	2	2	1	2	2	1	1	1	1	1	1	2	2	2	2	1	1	2	1	1	1	1	1	1	2	1	1	1	1	2	2	2	1	1	1	2	2	1	1	1	2	1	2	2	1	1	1	1	1	1	2	1	1	1	1	1	2	1	1	1	1	2	1	1	1	1	1	1	1	2	1	2	1	2	1	1	1	2	1	1	2	1	1	1	1
18	1	1	2	1	2	1	2	2	2	1	2	2	1	1	2	1	2	1	1	1	2	2	2	2	2	1	1	1	2	1	2	2	2	1	1	1	1	1	1	2	2	2	2	1	1	2	1	1	1	1	1	1	2	1	1	1	1	2	2	2	1	1	1	1	1	2	1	2	1	2	2	2	1	1	1	1	1	1	2	1	1	1	1	1	2	2	1	1	2	2	1	1	1	1	1	1	1	1	2	2	1	1	1	1	1	2	2	1	2	1	1	1	1
18	1	2	2	2	2	1	2	2	2	1	2	2	1	1	2	1	2	1	1	2	2	2	2	1	2	1	1	2	1	1	1	2	2	1	1	1	1	1	1	2	2	2	2	1	2	2	1	1	1	1	1	1	2	1	1	1	1	2	2	2	1	1	1	2	1	1	1	2	1	2	2	2	1	1	1	1	1	1	2	1	1	1	2	1	2	1	1	1	2	2	1	1	2	1	1	1	1	1	2	2	1	1	2	2	1	2	2	1	2	1	1	1	1
19	1	2	2	2	2	1	2	2	1	1	2	0	1	2	1	1	2	1	1	1	2	1	1	2	2	1	1	1	2	1	1	2	2	1	1	2	1	1	1	2	2	1	2	1	1	2	1	1	1	1	1	1	2	2	1	1	1	2	2	1	1	1	1	1	1	2	1	2	2	2	1	2	1	2	2	1	1	1	2	1	1	1	2	1	2	1	1	1	1	2	1	1	1	1	1	1	1	1	2	2	1	1	2	1	1	2	2	1	2	2	1	1	1
19	1	2	2	2	1	1	2	2	2	1	1	2	2	2	1	2	2	1	2	1	1	2	1	2	1	1	1	2	2	2	1	2	2	1	1	2	1	1	1	2	2	1	2	1	1	2	1	1	1	1	1	1	2	1	1	1	1	2	2	1	1	1	2	1	1	2	1	2	1	2	1	2	1	1	1	1	1	1	2	1	1	1	2	1	2	1	1	2	1	2	1	1	1	1	1	1	1	2	2	2	1	1	2	1	1	2	2	1	2	2	2	1	1
19	1	2	2	2	1	1	2	2	1	1	2	1	1	1	2	1	2	1	2	1	2	2	1	2	1	1	1	1	2	2	1	2	2	2	1	1	2	1	1	1	2	1	2	1	1	2	1	1	1	1	1	1	2	1	1	1	1	2	2	1	1	1	1	1	1	2	1	2	2	1	2	2	1	2	2	1	1	1	2	1	1	1	2	1	2	1	1	1	2	2	1	1	1	1	1	1	1	1	2	2	1	1	2	1	1	2	1	1	2	2	1	1	1
20	1	2	2	2	1	1	2	2	2	1	2	2	1	1	1	2	2	2	1	2	1	1	1	1	1	2	1	1	2	1	2	2	2	1	1	1	1	1	1	1	2	2	2	1	1	1	1	1	1	1	2	1	2	2	1	1	1	2	2	1	1	1	1	1	2	2	1	2	2	1	2	2	1	2	1	1	1	1	2	1	1	1	1	2	2	1	1	1	1	2	1	1	1	1	1	1	1	1	2	2	1	2	2	2	1	0	2	1	2	2	1	1	1
20	1	2	2	2	2	1	2	1	2	1	1	1	1	1	1	2	2	1	1	2	2	1	1	2	1	1	1	1	2	2	1	2	2	1	1	2	1	1	2	1	1	1	2	1	1	1	1	1	1	2	1	1	1	1	1	1	1	2	2	1	1	1	1	1	2	1	1	1	2	1	1	2	1	2	2	1	1	1	2	1	1	1	1	2	2	2	1	1	2	2	1	1	1	1	1	2	1	1	1	2	1	1	1	1	1	2	2	1	2	2	1	1	1
20	1	2	2	2	2	1	2	2	2	1	2	1	1	2	1	1	2	2	1	1	2	2	1	1	1	2	1	1	2	1	1	2	2	1	1	2	1	1	2	1	2	2	2	1	1	1	1	1	1	2	2	1	2	1	1	1	1	2	2	1	1	1	1	1	1	2	1	2	2	1	2	2	1	1	2	1	1	1	2	1	1	1	1	2	2	1	1	2	2	2	1	1	1	1	1	1	1	1	1	2	1	2	1	1	1	2	2	1	2	2	1	1	1
21	1	1	2	2	2	1	2	2	2	1	2	1	2	2	1	2	1	1	1	1	2	2	1	2	1	1	1	1	2	1	1	2	2	2	1	2	1	1	1	1	2	2	2	1	1	1	1	1	1	1	1	1	2	1	1	1	1	2	2	2	1	1	1	1	1	2	1	2	2	1	1	2	1	2	2	1	1	1	2	1	1	1	2	2	2	2	1	1	1	2	1	1	1	1	1	1	2	1	2	2	1	1	2	1	1	1	2	1	2	2	1	1	2
21	1	2	2	2	2	1	2	1	1	1	1	1	1	1	1	2	2	1	1	2	2	1	2	2	1	2	2	1	1	1	1	2	2	2	1	1	1	1	1	1	2	2	2	1	1	1	1	1	1	1	2	1	2	1	2	1	1	2	2	2	1	1	1	1	1	2	1	1	2	1	1	2	1	2	1	1	1	2	2	1	1	1	1	2	2	1	2	1	2	2	1	1	1	1	1	1	1	2	2	2	1	1	2	1	1	1	2	1	2	2	1	1	2
21	1	1	2	2	2	1	2	2	2	1	2	1	1	2	2	2	2	2	1	1	2	2	1	1	1	2	1	1	1	1	1	2	2	2	1	1	1	1	1	1	2	2	2	1	1	1	1	1	1	1	1	1	2	1	2	1	1	2	2	1	1	1	1	1	1	2	1	2	2	1	1	2	1	1	1	1	1	1	1	1	1	1	1	2	2	2	2	1	1	2	1	2	1	1	1	1	1	1	1	2	1	2	2	1	1	2	2	1	2	1	1	1	1
22	1	2	2	2	1	1	2	1	2	1	2	1	1	1	2	2	2	1	2	1	2	1	1	1	2	1	1	1	1	2	1	2	2	1	1	1	1	1	1	1	2	1	2	1	1	1	1	1	1	1	1	1	1	1	1	1	1	2	2	2	1	1	1	1	1	2	1	2	2	1	2	1	1	1	1	1	2	1	1	1	1	1	1	1	2	2	1	1	2	2	1	1	2	1	1	1	1	1	1	2	1	1	2	1	1	2	2	1	2	1	1	1	1
22	1	2	2	2	2	1	2	1	2	1	2	1	1	1	2	2	2	1	2	1	2	1	1	1	2	2	1	1	2	1	1	2	2	1	1	1	1	1	1	1	1	2	2	1	1	1	1	1	1	1	1	1	1	1	1	2	1	2	2	2	1	1	1	1	1	1	1	2	2	1	1	1	1	2	2	1	2	1	2	1	1	1	1	2	2	1	1	1	1	2	1	1	1	1	1	1	2	2	2	2	1	2	1	1	1	2	2	1	2	2	1	1	1
22	1	1	2	2	1	1	2	1	2	1	2	2	1	1	1	2	2	1	1	1	2	2	1	1	1	2	1	1	2	1	1	2	2	1	1	1	1	1	1	1	1	2	2	1	1	1	1	1	1	1	1	1	2	1	1	2	1	2	2	1	2	1	1	1	1	1	1	2	2	1	1	2	1	1	1	1	2	1	2	1	1	1	1	2	2	1	2	1	2	2	1	1	1	1	1	1	1	2	1	2	1	2	2	1	1	2	1	2	2	1	1	1	1
23	1	1	2	2	2	1	2	2	2	1	2	1	1	1	1	2	2	1	2	1	2	1	1	1	2	1	1	1	1	2	1	2	2	1	1	1	1	1	1	1	2	1	2	1	1	1	1	1	1	1	1	1	1	1	2	1	1	2	2	1	1	1	1	1	2	1	1	2	2	1	1	1	1	1	2	2	1	1	2	1	1	1	1	2	2	1	1	1	1	1	1	1	1	1	1	1	1	2	2	2	1	1	1	1	1	2	2	1	2	2	2	1	1
23	1	2	1	1	2	1	2	2	1	1	1	2	1	2	1	2	2	1	1	1	2	1	1	1	2	2	1	2	1	1	1	2	2	1	1	1	1	1	2	1	0	1	2	1	1	1	1	1	1	1	1	1	1	1	1	1	1	2	2	1	1	1	1	1	1	1	1	0	2	1	1	1	1	1	1	1	1	1	2	1	1	1	1	2	2	2	1	1	1	2	1	1	1	1	1	1	1	2	2	2	1	2	2	1	1	2	2	1	2	2	1	1	1
23	1	2	1	1	2	1	2	2	2	1	2	2	1	1	2	2	2	1	2	1	2	2	1	1	1	1	1	1	1	2	1	2	2	1	1	1	1	1	2	1	1	2	2	1	1	1	1	1	1	1	2	1	2	2	1	1	2	2	2	2	1	1	1	1	1	2	1	2	2	1	1	2	1	1	1	1	1	2	2	1	1	1	1	1	1	2	1	1	2	2	1	1	1	1	1	1	1	1	1	2	1	2	2	1	1	2	2	1	2	2	2	1	1
24	2	2	2	2	2	1	2	1	2	1	1	1	1	2	1	2	2	1	1	1	2	2	1	1	2	1	1	1	2	1	1	2	2	1	1	2	1	1	1	1	2	1	2	1	1	1	1	1	1	1	1	1	1	1	1	1	1	2	2	2	1	1	1	1	1	2	1	2	2	1	2	1	1	1	2	1	1	1	2	1	1	1	1	2	2	1	1	1	1	1	1	1	2	1	1	1	1	1	2	2	1	1	1	1	2	2	2	1	2	2	2	1	1
24	1	2	1	2	2	1	2	1	2	1	2	1	1	1	1	2	2	1	1	1	2	2	1	1	1	1	1	1	2	2	1	2	2	1	1	2	1	1	1	2	2	2	2	1	1	1	1	1	1	1	1	1	2	1	1	1	1	2	2	1	1	1	1	1	1	2	2	2	2	2	1	2	1	1	2	1	1	1	2	1	1	1	2	2	2	1	1	1	2	2	1	1	1	1	1	1	1	2	2	2	1	1	1	1	2	2	2	1	2	1	2	1	1
24	1	1	2	2	2	2	2	2	2	1	1	1	1	2	2	2	2	1	1	1	2	1	1	1	1	1	1	1	1	1	1	2	2	2	1	2	2	1	1	1	2	1	1	1	1	1	1	1	1	1	2	1	2	1	2	1	1	2	2	1	1	1	1	1	1	2	1	2	2	1	1	2	1	1	2	1	1	1	2	1	1	1	1	2	2	1	1	1	2	2	1	1	2	1	1	1	1	2	2	2	1	1	2	1	2	2	2	1	2	2	1	1	1
25	1	2	2	2	2	1	2	2	2	1	1	2	1	2	1	1	2	1	1	1	2	1	2	1	2	1	1	1	2	1	1	2	2	2	1	2	1	1	1	2	1	2	2	1	1	1	1	1	1	1	1	1	2	1	1	1	1	2	2	1	1	1	1	1	1	1	1	2	2	1	1	1	1	1	1	1	1	1	2	1	1	1	2	1	2	1	1	1	2	1	1	2	2	1	1	1	1	2	2	2	1	2	2	1	1	2	2	1	2	1	1	1	1
25	1	2	2	2	2	1	2	2	1	1	1	1	1	1	1	1	1	1	1	1	2	1	2	1	2	1	1	1	1	2	2	2	2	1	1	1	2	1	1	2	2	1	2	1	1	2	1	1	1	1	1	1	1	1	1	2	1	2	2	2	1	1	1	1	1	1	1	2	2	1	2	1	1	1	2	1	1	1	2	1	1	1	2	1	2	1	1	1	2	1	1	1	2	1	1	1	1	2	2	2	1	2	1	2	1	2	2	1	2	2	2	1	1
25	1	1	2	1	2	1	0	2	2	1	2	1	1	1	1	1	1	1	1	1	2	1	1	1	2	1	1	1	2	2	2	2	2	1	1	2	2	1	1	2	2	1	2	1	1	2	1	1	1	1	1	1	1	1	1	1	1	1	2	1	1	1	2	1	2	1	1	2	2	1	2	1	1	1	2	1	1	1	2	1	1	1	1	1	2	1	1	1	1	2	1	1	2	1	1	1	1	2	2	2	1	2	1	2	1	2	2	1	2	2	1	1	1
26	1	1	2	2	2	1	2	2	2	1	1	1	1	1	1	1	2	1	1	1	2	1	1	1	1	1	1	1	2	1	1	2	2	1	1	1	1	1	1	2	1	2	2	1	1	2	1	1	1	2	1	1	1	2	2	1	1	2	2	1	1	1	1	1	1	2	1	2	2	2	2	1	1	1	1	1	1	1	2	1	1	1	1	1	2	1	1	1	2	1	1	1	1	1	1	1	1	1	1	2	1	2	1	1	1	1	2	1	2	2	1	1	1
26	1	2	2	2	2	2	1	2	2	1	2	1	1	1	2	1	2	1	1	1	2	1	1	1	2	1	1	1	2	1	1	2	2	1	1	2	1	1	1	2	2	1	2	1	1	2	1	1	1	1	1	1	1	2	1	1	1	2	2	1	1	1	1	1	1	1	2	2	2	1	2	1	1	1	1	1	1	1	2	1	1	1	2	1	2	1	1	1	1	2	1	1	1	1	1	1	1	2	2	2	1	2	1	1	1	1	2	1	2	2	1	1	1
26	1	1	2	2	1	1	2	1	2	1	1	2	1	2	1	1	2	2	1	1	2	1	1	1	1	2	1	1	1	1	1	2	2	1	1	1	1	1	1	2	2	2	2	1	1	2	1	1	1	1	1	1	1	2	1	1	1	2	2	1	1	1	2	1	1	2	1	2	2	1	2	1	1	1	1	1	1	1	2	1	1	1	2	1	2	1	1	1	2	2	1	1	1	1	1	1	1	1	1	2	1	1	2	2	1	2	2	1	2	1	1	1	1
27	1	2	2	2	1	1	2	2	2	1	2	2	1	1	1	1	2	2	1	1	2	2	2	1	2	1	1	1	2	2	1	2	2	1	1	1	1	1	1	1	1	2	2	1	0	2	1	1	1	2	1	1	2	1	1	1	1	2	2	1	1	1	1	1	1	2	1	2	2	2	2	2	1	1	1	1	1	1	2	1	1	1	1	1	2	1	1	1	1	2	1	1	1	1	1	1	1	1	1	2	1	2	1	1	1	1	2	1	2	2	1	1	2
27	1	1	2	2	2	1	2	1	2	1	1	2	1	1	1	2	2	2	1	2	2	1	1	1	2	1	1	2	2	1	1	2	2	1	1	2	1	1	1	1	2	1	2	1	1	2	1	1	1	1	2	1	1	1	1	1	1	2	2	2	1	1	1	1	2	1	1	1	2	1	1	1	1	2	1	1	1	1	1	1	1	1	1	1	2	1	1	2	2	2	1	1	1	1	1	1	1	2	2	2	1	2	2	2	1	2	2	2	2	1	1	1	1
27	1	2	2	2	2	1	2	2	2	1	2	2	1	1	1	1	2	1	1	1	2	1	1	1	2	1	1	2	1	1	2	2	2	1	1	1	1	1	1	2	1	2	2	1	1	2	1	1	1	1	2	1	2	2	1	2	1	2	2	2	1	2	2	1	1	2	1	2	2	2	1	2	1	1	1	1	1	1	2	1	1	1	1	1	2	2	1	1	1	2	1	1	1	1	1	1	1	2	2	2	1	1	2	2	1	2	2	1	2	1	1	1	1
28	1	2	2	2	1	1	2	1	2	1	1	2	1	1	2	1	2	2	1	1	2	2	1	1	1	1	1	1	2	1	1	2	2	1	1	2	1	1	1	2	1	2	2	1	1	2	1	1	1	1	1	1	2	1	2	1	1	2	2	1	1	2	1	1	1	1	1	2	2	1	2	2	1	1	1	1	1	1	2	1	1	1	1	1	2	1	1	1	1	2	1	1	1	1	1	1	1	1	2	2	1	2	2	1	1	2	2	1	2	2	1	1	1
28	1	2	2	2	2	1	2	1	2	1	2	2	1	1	2	2	2	2	1	1	2	2	1	1	2	1	1	1	2	1	1	2	2	1	1	2	1	1	1	2	1	2	2	1	1	2	1	1	1	1	1	1	2	1	1	1	1	2	2	1	1	2	1	1	1	1	1	2	2	1	2	2	1	1	1	1	1	1	2	1	1	1	1	1	2	1	1	1	1	2	1	1	1	1	1	1	1	1	2	2	1	2	1	1	1	2	2	1	2	2	1	1	1
28	1	1	2	2	2	1	2	1	2	1	2	2	2	2	2	1	1	1	1	2	1	2	2	1	1	1	1	1	2	1	1	2	2	1	1	1	1	1	1	2	2	2	2	1	1	2	1	1	1	1	2	1	1	1	1	2	1	2	2	2	1	1	1	1	1	2	1	2	2	2	2	1	1	1	2	1	1	1	2	1	1	1	2	1	2	1	1	1	2	2	1	1	1	1	1	1	1	2	2	2	1	1	2	1	1	2	2	1	2	2	2	1	1
29	1	2	2	2	2	1	2	1	2	1	1	1	1	1	2	2	2	2	2	1	2	2	1	1	1	1	1	1	1	2	1	2	2	1	1	1	1	1	1	1	2	2	2	1	1	2	1	1	1	1	1	1	1	1	1	2	1	2	2	1	1	1	1	1	1	2	1	2	2	1	2	1	1	1	1	1	1	1	2	1	1	1	1	1	2	1	1	1	2	2	1	1	2	1	1	1	1	1	2	2	1	2	2	1	1	2	2	2	2	1	1	1	2
29	1	1	2	2	2	1	2	1	2	1	1	2	1	1	1	2	2	2	1	1	2	2	2	1	1	1	1	1	2	1	2	2	2	1	1	2	1	1	1	2	2	2	2	1	1	2	1	1	1	1	2	1	1	1	1	1	1	2	2	1	1	1	1	1	2	2	1	2	2	2	1	1	1	1	1	1	2	1	2	1	1	2	1	1	2	1	1	1	1	2	1	1	2	1	1	1	1	2	2	2	1	2	1	2	1	2	2	1	2	2	1	1	1
29	1	2	2	1	1	1	2	2	2	1	1	2	1	1	2	1	2	1	2	1	2	2	2	2	2	1	1	1	2	1	1	2	2	1	1	2	1	1	1	1	2	2	2	1	1	2	1	1	1	1	1	1	1	1	1	2	1	2	2	2	1	1	1	1	1	2	1	2	2	2	1	1	1	1	1	1	2	1	2	1	1	1	2	1	2	1	1	1	2	2	1	2	1	1	1	1	1	2	2	2	1	1	2	1	1	2	2	1	2	2	1	1	2
30	1	2	2	2	2	1	2	2	2	1	1	1	1	1	2	1	1	1	2	1	2	2	1	2	2	1	2	1	1	1	1	2	2	2	1	2	1	1	1	2	2	2	2	1	1	2	1	1	1	1	2	1	1	1	1	2	1	1	2	1	1	1	1	1	1	2	1	2	2	2	1	1	1	1	2	1	1	1	2	1	1	1	1	1	2	1	1	1	2	2	1	1	1	1	1	1	1	2	2	2	1	1	2	1	1	2	2	1	2	2	1	1	1
30	1	2	2	2	2	1	2	1	2	1	2	1	1	1	2	1	2	1	2	1	2	2	1	2	2	1	1	1	2	1	1	2	2	1	1	2	1	1	1	2	2	1	2	1	1	2	1	1	1	1	2	1	2	1	1	2	1	2	2	2	1	1	1	1	1	2	1	2	2	2	1	1	1	2	1	1	1	1	2	1	1	1	1	1	2	1	1	1	2	2	1	1	1	1	1	1	1	1	2	2	1	1	2	1	1	2	2	1	2	1	1	1	1
30	1	1	2	2	1	1	2	2	2	1	1	2	1	1	2	1	1	1	2	1	2	2	1	1	1	1	1	1	1	1	1	2	2	1	1	2	1	1	2	1	2	2	2	1	1	2	1	1	1	1	1	1	1	1	2	1	1	1	2	1	1	1	1	2	1	2	0	0	0	1	2	2	1	1	1	1	1	1	2	1	1	1	1	1	1	1	1	1	2	1	1	1	1	1	1	1	1	1	1	2	1	2	2	1	1	2	2	1	2	1	2	1	1
31	1	1	2	2	2	1	2	2	2	1	2	1	1	1	2	1	2	1	1	1	2	2	1	1	1	1	1	1	2	2	1	2	2	1	1	1	1	1	1	1	2	1	2	1	1	1	1	1	1	1	1	1	2	1	2	1	1	2	2	2	1	1	1	1	2	2	1	1	2	1	1	2	1	2	1	1	1	1	2	1	1	1	2	2	2	1	1	1	2	1	1	1	1	1	1	1	1	2	2	2	1	1	2	1	1	1	2	1	2	2	2	1	1
31	1	1	2	2	2	1	2	1	1	1	1	2	1	1	1	2	2	1	1	1	2	1	1	1	1	1	1	1	2	1	1	2	2	2	1	2	1	1	1	1	2	2	2	1	1	1	2	1	1	2	1	1	2	2	1	2	1	2	2	1	1	1	1	1	2	2	1	1	2	1	1	2	1	1	2	1	1	2	2	1	1	2	2	2	2	1	1	1	2	2	1	1	1	1	1	1	1	1	2	2	1	2	1	1	1	2	2	1	2	1	2	1	1
31	1	2	2	2	2	2	2	1	1	1	2	1	1	2	2	2	2	1	2	1	2	2	1	1	1	1	1	1	2	1	1	2	2	2	1	1	1	1	1	1	2	2	2	1	1	1	1	1	1	1	1	1	2	2	1	1	1	2	2	2	1	1	1	1	1	2	1	2	2	2	1	2	1	2	1	1	1	2	2	1	1	1	1	2	2	1	1	1	2	1	1	1	1	1	1	1	1	2	1	2	1	1	2	1	1	1	2	1	2	2	2	1	1
32	1	1	2	2	1	2	2	2	2	1	2	2	1	1	2	2	2	2	2	1	2	2	1	1	1	1	2	2	1	2	1	2	2	2	1	1	1	1	1	2	2	2	2	1	1	1	1	1	1	1	2	1	1	1	1	1	1	2	2	1	1	1	1	1	2	2	2	2	2	2	2	1	1	1	1	1	1	2	2	1	1	1	1	2	2	1	1	1	2	1	1	2	1	1	1	1	1	2	2	2	1	2	1	1	1	2	2	1	2	2	1	1	2
32	1	1	2	2	2	2	1	2	2	1	2	1	1	1	1	2	2	2	2	1	2	1	1	1	2	1	2	1	1	1	1	2	2	2	1	2	1	1	1	1	1	2	2	1	1	2	1	1	1	1	1	1	1	1	1	1	1	2	2	1	1	1	1	1	2	2	1	2	2	1	1	1	1	1	1	2	1	1	2	1	1	1	1	2	2	1	1	1	1	2	1	1	1	1	1	1	1	2	2	2	1	1	1	1	2	2	2	1	2	2	1	1	1
32	1	1	2	2	2	2	2	1	2	1	2	1	1	1	1	1	2	1	1	1	2	1	1	1	1	1	2	1	1	1	1	2	2	2	1	2	1	1	1	1	1	2	2	1	1	1	1	1	2	1	1	1	1	2	1	1	1	2	2	2	1	1	1	1	2	2	1	2	2	1	2	1	1	1	1	1	1	2	2	1	1	1	1	2	2	1	2	1	1	2	1	1	1	1	1	1	1	1	2	2	1	1	2	1	1	2	2	1	2	1	1	1	1
33	1	1	2	1	2	2	2	1	2	1	2	2	2	1	2	2	2	1	1	1	2	1	1	1	2	1	1	1	1	2	1	2	2	1	1	2	1	1	1	1	2	1	1	1	1	1	1	1	1	1	1	1	2	1	1	1	1	2	2	1	1	1	1	2	1	2	1	2	2	1	1	2	1	1	2	1	1	2	1	1	1	1	1	2	2	1	1	1	2	2	1	1	1	1	1	1	1	1	1	2	1	1	1	1	1	2	2	1	2	1	1	1	1
33	1	1	2	2	2	2	0	2	2	1	1	2	2	1	1	2	2	1	1	1	2	1	1	1	2	1	2	1	2	1	1	2	2	1	1	2	1	1	1	1	1	1	2	1	1	1	1	1	2	1	2	1	2	2	1	1	1	2	1	2	1	1	1	1	2	2	1	1	2	1	1	2	1	1	2	1	1	1	2	1	1	1	1	2	2	1	1	1	1	2	1	1	1	1	1	1	1	2	2	2	1	1	1	1	1	2	2	1	2	1	1	1	1
33	1	1	2	2	1	2	2	1	2	1	2	2	1	1	2	2	2	1	1	1	2	1	1	1	2	1	1	1	2	1	1	2	2	1	1	2	1	1	1	1	2	1	1	1	1	1	1	1	1	1	2	1	1	1	1	1	1	2	2	1	1	1	1	1	2	2	1	2	2	1	1	1	1	1	2	1	1	2	1	1	1	1	1	2	2	1	1	1	1	2	1	1	1	1	1	1	1	2	1	2	1	1	1	1	2	2	2	1	2	2	1	1	1
34	1	2	2	2	2	1	2	2	2	1	1	2	1	1	1	1	2	1	1	1	2	1	2	1	1	1	1	1	2	1	2	2	2	1	2	1	1	1	2	1	2	2	2	1	1	2	1	1	1	1	2	1	1	1	1	1	1	2	2	1	1	1	2	1	2	1	1	2	2	1	2	1	1	1	1	1	2	1	2	1	1	1	1	1	2	1	1	1	1	2	1	1	1	1	1	1	1	1	2	2	1	2	2	1	1	2	2	1	2	1	1	1	2
34	1	2	2	2	1	1	2	2	2	1	2	2	1	1	1	1	1	1	1	0	2	1	1	1	1	1	1	1	1	1	1	2	2	1	1	2	1	1	1	1	1	1	2	1	1	2	1	1	1	1	1	1	1	2	1	1	2	2	2	2	1	1	2	1	1	1	1	2	2	1	2	2	1	1	1	1	1	1	2	1	1	1	2	1	2	1	1	1	1	2	1	1	2	1	1	1	1	2	2	2	1	2	1	1	1	2	2	1	2	1	1	1	1
34	1	2	2	2	2	1	1	2	2	1	1	2	1	2	1	1	2	1	1	1	2	1	1	1	2	1	1	1	1	1	1	2	2	1	1	1	1	1	1	1	1	1	2	1	1	2	1	1	1	1	1	1	2	1	1	2	1	1	2	2	1	1	1	1	1	2	1	2	2	1	1	2	1	1	2	1	1	1	2	1	1	1	1	1	1	1	1	1	1	2	1	1	2	1	1	1	1	2	1	2	1	1	1	2	1	2	2	1	2	2	2	1	1
35	1	1	2	2	1	1	2	2	2	2	1	2	1	1	1	1	2	1	1	1	2	1	1	2	1	1	1	1	1	2	1	2	2	1	1	2	1	1	1	2	1	2	2	1	1	1	1	1	1	1	1	1	1	1	1	1	0	2	2	1	1	1	1	1	1	2	1	2	2	1	2	1	1	2	1	1	1	1	2	1	1	1	1	1	2	1	1	1	2	2	1	1	2	1	1	1	1	1	2	2	1	2	2	1	1	2	2	1	2	1	1	1	1
35	1	2	2	1	1	1	2	2	2	1	1	1	1	1	1	1	2	1	1	1	2	1	1	2	1	1	1	1	1	2	2	2	2	1	1	1	1	1	1	1	1	2	2	1	1	2	1	1	1	2	2	1	2	1	1	1	1	2	2	2	1	1	2	1	1	2	1	2	2	1	2	2	1	1	2	1	1	1	2	1	1	1	1	1	2	1	2	1	1	2	1	1	1	1	1	1	1	1	2	2	1	2	1	2	1	2	2	1	2	1	2	1	1
35	1	2	2	2	1	1	2	2	2	2	1	2	1	1	1	1	2	1	2	1	2	1	1	2	1	1	1	1	2	1	1	2	2	1	1	1	1	1	2	1	1	2	2	1	1	2	1	1	1	1	2	1	1	1	1	1	2	2	2	1	1	1	2	1	1	2	1	1	2	1	2	1	1	1	2	2	1	1	2	1	1	1	1	1	2	1	2	1	2	2	1	1	1	1	1	1	2	2	2	2	1	1	2	1	1	2	2	1	2	2	2	1	1
36	1	1	2	2	2	1	2	1	2	1	1	2	1	2	2	1	2	1	1	1	1	1	2	1	2	2	1	1	1	2	2	2	2	1	1	1	2	1	2	1	2	1	2	1	1	2	1	1	1	1	2	1	2	2	1	1	1	1	2	1	1	1	2	1	1	1	1	2	2	1	2	2	1	1	1	1	2	1	2	1	1	1	1	1	2	1	2	1	1	2	1	1	1	1	1	1	1	2	1	2	1	2	2	2	2	2	2	1	2	2	1	1	2
36	1	2	2	2	1	2	2	1	2	1	2	2	1	1	1	1	2	1	1	1	2	1	1	1	2	2	1	1	2	2	2	2	2	1	1	1	1	1	1	1	2	2	2	1	1	2	1	1	1	1	2	1	1	1	1	1	1	2	2	2	1	1	2	1	1	1	2	2	2	2	2	1	1	1	1	1	1	1	2	1	1	1	2	1	2	1	1	2	1	2	1	2	1	1	1	1	1	1	2	2	1	1	2	1	1	1	2	1	2	1	1	1	1
36	1	1	2	2	2	1	2	2	2	2	2	2	1	1	1	1	1	2	1	1	2	1	1	1	1	2	2	1	2	1	1	2	2	1	1	1	1	1	1	1	1	2	2	1	1	2	1	1	1	1	2	1	1	2	1	1	1	2	2	1	1	1	1	1	1	2	1	1	2	1	2	1	2	1	2	1	1	1	2	1	1	1	2	1	2	1	1	1	2	2	1	1	1	1	1	1	1	1	1	2	1	1	2	1	1	2	2	1	2	1	1	1	1
37	1	2	2	1	2	1	2	2	2	1	2	2	1	1	1	1	1	1	1	1	2	2	1	1	1	1	1	1	1	2	2	2	2	1	1	1	1	1	1	1	1	1	2	1	1	2	1	1	1	1	1	1	2	1	1	2	1	2	2	2	1	1	1	1	1	2	1	2	2	1	2	2	1	1	1	1	1	1	2	1	1	1	1	1	2	1	1	1	2	2	1	1	2	1	1	1	1	1	2	2	1	2	2	1	1	2	2	1	2	1	1	1	1
37	1	1	2	2	1	2	2	2	1	1	1	2	1	1	2	1	1	1	1	1	2	2	2	1	2	1	1	1	2	1	1	2	2	1	1	2	1	1	1	2	1	2	2	1	1	2	1	1	1	1	1	1	2	2	1	2	1	2	2	1	1	1	1	1	1	2	1	2	2	1	1	1	1	1	2	1	1	1	2	1	1	1	1	1	2	1	1	1	2	1	1	1	1	1	1	1	1	2	2	2	1	1	2	1	1	2	2	1	2	2	1	1	1
37	1	2	2	2	1	1	2	2	2	1	2	2	2	1	2	1	2	2	1	1	2	2	1	1	2	2	1	1	2	1	2	2	2	2	1	1	1	1	2	2	2	2	2	1	1	2	1	1	1	2	1	1	1	1	1	1	1	2	2	2	1	1	1	1	1	1	1	1	2	1	1	1	1	1	2	1	1	1	2	1	1	1	1	1	2	1	1	1	1	2	1	1	1	1	1	1	1	1	2	2	1	1	1	1	1	2	2	2	2	1	1	1	1
38	1	1	2	1	2	1	2	2	2	1	2	2	2	1	2	2	1	1	1	1	2	1	1	1	2	1	1	1	2	2	1	2	2	2	1	1	1	1	2	2	1	2	2	1	1	2	1	1	1	1	1	1	2	1	1	1	1	2	2	2	1	1	1	1	1	2	1	2	2	2	2	2	1	1	1	1	1	1	2	1	1	1	1	1	2	1	1	1	2	2	1	1	1	1	1	1	1	2	1	2	1	2	2	2	1	2	2	1	2	2	1	1	1
38	1	2	2	2	2	1	2	2	2	1	1	2	1	1	1	1	2	2	1	1	2	1	1	1	1	1	1	1	2	2	1	2	2	2	1	1	1	1	2	1	2	1	2	1	1	2	1	1	1	1	1	1	2	1	1	1	1	2	2	2	1	1	1	1	1	2	1	2	2	2	2	2	1	1	1	1	1	1	2	1	1	1	1	1	2	1	1	1	1	2	1	1	1	1	1	1	1	1	1	2	1	1	2	2	1	2	2	1	2	2	1	1	1
38	1	1	2	2	2	1	2	1	1	1	2	2	1	1	1	1	2	1	2	1	2	1	1	1	1	2	1	2	2	1	1	2	2	1	1	2	1	1	2	2	2	1	2	1	1	2	1	2	1	1	1	1	2	2	1	1	1	2	2	2	1	1	1	1	1	1	1	2	2	2	2	2	1	1	1	1	1	1	2	1	1	1	1	1	2	1	1	1	2	2	1	1	1	1	1	1	1	1	1	2	1	2	2	2	1	2	2	1	2	1	2	1	1
39	1	1	2	1	2	1	2	2	2	1	2	2	1	1	1	1	2	1	2	1	2	1	1	1	2	1	1	1	2	1	2	2	2	2	1	2	1	1	1	1	2	2	2	1	1	2	1	1	1	1	2	1	2	2	1	1	1	2	2	1	1	1	1	1	2	1	1	1	2	1	2	2	1	1	2	1	2	1	2	1	1	2	1	1	2	2	1	1	1	2	1	1	1	1	1	1	1	1	2	2	1	2	1	1	1	2	2	1	2	2	2	1	2
39	1	2	2	2	2	1	2	2	2	1	2	2	1	1	1	2	2	1	2	1	1	2	1	2	1	1	1	2	2	1	1	2	2	2	1	2	1	1	1	1	2	1	2	1	1	2	1	1	1	1	2	1	1	2	1	2	1	2	2	1	1	1	1	1	2	2	1	2	2	1	2	1	1	2	2	1	1	1	1	1	1	2	1	1	2	1	1	1	1	2	1	2	1	1	1	1	1	1	2	2	1	1	2	1	1	2	2	0	2	2	1	1	2
39	1	2	2	1	1	2	2	1	1	1	2	2	1	1	1	2	2	1	1	1	2	1	1	2	2	1	1	1	2	1	1	2	2	2	1	2	1	1	1	1	2	2	2	1	1	2	1	1	1	1	1	1	2	2	1	2	1	2	2	2	1	1	1	2	1	2	1	2	2	2	2	2	1	1	1	1	2	1	2	1	1	1	2	1	2	1	1	1	1	2	1	1	1	1	1	1	1	1	1	2	1	1	2	1	1	2	2	1	2	1	1	1	2
40	1	2	2	2	2	1	2	2	2	1	1	1	2	1	1	1	2	2	1	2	2	1	1	1	2	1	1	1	1	2	1	2	2	2	1	2	1	1	1	1	1	2	2	1	1	1	1	1	1	1	1	1	2	1	1	1	1	2	2	1	1	1	1	2	1	2	1	2	2	1	1	2	1	2	1	1	1	1	2	1	1	2	1	2	2	1	1	2	1	1	1	1	1	1	1	2	1	1	1	2	1	2	2	1	1	1	2	1	2	2	1	1	0
40	1	2	2	2	2	1	2	1	1	2	2	1	1	1	1	2	2	1	2	2	2	2	1	1	2	1	2	1	1	1	1	2	2	1	1	2	1	1	1	1	2	1	2	1	2	1	1	1	1	1	1	1	2	1	1	1	1	2	2	1	1	1	1	1	1	2	1	2	2	1	1	2	1	2	1	1	1	1	2	1	1	2	2	2	2	1	1	2	1	2	1	1	1	1	1	1	1	1	1	2	1	2	2	1	1	2	2	1	2	2	1	1	1
40	1	2	2	2	2	1	2	2	2	1	1	1	1	1	1	1	1	1	1	1	2	1	1	2	1	1	1	1	2	1	1	2	2	2	1	2	1	1	1	2	2	1	2	1	1	1	1	1	1	1	1	1	2	1	1	1	1	1	2	1	1	1	1	1	1	2	1	2	2	2	1	2	2	2	1	1	1	1	2	1	1	1	1	2	2	1	1	2	2	2	1	2	1	1	1	1	1	1	1	2	1	1	2	1	1	2	2	1	2	2	1	1	1
41	1	1	2	2	2	1	2	2	2	1	1	1	1	1	1	1	1	1	2	2	2	2	1	1	1	1	1	1	1	1	1	2	2	1	1	2	1	1	1	2	2	1	2	1	1	1	2	1	1	1	1	1	1	1	1	2	1	2	2	1	1	1	1	1	1	2	1	2	2	1	2	1	1	1	2	1	1	1	2	1	1	1	2	2	2	1	1	1	1	2	1	2	1	1	1	1	1	1	2	2	1	2	1	1	1	2	2	1	2	2	2	1	1
41	1	2	2	1	2	1	2	1	2	1	1	1	1	1	1	1	2	1	1	1	2	2	1	1	1	2	1	1	1	1	1	2	2	2	1	1	1	1	1	2	2	2	2	1	1	1	2	1	1	1	1	1	1	1	1	1	1	2	2	1	1	1	1	1	1	2	1	2	2	2	1	1	1	1	1	1	1	2	2	1	1	2	1	2	2	1	1	1	2	2	1	1	2	1	1	1	1	1	2	2	1	2	2	1	1	1	2	1	2	2	1	1	2
41	1	1	2	1	2	1	2	1	2	1	1	1	1	1	1	1	2	1	1	1	2	1	1	1	1	2	1	1	2	1	1	2	2	2	1	1	1	1	2	1	1	1	2	1	1	1	1	1	2	1	2	1	1	1	1	1	1	2	2	1	1	1	1	1	2	2	1	2	2	1	1	1	1	1	1	1	2	2	2	1	1	2	1	2	2	1	1	1	2	2	1	2	1	1	1	1	1	2	2	2	1	2	2	1	1	2	2	1	2	2	1	1	1
42	1	2	2	2	1	2	2	1	2	1	1	2	1	1	1	1	2	1	2	1	2	1	1	1	1	1	1	1	1	1	1	2	2	1	1	2	1	1	1	1	1	1	1	1	1	2	1	1	1	1	1	1	1	1	1	1	1	1	2	1	1	1	1	1	1	2	1	2	2	1	1	1	1	1	2	2	1	2	2	1	1	1	1	2	2	1	2	1	2	1	1	1	1	1	2	1	1	2	1	2	1	1	1	1	2	2	2	1	2	2	1	1	1
42	1	1	2	2	2	2	2	2	2	1	1	2	1	2	1	1	2	1	1	1	2	1	1	1	1	1	1	1	1	1	1	2	2	1	1	2	1	1	1	1	1	1	1	1	1	2	1	1	2	1	1	1	1	1	1	1	1	1	1	2	1	1	1	1	2	2	1	2	2	1	1	1	1	1	2	1	1	2	2	1	1	2	1	2	2	1	2	1	2	1	1	1	1	1	1	1	1	1	2	2	1	1	2	1	2	1	1	1	2	1	1	1	1
42	1	1	1	1	1	1	2	1	2	1	1	1	1	2	2	2	2	1	2	0	2	1	2	1	1	1	1	2	1	1	1	2	2	1	1	2	1	1	1	1	1	2	1	1	1	1	1	1	2	1	1	1	1	1	1	1	1	2	2	1	1	1	1	1	2	2	1	2	2	1	1	1	1	1	2	2	1	2	2	1	1	1	1	2	2	1	1	1	2	1	1	1	1	1	1	1	1	2	1	2	1	1	1	1	1	1	2	1	2	2	1	1	1
43	1	1	2	1	2	1	2	1	2	1	1	2	1	1	1	2	2	1	1	1	2	2	1	1	2	1	1	1	2	1	1	2	2	1	1	2	1	1	1	1	2	1	1	1	2	1	1	2	1	1	1	1	2	2	1	1	1	2	2	1	1	1	1	1	2	2	1	2	2	1	1	2	1	1	2	1	1	2	2	1	1	1	1	2	2	1	1	1	2	2	1	1	1	1	1	1	1	2	2	2	1	1	1	1	1	2	1	1	2	2	1	1	1
43	1	1	2	2	1	1	1	1	2	1	2	2	1	1	1	1	1	1	1	1	1	2	1	2	2	1	1	1	1	1	1	2	2	2	1	2	2	1	1	1	2	1	1	1	2	1	1	2	2	1	1	1	2	1	1	1	1	2	2	1	1	1	1	1	1	2	1	2	2	1	1	2	1	1	2	1	1	1	1	1	1	1	1	2	2	1	1	1	2	1	1	1	1	1	1	1	1	1	2	2	1	1	2	1	1	1	2	1	2	2	1	1	1
43	1	1	1	1	2	1	2	1	2	1	1	2	1	1	1	1	2	1	1	1	2	2	1	2	2	1	1	2	2	1	1	2	2	1	1	2	1	1	1	1	2	1	1	1	2	1	1	1	2	1	1	1	2	1	1	1	1	2	2	1	1	1	1	1	2	2	1	1	2	1	1	2	1	1	1	1	1	2	2	1	1	1	1	2	2	1	1	1	2	2	1	1	2	1	1	1	1	1	2	2	1	2	1	1	1	2	2	1	2	1	1	1	1
44	1	2	2	2	2	1	2	1	2	1	1	1	1	1	1	1	2	1	1	2	2	1	2	1	1	1	2	1	2	1	2	2	2	1	1	1	1	1	1	1	1	2	2	1	1	2	1	1	1	1	1	1	2	1	1	0	1	2	2	2	1	1	1	1	2	1	2	1	2	1	1	2	1	1	1	1	1	1	1	1	1	1	1	1	2	2	1	1	2	2	1	2	1	1	1	1	1	2	1	2	1	1	2	2	2	1	2	1	2	1	1	1	1
44	1	2	2	2	2	2	2	1	2	1	2	1	1	1	1	1	2	1	1	2	2	1	1	1	1	1	1	1	2	2	2	2	2	1	1	1	1	1	2	2	1	2	2	1	1	2	1	1	1	2	1	1	2	1	1	1	2	2	2	2	1	1	1	1	1	1	2	2	2	1	1	2	1	1	2	1	1	1	2	1	1	1	1	1	2	1	1	1	2	1	1	2	1	1	1	1	1	2	2	2	1	1	2	2	2	2	1	1	2	1	1	1	1
44	1	1	2	2	1	2	2	2	2	1	1	2	1	1	1	1	2	1	1	1	2	1	2	1	1	1	1	1	2	1	2	2	2	1	1	1	1	1	1	1	2	2	2	1	1	2	1	1	1	2	2	1	2	2	1	1	1	1	2	2	1	1	1	1	2	1	1	1	2	1	2	2	1	1	2	1	1	1	2	1	1	1	1	1	2	1	0	1	1	2	1	1	1	1	1	1	1	2	2	2	1	1	2	1	1	1	2	1	2	1	2	1	1
45	1	1	2	2	1	2	2	2	2	1	2	2	1	1	1	1	2	1	1	1	2	1	1	1	1	1	2	1	2	1	1	2	2	1	1	1	1	1	1	1	1	1	2	1	1	2	1	1	1	1	1	1	1	1	1	1	1	2	2	1	1	1	1	2	2	2	1	2	2	1	2	1	1	1	1	1	1	1	2	1	1	1	1	1	2	1	1	1	1	2	1	1	1	1	1	1	1	1	2	2	1	2	1	1	2	2	1	1	2	1	2	1	1
45	1	2	2	1	1	2	2	2	1	1	1	1	1	1	1	1	2	1	1	1	2	1	2	1	1	1	2	1	2	1	2	2	2	2	1	1	1	2	1	1	0	1	2	1	1	1	1	1	1	1	2	1	1	1	1	2	1	2	2	1	1	1	1	1	1	1	1	2	2	1	2	1	1	1	1	1	1	1	1	1	1	1	1	1	2	1	1	1	1	2	1	1	1	1	1	1	1	1	2	2	1	2	1	2	2	1	1	1	2	1	2	1	1
45	1	1	2	1	1	2	2	2	2	1	2	1	1	1	1	1	2	1	1	1	2	1	1	1	1	1	1	1	2	1	2	2	2	1	1	1	1	1	2	1	1	1	2	1	1	2	1	1	1	1	2	1	1	1	1	1	1	2	2	1	1	1	1	2	2	2	1	2	2	1	2	1	1	1	1	1	1	1	2	1	1	1	1	1	2	1	1	1	2	2	1	1	1	1	1	1	1	1	2	2	2	2	1	1	2	1	1	1	2	1	2	1	1
46	1	1	1	2	2	1	2	1	2	1	1	1	1	1	1	1	2	1	1	1	1	1	1	1	1	1	1	1	2	1	2	2	2	1	1	1	1	1	1	1	2	1	2	1	1	1	1	1	1	1	1	1	2	1	1	1	1	2	2	2	1	1	2	1	2	1	1	1	2	1	2	2	1	1	2	1	2	1	2	1	1	1	2	1	2	1	1	1	2	2	1	1	1	1	1	1	1	2	1	2	1	2	1	1	1	2	2	1	2	2	1	1	1
46	1	1	2	1	2	1	2	1	2	1	1	2	1	1	1	1	2	1	1	2	2	1	1	1	1	1	1	1	1	1	2	2	2	2	1	2	1	1	1	1	1	2	2	1	1	2	1	1	1	1	1	1	2	1	1	2	1	2	2	1	1	1	1	1	2	2	1	2	2	1	2	2	1	2	1	1	1	1	2	1	1	1	1	1	2	2	2	1	1	2	1	2	1	1	1	2	1	2	1	2	1	1	2	1	1	2	2	1	2	2	1	1	1
46	1	1	2	1	2	2	2	1	2	1	1	1	1	1	1	1	2	1	1	1	2	2	2	1	1	1	1	1	1	1	1	2	2	1	1	1	2	1	1	1	1	2	2	1	1	2	1	1	1	1	1	1	2	1	1	1	2	2	2	1	1	2	1	1	1	2	1	2	2	1	2	2	1	2	1	1	1	1	2	1	1	1	1	1	2	2	1	1	2	2	1	1	1	1	1	1	1	1	2	2	1	2	1	1	1	2	2	2	2	1	2	1	1
47	1	1	2	2	2	0	2	1	2	1	1	2	1	1	1	1	2	1	2	1	2	1	2	1	1	1	1	1	2	1	1	2	2	2	1	2	1	1	2	1	2	2	2	1	1	2	1	1	1	1	1	1	1	1	1	1	1	2	2	2	1	0	1	1	1	1	1	2	2	1	2	2	1	1	1	1	1	1	2	1	1	1	1	1	2	1	1	1	1	2	1	1	1	1	1	1	1	1	2	2	1	2	2	1	1	2	2	1	2	2	1	1	2
47	1	1	2	2	2	1	2	1	2	1	1	2	1	1	1	1	2	1	2	1	2	1	2	1	1	1	1	1	2	1	1	2	2	2	1	2	1	1	2	1	2	2	2	1	1	2	1	1	1	1	1	1	1	1	1	1	1	2	2	2	1	2	1	1	1	1	1	2	2	1	2	2	1	1	1	1	1	1	2	1	1	1	1	1	2	1	1	1	1	2	1	1	1	1	1	1	1	1	2	2	1	2	2	1	1	2	2	1	2	2	1	1	2
47	1	1	2	2	2	1	2	1	2	1	1	1	1	1	1	1	2	1	2	1	2	1	1	1	1	1	1	1	2	1	1	2	2	1	1	2	2	1	1	1	1	2	2	1	1	2	1	1	1	1	2	1	1	1	1	1	1	2	2	1	1	1	1	1	1	1	1	2	2	1	1	1	1	1	1	1	1	1	2	1	1	1	1	1	2	1	1	2	1	2	1	1	1	1	1	1	1	1	2	2	1	2	2	1	1	2	2	1	2	2	1	1	1
48	1	2	2	2	2	1	2	1	2	1	1	2	1	1	1	2	2	2	1	1	2	2	2	2	1	2	1	1	2	1	1	2	2	1	1	2	1	1	1	2	2	2	2	1	1	2	1	1	1	1	1	1	2	1	1	1	1	2	2	1	1	1	1	1	1	1	2	2	2	2	1	2	1	1	1	1	1	1	2	1	1	1	2	1	2	1	1	1	2	2	1	1	1	1	1	1	1	2	1	2	1	1	2	2	1	2	2	1	2	2	1	1	2
48	1	1	2	2	2	1	2	1	2	1	2	2	1	1	1	2	2	2	2	1	2	2	1	2	1	1	1	2	2	1	1	2	2	2	1	2	1	1	1	2	2	2	2	1	1	2	1	1	1	2	1	1	1	1	1	1	1	2	2	1	1	1	1	1	1	2	2	2	2	1	2	1	1	1	1	1	1	1	2	1	1	1	2	1	2	1	2	1	1	2	1	1	1	1	1	1	1	2	2	2	1	1	2	1	1	2	2	1	2	1	1	1	2
48	1	1	2	1	2	1	2	2	2	1	1	2	1	1	1	1	1	1	1	1	2	1	1	1	2	1	1	2	2	1	1	2	2	2	1	2	2	1	1	2	2	2	2	1	1	2	1	1	1	2	1	1	1	2	1	1	1	2	2	1	1	1	1	1	1	1	2	1	2	2	1	2	1	1	1	1	1	1	2	1	1	1	2	1	2	1	1	1	1	2	1	1	1	1	1	1	1	2	1	1	1	1	2	2	1	2	2	1	2	2	1	1	1
49	1	1	2	2	2	1	2	1	2	1	1	2	1	1	1	1	1	1	1	1	2	1	2	1	2	2	1	1	1	2	1	2	2	1	1	2	1	1	1	1	2	1	0	0	0	0	0	0	0	0	0	0	0	0	0	0	0	0	0	0	0	0	0	0	0	0	0	0	0	0	0	0	0	0	0	0	0	0	0	0	0	0	0	0	0	0	0	0	0	0	0	0	0	0	0	0	0	0	0	0	0	0	0	0	0	0	0	0	0	0	0	0	0
49	1	1	2	2	2	1	2	2	1	1	2	2	1	1	2	1	1	1	1	1	2	1	2	1	2	1	1	2	1	2	2	2	2	2	1	1	1	1	1	2	2	2	0	0	0	0	0	0	0	0	0	0	0	0	0	0	0	0	0	0	0	0	0	0	0	0	0	0	0	0	0	0	0	0	0	0	0	0	0	0	0	0	0	0	0	0	0	0	0	0	0	0	0	0	0	0	0	0	0	0	0	0	0	0	0	0	0	0	0	0	0	0	0
49	1	1	2	2	2	1	2	1	2	1	2	2	1	1	2	1	1	1	1	1	2	1	2	1	1	2	1	2	1	2	1	2	2	2	1	1	1	1	1	1	1	2	0	0	0	0	0	0	0	0	0	0	0	0	0	0	0	0	0	0	0	0	0	0	0	0	0	0	0	0	0	0	0	0	0	0	0	0	0	0	0	0	0	0	0	0	0	0	0	0	0	0	0	0	0	0	0	0	0	0	0	0	0	0	0	0	0	0	0	0	0	0	0
50	1	1	2	1	2	1	2	1	2	1	2	2	1	2	1	1	2	1	2	1	2	1	1	1	2	1	1	1	2	2	2	2	2	1	1	1	1	1	1	1	2	1	2	1	1	2	1	1	1	1	2	1	1	1	1	1	1	2	2	1	1	1	1	1	2	2	2	2	2	1	1	1	1	1	1	1	1	1	2	1	1	1	1	1	2	1	1	1	2	2	1	1	1	1	1	1	1	2	2	2	1	2	1	1	1	2	2	1	2	2	1	1	1
50	1	1	2	1	2	1	2	2	2	1	1	2	1	1	1	1	2	1	1	1	2	2	2	1	2	1	1	1	2	2	2	2	2	1	1	2	1	1	1	1	2	1	2	1	1	2	1	1	1	1	2	1	1	1	1	1	1	2	2	1	1	1	1	1	1	2	2	2	2	1	1	1	1	1	1	1	1	1	1	1	1	1	1	1	2	1	1	1	2	2	1	2	1	1	1	1	1	1	1	2	1	1	2	1	2	2	2	1	2	1	1	1	1
50	1	1	2	2	2	1	2	1	2	1	2	2	1	1	2	1	1	1	1	1	2	1	2	1	1	2	1	1	2	1	1	2	2	1	2	2	2	1	2	1	2	1	2	1	1	2	1	1	1	1	1	1	2	1	1	1	1	2	2	1	1	1	1	1	1	1	1	2	2	1	2	1	1	1	1	1	1	1	2	1	1	1	2	1	2	1	1	1	2	2	1	1	1	1	1	1	1	2	1	2	1	2	1	1	1	2	2	1	2	1	1	1	1
51	1	1	2	2	2	1	2	1	2	1	2	1	2	1	1	1	2	2	1	1	2	1	1	1	1	1	1	1	2	2	1	2	2	2	1	1	1	1	2	1	2	2	2	1	1	2	1	1	1	1	2	1	1	1	1	1	1	2	2	1	1	1	1	1	1	2	1	2	2	1	2	1	1	1	1	1	1	1	2	1	1	1	2	1	2	1	1	1	2	2	1	1	1	1	1	1	1	2	2	2	1	2	1	1	1	1	2	1	2	1	1	1	1
51	1	1	2	2	2	1	2	1	2	1	2	2	1	1	1	2	2	1	2	1	2	1	2	1	2	2	1	2	2	2	1	2	2	2	1	2	1	1	1	1	2	1	2	1	1	1	1	1	1	1	1	1	2	1	2	1	1	2	2	1	1	1	1	1	1	2	2	2	2	1	1	2	1	2	1	1	1	2	2	1	1	1	2	1	2	1	1	1	2	2	1	1	1	1	1	1	1	1	2	2	1	2	1	1	1	2	2	1	2	1	1	1	1
51	1	1	2	2	2	1	2	1	2	1	2	2	1	1	1	2	2	1	2	1	2	1	2	1	2	2	1	2	2	2	1	2	2	2	1	2	1	1	1	1	2	1	2	1	1	1	1	1	1	1	1	1	2	1	2	1	1	2	2	1	1	1	1	1	1	2	2	2	2	1	1	2	1	2	1	1	1	2	2	1	1	1	2	1	2	1	1	1	2	2	1	1	1	1	1	1	1	1	2	2	1	2	1	1	1	2	2	1	2	1	1	1	1
52	1	1	2	2	2	1	2	1	2	1	1	1	2	1	1	1	2	1	1	1	2	2	1	2	2	1	1	1	1	2	1	2	2	1	1	2	2	1	2	2	2	2	2	1	1	2	1	1	1	1	1	1	2	1	1	1	1	2	1	1	1	1	1	1	1	2	1	2	2	1	2	2	1	1	1	1	1	1	2	1	1	1	1	1	2	1	1	1	1	2	1	2	2	1	1	1	1	2	2	2	1	2	2	2	1	2	2	1	2	2	2	1	1
52	1	1	2	2	2	1	2	2	2	1	1	1	1	2	2	2	2	1	2	1	1	2	2	1	2	1	1	1	1	1	2	2	2	1	1	2	1	1	1	1	2	1	2	1	1	2	1	1	1	1	2	1	2	2	1	1	1	2	2	1	1	1	1	1	1	2	1	2	2	1	1	2	1	1	1	1	1	1	2	1	1	2	2	1	2	1	1	1	1	2	1	1	1	1	1	1	1	1	2	2	1	2	1	1	1	2	2	1	2	2	1	1	1
52	1	1	2	2	2	1	2	2	2	1	2	1	2	1	1	2	1	2	1	1	2	2	2	1	2	1	1	2	1	1	2	2	2	1	1	2	1	1	2	1	2	1	2	1	1	2	1	1	1	1	1	1	2	1	1	1	1	2	2	1	1	1	1	2	1	1	1	2	2	1	2	2	1	1	1	1	1	1	2	1	1	2	1	1	2	1	1	1	1	2	1	1	1	1	1	1	1	1	2	2	1	2	1	1	1	2	2	1	2	2	1	1	2
53	1	1	2	1	2	2	2	1	2	1	2	2	1	1	1	1	2	1	1	2	2	1	1	1	1	1	2	2	1	1	1	2	2	1	1	2	2	1	1	1	2	1	1	1	1	1	1	2	1	1	1	1	1	1	1	1	1	2	2	1	1	1	1	1	2	1	1	1	2	1	1	1	1	1	2	1	1	2	2	1	1	1	1	2	2	1	1	1	2	2	1	1	1	1	1	1	1	2	2	2	1	1	1	1	2	1	2	1	2	2	1	1	1
53	1	1	1	1	2	2	1	1	2	1	1	2	1	1	2	2	2	1	1	1	2	1	1	1	1	1	2	1	1	1	1	2	2	2	1	2	1	2	1	1	2	1	2	1	1	1	1	1	1	1	2	1	1	1	1	1	1	2	2	1	1	1	1	1	1	2	2	2	2	1	1	1	1	1	2	1	1	1	1	1	1	1	1	2	2	1	1	1	2	2	1	1	1	1	1	1	1	1	1	2	1	1	1	1	2	1	2	1	2	1	1	1	1
53	1	1	1	1	2	1	2	1	2	1	1	2	2	1	1	1	1	1	2	2	2	1	1	1	1	1	1	2	2	1	1	2	2	1	1	1	1	1	1	1	2	1	1	1	1	2	1	2	1	1	1	1	1	1	1	1	1	2	2	1	1	1	1	1	2	2	1	2	2	1	1	1	1	1	2	1	1	2	2	1	1	1	1	2	2	1	1	1	2	2	1	1	1	1	2	1	1	2	2	2	1	2	1	1	2	2	2	1	2	2	1	1	1
54	1	2	2	2	1	1	2	2	2	1	2	1	1	1	1	1	2	1	2	1	2	1	1	1	1	1	1	1	2	1	2	2	2	2	1	2	1	1	1	1	2	1	2	1	1	2	1	1	1	1	1	1	2	1	1	1	1	2	2	2	1	1	2	1	1	2	1	2	2	1	1	1	1	1	1	1	2	1	2	1	1	1	2	1	2	1	1	1	1	2	1	1	1	1	1	1	1	1	2	2	1	1	2	2	1	2	2	1	2	1	1	1	2
54	1	2	2	2	2	1	2	1	2	1	1	1	1	2	1	1	2	1	1	1	2	1	2	1	2	1	1	1	2	1	1	2	2	1	1	1	2	1	2	1	2	2	2	1	1	2	1	2	1	1	1	1	2	2	1	1	1	2	2	2	1	2	1	1	2	2	1	2	2	1	2	2	1	1	1	1	1	1	2	1	1	1	2	1	2	1	1	2	1	2	1	1	1	1	1	1	1	1	2	2	1	2	1	2	1	1	2	1	2	1	2	1	2
54	1	1	2	2	1	2	2	1	2	1	2	1	1	1	1	1	2	1	1	2	2	1	1	1	2	1	1	1	2	1	1	2	2	2	1	1	1	1	1	1	2	1	2	1	1	2	1	1	1	1	1	1	0	1	1	1	1	2	2	1	1	1	2	1	1	2	1	1	2	1	2	1	1	1	2	1	1	1	2	1	1	1	1	1	2	2	1	1	2	2	1	1	1	1	1	2	1	2	1	2	2	1	2	2	1	1	2	2	2	1	1	1	1
55	1	1	2	2	1	2	2	2	1	1	1	1	1	1	1	1	2	1	1	2	2	2	1	1	1	1	1	1	2	1	1	2	2	2	1	2	1	1	1	2	2	2	1	1	1	2	1	1	1	1	1	1	1	1	1	1	1	2	2	1	1	1	1	1	1	1	1	1	2	1	1	2	1	1	1	1	1	1	1	1	1	1	1	1	2	2	2	1	1	2	1	1	2	1	1	2	1	1	2	2	1	2	1	2	1	2	2	1	2	1	1	1	1
55	1	1	1	2	1	2	2	2	2	1	1	1	1	1	1	1	2	2	1	1	2	2	1	1	1	1	2	1	2	1	1	2	2	1	1	2	1	1	1	1	2	2	2	1	1	2	1	1	1	2	1	1	2	1	1	1	2	2	2	1	1	1	1	1	1	1	1	2	2	1	1	2	1	1	1	1	1	1	2	1	1	1	1	1	2	1	2	1	1	2	1	1	1	1	1	1	1	2	2	2	2	2	1	2	2	2	2	1	2	1	1	1	1
55	1	1	2	2	1	2	2	1	2	1	2	1	1	2	1	1	2	1	1	1	2	1	1	1	1	1	1	1	2	1	1	2	2	2	1	1	1	1	1	1	1	1	2	1	1	2	1	1	1	2	2	1	1	2	1	1	1	2	2	1	1	1	1	1	1	2	1	2	2	1	2	2	1	1	2	1	2	1	2	1	1	1	1	1	2	2	2	1	2	1	1	1	1	1	1	1	1	1	2	2	1	2	1	2	1	2	2	2	2	2	2	1	1
56	1	1	2	1	2	2	2	2	2	1	1	2	1	2	1	1	2	1	1	2	2	2	2	1	1	1	1	1	1	1	1	2	2	1	1	1	1	1	1	1	1	2	2	1	1	2	1	1	1	1	2	1	1	1	1	2	1	1	2	1	1	0	1	1	1	2	1	1	2	1	1	1	1	1	2	1	1	1	2	1	1	1	1	1	2	2	2	1	2	2	1	1	1	1	1	1	1	2	2	2	1	1	2	1	1	1	2	1	2	2	2	1	1
56	1	1	2	1	1	1	2	2	2	1	2	2	1	2	1	1	2	1	1	1	2	1	1	1	2	1	1	1	2	1	2	2	2	1	1	1	2	1	1	2	1	1	2	1	1	2	1	1	1	2	1	1	2	1	1	2	1	1	2	1	1	0	1	1	2	1	1	1	2	1	1	2	1	1	1	1	1	1	2	1	1	1	1	1	2	2	1	1	2	2	1	1	2	1	1	1	1	2	1	2	1	1	2	2	1	1	2	1	2	1	1	1	1
56	1	1	2	2	2	2	2	1	2	1	1	2	1	1	1	1	2	1	1	1	2	2	1	1	1	1	1	1	1	1	1	2	2	1	1	1	1	1	1	2	1	2	2	1	1	2	1	1	1	1	2	1	1	1	1	1	1	2	2	1	1	1	1	1	2	1	1	1	2	1	1	1	1	1	1	1	1	1	2	1	1	1	1	1	2	2	1	2	2	2	1	1	2	1	1	1	1	2	2	2	1	1	2	1	1	2	2	1	2	2	1	1	2
57	1	1	2	2	2	1	1	1	2	1	1	2	1	2	1	1	2	1	1	1	2	1	1	1	2	1	2	1	1	2	1	2	2	1	1	1	1	1	1	2	2	2	2	1	1	2	1	1	1	1	2	1	2	2	1	0	1	1	2	2	1	1	2	1	1	2	1	2	2	1	2	1	1	1	2	1	1	1	2	1	1	1	1	1	2	1	1	1	2	2	1	1	1	1	1	1	1	2	2	2	1	1	2	1	1	2	2	1	2	1	1	1	1
57	1	1	2	2	1	2	2	1	2	1	2	2	1	1	1	1	2	2	1	1	2	1	1	1	1	1	1	1	2	2	2	2	2	2	1	2	1	1	2	2	2	2	2	1	1	2	1	1	1	1	2	1	2	1	1	1	1	2	2	1	1	1	1	1	1	2	1	1	2	1	2	2	1	1	1	1	1	1	2	1	1	1	2	1	2	1	1	1	2	2	1	1	1	1	1	1	1	1	2	2	1	2	2	1	1	2	2	1	2	1	1	1	1
57	1	2	2	2	1	2	2	2	2	1	1	1	1	2	1	1	2	1	1	1	2	2	1	2	1	1	1	1	1	1	2	2	2	1	1	2	2	1	1	1	1	2	2	1	1	2	1	1	1	1	2	1	2	1	1	2	1	2	2	2	1	2	1	2	1	2	1	1	2	1	1	2	1	1	2	1	1	1	2	1	1	1	1	1	2	1	1	1	1	2	1	1	2	1	1	1	2	1	2	2	1	2	1	2	1	2	2	1	2	1	1	1	2
58	1	2	2	1	2	2	0	1	1	1	2	2	1	1	1	1	2	1	1	1	2	1	2	2	1	2	1	1	2	1	2	2	2	2	1	2	2	1	1	1	1	2	2	1	1	2	1	1	1	1	2	1	1	2	1	2	2	2	2	1	1	2	1	1	2	1	2	2	2	1	2	1	1	1	1	1	1	1	1	1	1	1	2	1	2	1	1	1	1	2	1	2	1	1	1	1	1	1	2	2	1	2	2	1	1	2	2	1	2	2	1	1	1
58	1	2	2	1	2	1	2	2	2	1	1	1	1	2	1	1	2	2	1	1	2	1	2	1	1	1	1	1	2	1	1	2	2	1	1	1	1	1	2	1	1	2	2	1	1	2	1	1	1	1	1	1	1	1	1	1	1	2	2	1	1	1	1	1	2	1	2	2	2	2	1	1	1	1	1	1	1	1	2	1	1	1	2	1	2	1	1	1	1	2	1	1	1	1	1	1	1	2	2	2	1	2	2	1	1	2	1	1	2	1	1	1	1
58	1	2	2	2	1	1	2	2	2	1	1	1	1	1	1	2	2	1	1	1	2	1	2	1	1	1	1	1	2	1	1	2	2	1	1	1	2	1	1	2	2	2	2	1	1	2	1	1	1	1	1	1	1	1	1	1	1	2	2	1	1	1	2	2	1	2	2	2	1	2	1	2	1	1	1	1	1	1	2	1	1	1	2	1	2	1	2	1	1	2	1	1	1	1	1	1	1	2	2	1	1	1	2	2	2	2	2	1	2	1	1	1	1
59	1	1	2	2	2	1	2	1	2	1	1	2	1	1	1	2	2	2	1	1	2	2	2	1	1	1	1	1	2	1	1	2	2	1	1	2	1	1	1	1	2	1	2	1	1	2	1	1	1	1	1	1	1	1	1	1	1	2	2	1	1	1	1	1	2	1	1	1	2	1	2	1	1	1	1	1	1	1	2	1	1	1	1	1	2	1	1	1	1	2	1	1	2	1	1	1	1	1	1	2	1	1	2	1	1	2	2	1	2	1	2	1	1
59	1	1	2	1	2	1	2	1	2	1	2	2	1	1	1	1	2	1	1	1	2	1	2	2	1	2	1	2	2	1	1	2	2	2	1	1	1	1	1	1	2	2	2	1	1	2	1	1	1	1	1	1	1	1	1	1	1	2	2	1	1	2	1	1	1	1	1	2	2	1	2	1	1	1	1	1	1	1	2	1	1	1	1	1	2	1	1	1	2	2	1	1	1	1	1	1	2	2	1	2	1	1	2	1	1	2	2	1	2	1	1	1	1
59	1	1	2	2	1	1	2	1	2	1	2	1	1	2	1	2	2	2	1	1	2	1	2	1	1	1	1	2	2	2	2	2	2	1	1	2	1	1	1	1	2	2	2	1	1	2	1	1	1	1	1	1	1	2	1	2	1	2	2	1	1	2	1	2	2	1	2	1	2	2	2	2	1	1	2	1	1	1	2	1	1	1	2	1	2	1	2	1	1	2	1	1	1	1	1	1	1	2	1	2	1	1	2	1	1	2	2	1	2	1	2	1	1
60	1	2	1	1	2	1	2	1	2	1	1	2	1	2	1	1	2	1	1	1	2	1	1	1	1	1	1	1	2	1	1	2	2	2	1	1	1	1	1	1	2	2	2	1	1	2	1	1	1	1	1	1	1	2	1	2	1	2	2	1	1	2	2	2	0	2	1	1	2	1	2	2	1	1	1	1	2	1	2	1	1	1	2	1	2	1	1	1	1	2	1	1	1	1	1	1	2	1	2	2	1	2	2	2	1	2	1	1	2	2	1	1	2
60	1	2	1	2	2	1	2	1	1	1	1	2	1	1	1	1	1	1	1	1	2	1	1	1	1	2	1	1	2	2	1	2	2	2	1	2	1	1	1	1	2	2	2	1	1	2	1	1	1	1	2	1	1	2	1	1	2	2	1	1	1	2	1	1	1	1	1	2	1	2	2	1	1	1	1	1	1	1	2	1	1	1	2	1	2	1	1	1	1	2	1	1	1	1	1	1	1	2	2	2	1	1	2	1	1	2	2	1	2	1	1	1	1
60	1	2	1	2	2	1	2	0	1	1	2	2	1	2	1	1	2	1	1	1	2	1	1	1	1	1	1	1	2	2	1	2	2	2	1	2	1	1	2	2	2	1	2	1	1	2	1	1	1	1	1	1	1	1	1	1	1	2	2	1	1	1	1	1	1	1	1	2	1	2	2	1	1	1	1	1	1	1	2	1	1	1	1	1	2	1	1	1	1	2	1	1	1	1	1	1	2	2	1	2	1	2	2	2	1	2	2	1	2	1	1	1	1
61	1	1	2	2	1	1	2	2	2	1	1	2	1	1	1	1	2	1	2	1	2	1	2	1	1	1	1	1	2	1	1	2	2	1	2	1	2	1	1	2	2	1	2	1	1	2	1	1	1	1	1	1	2	1	1	2	1	2	2	1	1	1	1	1	1	2	1	2	2	2	2	2	1	1	1	1	1	1	2	1	1	1	1	1	2	1	1	1	2	2	1	1	1	1	1	2	1	2	2	2	1	2	2	1	1	2	2	1	2	0	1	1	1
61	1	1	2	2	2	1	2	2	1	1	2	2	1	1	2	1	2	1	1	1	2	1	1	1	1	1	1	1	2	1	1	2	2	1	1	1	1	1	1	2	2	1	2	1	1	2	1	1	1	1	1	1	2	1	1	1	1	2	2	1	1	1	1	1	1	2	1	2	1	2	1	1	1	1	1	1	1	1	2	1	1	1	1	1	2	2	1	2	2	2	1	1	1	1	1	1	1	1	1	2	1	2	2	1	1	2	2	2	2	2	1	1	1
61	1	2	2	2	2	1	2	1	2	1	2	2	1	2	1	2	2	1	1	1	2	1	2	2	2	1	1	1	1	1	1	2	2	2	1	1	1	1	1	2	1	2	2	1	1	2	1	1	1	1	1	1	1	1	1	1	1	1	2	1	1	1	1	2	1	2	1	2	2	2	2	1	1	1	1	1	1	1	2	1	1	1	1	1	2	1	1	1	2	2	1	1	1	1	1	1	1	2	1	2	1	2	1	1	1	2	2	2	2	2	1	1	1
62	1	1	2	2	1	1	2	2	2	1	2	1	1	1	2	2	2	2	1	1	2	2	1	1	2	1	1	1	2	1	1	2	2	1	1	1	1	1	1	1	2	2	2	1	1	2	1	1	1	1	1	1	1	1	1	1	1	2	2	1	1	1	1	1	1	2	2	1	2	1	2	1	1	2	1	1	1	1	2	1	1	2	1	1	2	1	1	1	2	2	1	1	1	1	1	1	1	2	2	2	1	2	1	2	1	2	2	1	2	2	1	1	1
62	1	1	2	2	1	1	2	2	2	1	2	1	1	1	2	2	2	2	1	1	2	2	1	1	1	1	1	1	2	2	1	2	2	1	1	1	1	1	1	1	1	2	2	1	1	2	1	1	1	1	1	1	1	1	1	1	1	2	2	1	1	1	1	1	1	2	1	1	2	1	1	2	1	2	1	1	1	1	2	1	1	1	1	1	2	1	1	1	2	2	1	1	1	1	1	1	1	2	2	2	1	2	1	2	1	2	2	1	2	1	1	1	1
62	1	1	2	2	2	1	2	2	2	1	2	1	1	1	2	2	2	2	1	1	2	1	1	1	2	1	1	1	2	1	2	2	2	1	1	2	1	1	1	1	1	2	2	1	1	2	1	1	1	1	1	1	1	1	1	1	1	2	2	1	1	1	1	1	1	2	1	2	2	1	1	1	1	1	1	1	1	2	1	1	1	2	1	1	2	1	1	1	2	2	1	1	1	1	1	1	1	2	1	2	1	2	2	2	1	2	2	1	2	2	1	1	1
63	1	2	2	2	2	2	2	1	2	1	1	1	1	1	1	2	2	1	2	1	2	2	1	2	1	1	1	2	2	1	1	2	2	2	1	1	1	1	2	1	1	2	2	1	1	1	1	1	1	1	2	1	2	2	1	1	1	2	1	1	1	1	1	2	1	1	1	2	2	1	1	2	1	2	1	1	1	1	2	1	1	1	1	1	1	1	1	1	2	2	1	1	1	1	1	1	1	2	2	2	1	2	2	1	2	1	2	1	2	1	1	1	1
63	1	2	2	1	2	1	2	1	2	1	1	2	1	1	1	1	1	1	2	1	1	2	1	1	1	2	1	1	2	1	1	2	2	2	1	1	1	1	1	1	2	2	2	1	1	1	1	1	1	1	1	1	1	2	1	1	1	1	2	1	1	1	1	1	1	2	1	2	2	1	1	1	1	1	1	1	1	1	2	1	1	1	1	2	2	1	1	1	2	1	1	1	1	1	1	1	1	1	2	2	1	2	1	1	1	2	2	1	2	1	1	1	1
63	1	1	2	2	2	1	2	2	2	1	2	2	1	1	1	2	2	1	2	1	2	2	1	1	2	1	2	1	2	1	1	2	2	2	1	2	1	1	1	1	2	2	2	1	1	1	1	1	1	1	1	1	1	1	1	2	1	2	2	1	1	1	1	2	1	2	1	1	2	1	2	1	1	2	1	1	1	1	2	1	1	1	1	2	2	1	1	2	1	1	1	1	1	1	1	1	1	1	2	2	1	2	2	1	1	2	2	1	2	2	1	1	1
64	1	2	2	2	1	1	2	2	2	1	1	1	1	1	2	2	1	1	2	1	2	2	1	1	1	1	1	1	2	1	1	2	2	1	1	2	1	1	1	1	1	2	2	1	1	1	1	1	1	1	1	1	2	1	1	1	1	2	2	1	1	1	1	2	1	2	1	1	2	1	1	2	1	1	1	2	1	2	2	1	1	2	1	1	1	2	1	1	1	2	1	1	1	1	1	1	1	1	2	2	1	1	2	1	1	1	2	1	2	2	1	1	1
64	1	2	2	2	1	1	2	2	2	1	1	1	1	1	2	2	1	1	2	1	2	2	1	1	1	1	1	1	2	1	1	2	2	1	1	2	1	1	1	1	1	2	2	1	1	1	1	1	1	1	1	1	2	1	1	1	1	2	2	1	1	1	1	2	1	2	1	1	2	1	1	2	1	1	1	1	1	2	2	1	1	2	1	1	1	2	1	1	2	2	1	1	1	1	1	1	1	1	2	2	1	1	2	1	1	1	2	1	2	2	1	1	1
64	1	2	2	1	2	1	2	2	2	1	2	1	1	1	2	1	2	1	1	1	2	1	1	1	1	1	1	1	2	1	1	2	2	1	1	1	1	1	1	1	2	1	2	1	1	1	2	1	1	1	1	1	1	1	1	2	1	2	2	1	1	1	1	1	1	2	1	2	2	2	1	1	1	1	1	1	1	2	1	1	1	2	1	2	2	1	1	1	2	2	1	1	1	1	1	1	1	1	2	2	1	1	2	2	1	2	2	1	2	2	1	1	1
65	1	1	2	2	1	1	2	2	2	1	1	2	1	1	1	1	2	1	1	2	2	1	1	1	2	1	1	1	2	1	2	2	2	2	1	2	1	1	1	1	1	1	2	1	1	2	1	1	1	1	1	1	2	1	1	1	1	2	2	1	1	1	2	1	2	2	1	0	2	1	2	1	1	1	1	1	1	1	1	1	1	1	1	1	2	1	2	2	2	2	1	1	1	1	1	2	1	1	2	2	1	1	2	1	2	2	1	1	2	1	2	1	1
65	1	1	1	2	1	1	2	2	2	1	2	1	1	1	1	1	2	1	1	1	1	1	1	1	2	1	1	1	2	1	2	2	2	2	1	2	1	1	2	2	1	2	2	1	1	2	1	1	1	1	1	1	2	1	1	1	1	2	2	1	1	1	2	1	1	2	1	2	2	1	2	1	1	1	1	1	1	1	2	1	1	1	1	1	2	1	1	1	1	2	1	1	1	2	1	1	1	1	2	2	1	1	2	1	1	1	2	1	2	1	2	1	2
65	1	2	2	2	1	1	2	2	2	1	1	1	1	1	1	1	2	1	1	2	2	2	2	1	2	1	1	1	2	1	2	2	2	2	1	2	1	1	1	1	2	2	2	1	1	2	1	1	1	1	2	2	1	1	1	1	1	2	2	1	1	2	1	1	2	2	1	2	2	1	2	1	1	1	1	1	1	1	2	1	1	1	1	1	2	1	2	2	2	1	1	1	1	2	1	2	1	2	2	2	1	2	1	1	1	2	2	1	2	1	1	1	1
66	1	1	2	2	2	1	2	1	2	1	2	2	1	1	1	1	2	2	1	1	2	1	2	1	1	1	1	1	2	1	1	2	2	2	1	1	1	1	2	1	2	2	2	1	1	2	1	2	1	1	2	1	1	1	1	1	1	2	2	2	1	1	1	1	2	2	1	1	2	2	2	1	1	1	2	1	1	1	1	1	1	1	1	1	2	1	2	1	2	2	1	1	1	1	1	1	1	2	2	2	1	1	2	1	1	2	2	1	2	1	1	1	1
66	1	1	2	2	1	2	2	2	2	1	2	2	1	1	1	1	2	2	1	2	2	1	1	1	1	1	1	1	2	1	1	2	2	1	1	2	1	1	2	1	1	1	2	1	1	2	1	1	1	1	1	1	1	1	1	1	1	2	2	1	1	2	1	1	2	2	1	2	2	1	1	1	1	1	1	1	1	1	2	1	1	1	2	1	2	1	2	1	2	2	1	1	1	1	1	2	1	2	2	2	1	2	2	1	1	2	2	1	2	1	2	1	1
66	1	1	1	2	2	1	2	1	1	1	1	2	1	1	1	1	2	2	1	2	2	1	1	1	1	1	1	1	1	1	2	2	2	2	1	1	2	1	2	1	2	1	2	1	1	2	1	1	1	1	1	1	2	2	1	2	1	2	2	1	1	2	2	1	1	2	1	1	2	1	2	2	1	1	1	1	1	1	2	1	1	1	2	1	2	2	2	1	2	2	1	1	1	1	1	1	1	1	2	2	1	1	2	1	1	1	2	1	2	2	1	1	1
67	1	2	1	2	2	1	2	1	2	1	1	1	1	1	1	1	2	1	1	1	2	1	1	1	1	1	1	1	2	1	2	2	2	1	1	1	1	1	1	1	2	2	2	1	1	2	1	1	1	2	1	1	2	1	1	1	2	2	2	1	1	2	1	1	2	2	1	2	2	1	2	2	1	1	1	1	1	1	2	1	1	1	1	1	2	1	2	1	2	2	1	1	2	1	1	1	1	2	2	2	1	1	2	2	1	1	2	1	2	1	1	1	1
67	1	2	2	2	1	1	2	1	2	1	1	1	1	1	1	1	2	1	2	1	2	2	1	1	1	1	1	1	2	1	2	2	2	2	1	1	1	1	2	1	1	2	2	1	1	2	1	2	1	1	1	1	2	1	1	2	2	2	2	1	1	2	1	1	1	2	1	2	2	1	2	2	1	1	1	1	1	1	2	1	1	1	1	1	2	2	1	1	2	1	1	1	1	1	1	1	1	2	2	2	1	2	2	2	1	2	1	1	2	1	1	1	2
67	1	1	2	1	2	1	2	2	2	1	1	2	1	1	1	1	2	1	2	1	2	2	1	1	1	1	1	1	2	1	2	2	2	2	1	2	1	1	2	1	1	2	2	1	1	2	1	2	1	1	1	1	1	1	1	1	1	2	2	1	1	2	1	1	1	2	1	2	2	1	2	2	1	1	1	1	1	1	2	1	1	1	1	1	2	1	1	1	2	2	1	1	1	1	1	1	1	2	1	2	1	2	2	2	2	2	2	1	2	1	2	1	1
68	1	2	2	2	1	1	2	2	2	1	1	1	1	1	1	1	2	1	1	2	2	1	1	2	2	1	1	1	2	1	1	2	2	2	1	1	1	1	1	1	2	1	2	1	1	2	1	1	1	2	1	1	1	2	1	2	1	2	2	2	1	2	1	1	1	2	1	1	2	1	1	1	1	1	1	1	1	1	2	1	1	1	1	1	2	2	1	1	1	2	1	1	1	1	1	1	1	1	2	2	1	2	2	1	1	1	2	1	2	2	1	1	2
68	1	1	2	2	2	1	2	2	2	1	1	1	1	2	1	1	2	1	2	2	2	2	1	2	1	1	1	1	1	1	1	2	2	1	1	1	2	1	1	2	1	1	2	1	1	2	1	1	1	1	1	1	1	2	1	2	1	2	2	1	1	1	2	1	2	2	1	1	2	1	2	1	1	1	1	1	1	1	2	1	1	1	1	1	2	2	1	1	1	2	1	1	1	1	1	1	1	2	2	2	1	2	2	1	1	2	2	1	2	2	1	1	1
68	1	1	2	2	1	1	2	2	2	1	1	1	1	1	1	1	1	1	1	2	2	1	1	1	1	1	1	1	2	1	1	2	2	2	1	2	1	1	1	2	2	2	2	1	1	2	1	1	1	1	2	1	1	1	1	1	1	2	2	2	1	1	1	1	2	2	1	2	2	1	1	1	1	1	1	1	1	1	2	1	1	1	1	1	2	1	1	1	2	1	1	1	1	1	1	1	1	1	2	2	1	2	2	1	1	2	2	1	2	2	1	1	2
69	1	1	2	2	2	1	2	2	2	1	1	2	2	1	1	1	2	1	1	1	2	1	2	2	1	1	1	1	2	1	2	2	2	2	1	1	1	1	1	2	2	1	2	1	1	2	1	1	1	1	1	1	2	1	1	1	1	2	2	1	1	2	1	1	2	2	1	2	2	1	2	2	1	1	1	1	1	1	2	1	1	1	1	1	2	1	1	1	1	2	1	1	1	1	1	1	1	1	2	2	1	1	2	2	1	2	2	1	2	1	1	1	1
69	1	2	2	2	2	1	2	2	1	1	2	1	1	1	1	1	2	2	1	1	2	1	2	2	1	1	1	1	2	1	1	2	2	2	1	1	1	1	1	1	2	2	2	1	1	2	1	1	1	1	1	1	0	2	1	1	1	2	2	1	1	1	2	1	2	2	1	2	2	1	1	2	1	1	1	1	1	1	2	1	1	1	1	1	2	2	1	1	1	2	1	1	1	1	1	1	1	1	1	2	1	1	2	1	1	2	2	1	2	1	1	1	1
69	1	2	1	1	1	1	2	1	2	1	1	1	1	1	1	1	1	1	1	1	1	1	1	1	1	1	1	1	1	1	1	2	2	2	1	2	1	1	1	2	1	1	2	1	1	1	1	1	1	1	1	1	1	0	1	2	1	0	1	1	1	1	1	1	1	2	1	1	1	1	2	1	1	1	1	1	1	1	2	1	1	1	1	1	2	1	1	1	1	2	1	1	1	1	1	1	1	1	1	2	1	2	1	2	1	1	2	1	2	2	1	1	1
70	1	1	2	2	2	1	2	2	2	1	2	1	1	1	1	2	1	1	1	1	2	1	1	2	1	1	1	1	2	1	1	2	2	2	1	1	1	1	1	1	2	1	2	1	1	2	1	1	1	1	1	1	1	1	1	1	1	2	2	1	1	1	1	1	2	1	1	1	2	2	1	1	1	1	1	1	1	1	2	1	1	1	1	1	2	1	1	1	1	2	1	1	1	1	1	1	1	1	2	2	1	2	2	1	1	2	2	1	2	1	1	1	2
70	1	1	2	2	2	1	2	1	2	1	1	2	1	2	1	1	2	2	1	1	2	1	2	1	1	2	1	2	2	1	1	2	2	2	1	1	1	1	1	1	2	2	2	1	1	2	1	1	1	1	1	1	1	2	1	2	1	2	2	1	1	2	1	1	1	1	1	2	2	1	2	1	1	1	1	1	1	1	2	1	1	2	1	1	2	2	1	1	2	2	1	1	1	1	1	1	1	1	1	2	1	2	2	2	1	2	2	1	2	1	1	1	1
70	1	1	2	2	2	1	2	1	2	1	1	2	1	2	1	1	2	2	1	1	2	1	2	1	1	2	1	2	2	1	1	2	2	2	1	1	1	1	1	1	2	2	2	1	1	2	1	1	1	1	1	1	1	2	1	2	1	2	2	1	1	1	1	1	1	1	1	2	2	1	2	1	1	1	1	1	1	1	2	1	1	2	1	1	2	2	1	1	2	2	1	1	1	1	1	1	1	1	1	2	1	2	2	2	1	2	2	1	2	1	1	1	1
71	1	1	2	2	2	1	2	2	2	1	2	1	1	2	1	1	2	2	1	1	2	2	2	2	1	1	1	2	2	1	1	2	2	2	1	1	1	1	1	1	2	2	2	1	1	2	1	1	1	1	1	1	1	1	1	1	1	2	2	1	1	1	1	2	1	2	1	2	2	2	2	1	1	1	1	1	1	1	1	1	1	1	1	1	2	1	1	1	1	2	1	1	2	1	1	1	1	1	1	2	1	2	2	1	1	2	2	2	2	2	2	1	2
71	1	1	2	2	2	1	2	2	2	1	2	1	1	2	1	1	2	2	1	1	2	2	2	2	1	1	1	2	2	1	1	2	2	2	1	1	1	1	1	1	2	2	2	1	1	2	1	1	1	1	1	1	1	1	1	1	1	2	2	1	1	1	1	2	1	2	1	2	2	2	2	1	1	1	1	1	1	1	1	1	1	1	2	1	2	1	1	1	2	2	1	1	2	1	1	1	1	1	1	2	1	2	2	1	1	2	2	2	2	2	2	1	2
71	1	1	2	2	1	1	2	2	2	1	2	1	1	1	2	2	2	1	2	1	2	1	1	2	1	1	1	2	2	1	1	2	2	2	1	2	1	1	2	1	2	2	2	1	1	2	1	1	1	1	1	2	1	1	1	1	1	2	2	1	1	1	1	1	1	2	1	2	2	1	2	1	1	1	1	1	1	1	1	1	1	1	2	1	2	1	1	1	2	1	1	1	2	1	1	1	1	1	1	2	1	2	1	1	1	2	2	1	2	2	1	1	2
72	1	1	2	2	2	1	2	2	2	1	1	1	1	1	2	2	2	1	1	1	2	2	1	1	2	1	1	1	2	1	1	2	2	2	1	1	1	1	1	1	2	2	2	1	1	2	1	1	1	1	2	1	2	1	1	1	1	2	2	2	1	1	1	1	2	1	1	1	2	1	2	2	1	1	1	1	1	1	2	1	1	2	1	1	2	1	1	1	2	2	1	1	1	1	1	1	1	1	1	1	1	2	2	1	1	2	2	1	2	1	1	1	1
72	1	1	2	1	2	1	2	2	2	2	2	2	1	2	2	2	2	1	1	1	1	2	1	2	1	1	1	1	2	1	1	2	2	2	1	2	1	1	1	1	2	2	2	1	1	2	1	1	1	1	1	1	2	1	1	1	1	2	2	1	1	1	1	2	1	2	1	1	2	1	2	2	1	1	1	1	1	1	2	1	1	1	1	1	2	1	1	2	2	2	1	1	1	1	1	1	1	1	2	2	1	2	2	1	1	2	2	2	2	1	1	1	1
72	1	1	2	1	2	1	2	2	2	1	1	1	1	1	1	2	2	2	1	1	2	1	1	1	2	1	1	1	2	1	1	2	2	1	1	1	1	1	1	1	1	2	2	1	2	2	1	1	1	1	1	1	2	1	1	1	1	2	2	1	1	1	1	2	1	2	1	2	2	1	2	1	1	1	1	1	1	1	2	1	1	1	1	1	2	1	1	2	1	2	1	1	1	1	1	1	1	1	2	2	1	2	1	1	1	2	2	2	2	1	1	1	1
73	1	2	2	2	1	1	2	2	2	1	2	1	1	1	1	1	2	2	1	1	2	2	2	2	2	1	1	2	1	1	1	1	2	2	1	2	1	1	1	1	2	2	2	1	1	2	1	1	1	1	1	1	1	2	1	2	1	2	2	1	1	1	1	1	1	2	1	2	2	1	1	1	1	1	1	1	1	1	1	1	1	1	2	1	2	1	1	1	2	2	1	1	1	1	1	1	1	1	2	2	1	2	2	1	1	1	2	1	2	1	1	1	1
73	1	1	2	1	2	1	2	2	2	2	2	1	1	1	1	2	2	1	1	1	1	2	2	1	2	1	1	1	1	2	1	2	2	1	1	2	1	1	1	2	2	2	2	1	1	2	1	1	1	2	1	1	2	1	1	1	1	2	2	1	1	1	1	1	1	1	1	2	2	2	2	2	1	1	1	1	1	1	2	1	1	2	2	1	2	1	1	1	2	2	1	1	2	1	1	1	1	1	2	2	1	2	2	1	1	2	2	1	2	2	1	1	1
73	1	1	2	1	2	1	2	2	2	1	1	1	1	1	1	1	2	1	1	1	1	1	2	1	1	1	1	1	2	1	1	2	2	2	1	1	1	1	1	1	2	1	2	1	1	2	1	1	1	1	2	1	1	1	1	1	1	2	2	1	1	1	1	1	1	1	2	2	2	1	2	1	1	1	1	1	1	1	2	1	1	1	2	1	2	1	1	1	2	2	1	1	2	1	1	1	1	2	2	2	1	2	2	1	1	1	2	1	2	2	1	1	1
74	1	1	2	2	1	2	2	2	2	1	1	1	1	1	2	1	2	1	1	1	1	1	1	1	2	1	1	1	2	1	1	2	2	1	1	1	1	1	1	1	2	1	2	1	1	1	1	1	1	1	1	1	1	1	1	1	1	2	2	1	1	1	1	1	2	2	2	2	2	1	1	1	1	1	2	1	1	2	2	1	1	1	2	2	2	1	1	1	2	1	1	1	1	1	1	1	1	1	2	2	1	2	1	1	1	1	2	1	2	2	1	1	1
74	1	1	2	2	2	1	2	1	2	1	1	2	2	1	2	2	2	1	2	1	2	1	1	1	1	2	1	1	2	2	1	2	2	1	1	2	1	1	1	1	2	2	2	1	1	1	1	1	1	1	1	1	1	1	1	2	1	2	2	1	1	1	1	1	2	2	1	2	2	1	2	1	1	2	2	1	1	1	2	1	1	1	2	2	2	1	1	2	1	2	1	1	1	1	1	1	1	2	1	1	1	1	2	1	1	1	2	1	2	1	1	1	1
74	1	1	2	2	2	1	2	2	2	1	2	2	1	1	2	1	2	1	1	1	2	1	1	2	1	1	1	1	1	1	1	2	2	1	1	1	1	1	2	1	1	2	2	1	1	2	1	1	1	1	1	1	1	1	1	1	1	2	2	1	1	1	1	2	1	2	1	2	2	1	2	1	1	2	2	1	1	2	2	1	1	1	2	2	2	1	1	1	1	2	1	1	1	1	1	1	1	1	1	2	1	2	1	1	1	2	2	1	2	1	1	1	1
75	1	1	2	2	1	1	2	2	2	1	1	1	1	1	1	1	2	1	1	1	2	1	1	1	1	1	1	1	2	1	1	2	2	2	1	2	1	1	1	1	1	2	2	1	1	2	1	1	1	1	1	1	2	2	1	2	1	2	2	1	1	2	2	1	2	2	1	2	2	1	2	1	1	1	1	1	1	1	2	1	2	1	1	1	2	1	1	1	2	2	1	1	1	1	1	1	1	2	1	2	1	1	2	1	1	2	2	1	2	1	1	2	1
75	1	2	1	1	1	1	2	2	2	1	2	1	1	1	1	1	1	2	1	2	2	2	2	1	1	1	1	1	2	1	2	2	2	2	1	1	1	1	2	2	1	2	2	1	1	2	1	1	1	1	1	1	1	2	1	1	1	2	2	1	1	1	1	1	1	2	1	2	2	1	1	1	1	1	1	1	1	1	2	1	1	1	1	1	2	2	2	1	2	2	1	1	1	1	1	2	1	1	2	2	1	1	2	2	1	1	2	1	2	2	1	2	2
75	1	1	2	1	1	1	2	2	2	1	1	1	1	1	1	1	2	1	1	2	2	1	1	1	2	1	1	1	2	2	1	2	2	2	1	1	1	1	1	2	1	2	2	1	1	2	1	1	1	1	2	2	1	2	1	1	1	2	2	1	1	2	1	1	2	2	1	2	2	1	2	1	1	1	2	1	1	1	1	1	1	1	1	1	2	2	1	1	2	2	1	1	1	1	1	1	1	2	1	2	1	1	2	1	1	2	2	1	2	1	1	2	1
76	1	1	2	2	1	1	2	1	2	1	1	2	1	2	1	1	2	2	1	2	2	1	2	1	1	1	1	1	2	1	2	2	2	2	1	1	1	1	1	1	1	1	2	1	1	2	1	1	1	1	1	1	1	2	1	1	1	2	2	1	1	1	1	1	1	2	1	1	2	2	2	1	1	1	1	1	1	1	2	1	1	1	1	1	2	1	1	1	1	2	1	1	1	1	1	1	1	2	2	2	1	2	2	1	1	1	2	1	2	1	1	1	1
76	1	2	2	2	1	1	2	1	2	1	1	1	1	1	1	1	2	2	1	1	2	1	1	1	1	1	1	1	2	2	2	2	2	2	1	1	1	1	2	2	2	2	2	1	1	2	1	1	1	1	1	1	1	2	1	1	1	2	2	1	1	1	1	1	1	2	1	2	2	2	2	1	1	1	1	1	1	1	1	1	1	1	1	1	2	2	1	1	1	2	1	1	2	1	1	1	1	2	2	2	1	1	2	1	2	2	2	1	2	1	1	1	1
76	1	1	2	2	2	1	2	1	2	1	2	2	1	2	1	1	2	2	1	1	2	1	1	1	2	1	1	1	1	1	2	2	2	2	1	2	1	1	1	1	1	2	2	1	1	2	1	1	1	2	1	1	2	1	1	1	1	2	2	1	1	1	1	1	0	2	1	2	2	2	2	2	1	1	1	1	1	1	1	1	2	1	1	1	2	1	1	1	2	2	1	1	1	1	1	1	1	1	2	2	1	1	2	1	1	2	2	1	2	1	1	1	1
77	1	2	2	2	1	1	2	2	2	1	2	1	1	1	1	1	0	2	1	1	2	2	1	1	1	1	1	2	2	1	2	2	2	1	1	2	1	1	2	1	1	2	2	1	1	2	1	1	1	1	1	1	1	1	1	1	1	2	0	1	1	1	1	1	2	1	1	2	2	1	2	1	2	1	2	1	1	1	2	1	1	1	1	1	1	1	1	1	1	2	1	1	1	1	1	1	1	2	1	2	1	1	0	1	1	1	1	1	2	1	2	1	1
77	1	1	2	2	1	2	2	2	2	1	1	2	1	1	1	1	2	2	1	1	2	1	2	2	2	1	1	1	2	2	1	2	2	1	1	2	1	1	2	2	1	2	2	1	1	2	1	1	1	1	1	1	2	2	1	1	2	2	2	1	1	2	1	1	2	1	1	1	2	1	2	1	1	1	2	1	1	1	2	1	1	1	1	1	2	1	2	1	2	2	1	1	2	1	1	1	1	2	2	2	1	1	2	2	2	2	2	2	2	2	1	1	1
77	1	1	2	2	1	1	2	1	2	1	1	2	1	1	1	2	2	1	2	1	2	1	1	2	1	1	1	1	2	2	1	2	2	2	1	1	1	1	2	1	1	2	2	1	1	2	1	1	1	1	2	1	1	1	1	1	1	2	2	1	1	1	1	1	2	1	1	1	2	1	2	1	2	1	2	1	1	1	1	1	1	1	1	1	2	2	1	1	1	2	1	1	2	1	1	1	1	1	1	2	1	1	2	2	1	1	2	1	2	0	1	1	1
78	1	1	2	2	2	1	2	2	2	1	1	2	1	1	1	1	2	1	1	1	2	1	1	1	1	1	1	1	1	1	2	2	2	1	1	1	2	1	1	1	2	1	2	1	1	2	1	2	1	1	1	1	2	1	1	1	1	2	2	2	1	1	1	1	1	2	1	2	2	1	1	2	1	1	1	1	1	1	1	1	2	1	1	1	2	1	1	1	2	2	1	1	2	1	1	2	1	2	2	2	1	1	2	1	1	2	2	1	2	2	1	1	1
78	1	1	2	2	2	1	2	2	2	1	1	2	1	1	1	1	1	1	1	1	2	1	1	1	1	1	1	1	1	1	2	2	2	1	1	1	1	1	1	1	2	2	2	1	1	2	1	2	1	1	1	1	2	2	1	2	1	1	2	1	1	1	1	1	1	2	1	2	2	1	1	2	1	1	1	1	1	1	1	1	1	1	1	1	2	1	2	1	2	2	1	1	1	1	1	1	2	2	2	2	1	2	2	1	2	1	2	1	2	1	1	1	1
78	1	2	2	1	2	1	2	2	1	1	1	2	1	1	1	1	2	1	2	1	2	1	1	1	1	1	1	1	1	1	1	2	2	2	1	1	1	1	1	1	1	2	2	1	1	2	1	1	1	1	1	1	1	1	1	1	1	2	2	1	1	2	1	1	2	2	1	2	2	1	2	2	1	1	1	1	1	1	2	1	1	1	1	1	2	1	2	1	2	2	1	1	1	1	1	1	1	1	2	2	1	1	2	1	1	1	2	1	2	1	1	1	1
79	1	1	2	2	2	1	2	1	2	1	2	1	1	1	1	2	2	1	1	1	2	1	1	1	1	1	1	1	2	2	2	2	2	2	1	2	1	1	1	1	2	2	2	1	1	2	1	1	1	1	2	1	0	2	1	2	1	1	2	1	1	1	1	2	2	2	1	2	2	1	2	1	1	1	1	1	1	1	2	1	1	1	1	1	2	1	1	1	1	2	1	1	1	1	1	1	1	2	2	1	1	2	2	1	1	2	2	1	2	2	1	1	1
79	1	2	2	2	2	1	2	1	2	1	1	1	1	1	1	2	2	1	1	1	2	1	1	1	1	1	1	1	2	1	2	2	2	1	1	2	1	1	1	1	1	1	2	1	1	2	1	1	1	1	2	1	0	2	1	1	1	1	2	2	1	1	1	2	1	2	1	2	2	1	1	1	1	1	1	1	2	1	2	1	1	1	1	1	2	1	1	1	2	2	1	1	1	1	1	1	1	2	2	2	1	2	2	1	1	2	2	1	2	2	1	1	1
79	1	1	2	2	2	1	2	1	1	1	1	2	1	2	1	1	2	1	1	1	2	2	1	1	1	1	1	1	1	1	1	2	2	2	1	2	1	1	2	1	2	2	2	1	1	2	1	1	1	1	1	1	2	2	1	1	1	2	2	1	1	1	1	1	1	2	1	2	2	1	2	2	1	1	1	1	1	1	0	1	1	1	1	1	2	1	1	1	1	2	1	1	1	1	1	1	1	2	2	2	1	1	2	1	1	2	2	1	2	2	1	1	1
80	1	1	2	2	2	1	2	2	2	1	1	2	2	2	1	1	2	2	2	1	2	1	1	2	1	1	1	1	2	2	1	2	2	2	1	1	2	1	1	2	2	1	2	1	1	2	1	1	1	1	2	1	2	1	1	1	1	2	2	1	1	2	1	1	2	1	1	2	2	2	1	2	1	1	2	1	1	1	2	1	1	1	1	1	2	1	1	1	2	1	1	1	2	1	1	1	1	2	2	2	1	2	1	2	1	2	2	2	2	1	1	1	1
80	1	2	2	2	2	1	2	1	2	1	1	2	1	1	1	2	2	1	1	1	2	2	1	1	1	1	1	2	2	1	1	2	2	1	1	1	2	1	2	2	2	2	2	1	1	2	1	1	1	1	2	1	2	1	1	1	1	2	2	2	1	1	2	1	1	2	1	2	2	2	2	2	1	1	1	1	1	1	2	1	1	1	1	1	2	1	1	1	1	2	1	1	1	1	1	1	1	1	2	2	1	2	2	1	1	1	2	2	2	2	1	1	2
80	1	1	1	2	2	1	2	2	1	1	1	2	2	2	1	1	2	2	1	1	2	1	1	2	1	1	2	1	2	1	2	2	2	1	2	1	1	1	1	1	2	1	2	1	1	2	1	1	1	1	2	1	1	1	1	1	1	2	2	1	1	1	1	1	2	2	1	2	1	2	1	1	1	1	2	1	1	1	2	1	1	1	1	1	2	1	1	1	2	2	1	1	2	1	1	1	1	2	2	2	1	2	1	2	1	2	2	2	2	1	1	1	1
81	1	1	2	1	2	1	2	1	2	1	1	2	1	1	1	1	2	1	1	1	1	1	1	2	2	1	1	2	1	1	2	2	2	2	1	1	1	1	1	2	2	2	2	1	1	1	1	1	1	1	1	1	1	1	1	1	1	1	0	2	1	1	1	2	1	2	1	1	2	2	2	1	1	1	1	1	1	1	2	1	1	1	1	1	2	1	1	1	1	1	1	1	1	1	1	2	1	1	1	2	1	2	1	1	1	1	1	1	2	1	1	1	1
81	1	1	2	1	2	1	2	1	2	1	2	2	1	1	1	1	2	1	1	2	1	1	1	2	1	1	2	2	2	1	2	2	2	2	1	1	1	1	1	2	2	2	2	1	1	2	1	1	1	1	1	1	1	2	1	1	1	2	1	2	1	2	1	2	1	2	1	1	2	2	2	1	1	1	1	1	1	1	2	1	1	2	1	1	2	1	1	1	2	2	1	1	1	1	1	2	1	1	2	2	0	2	1	1	1	2	1	1	2	1	1	1	1
81	1	1	2	1	2	1	2	1	2	1	2	2	1	1	1	1	2	1	1	2	1	1	1	2	1	1	2	2	2	1	2	2	2	2	1	1	1	1	1	2	2	2	2	1	1	2	1	1	1	1	1	1	1	2	1	1	1	2	1	2	1	2	1	2	1	2	1	1	2	2	2	1	1	1	1	1	1	1	2	1	1	2	1	1	2	1	1	1	2	2	1	1	1	1	1	2	1	1	2	2	0	2	1	1	1	2	1	1	2	1	1	1	1
82	1	1	2	2	2	1	2	2	2	1	1	2	1	1	2	1	2	1	2	1	2	1	1	2	1	1	1	1	2	1	1	1	2	2	1	1	1	1	1	1	1	2	2	1	1	2	1	1	1	1	2	1	1	1	1	1	1	2	2	1	1	1	1	1	1	2	1	2	2	1	2	1	1	1	1	1	1	1	1	1	1	1	1	1	2	1	1	1	1	2	1	1	1	1	1	1	1	2	1	2	2	2	1	2	1	2	2	1	2	1	2	1	1
82	1	1	1	2	2	1	2	1	2	1	1	2	1	2	2	1	2	1	1	1	2	1	1	1	1	1	1	1	2	1	1	2	2	2	1	1	1	1	2	1	2	2	2	1	1	2	1	1	1	1	1	1	1	1	1	1	1	2	2	1	1	1	1	1	1	1	1	2	2	2	2	1	2	1	1	1	1	1	2	1	1	1	1	1	2	1	1	2	2	2	1	1	1	1	1	1	1	2	1	2	1	2	1	1	1	1	2	1	2	1	1	1	1
82	1	1	2	1	2	1	2	2	2	1	1	2	1	2	2	2	2	1	2	1	2	1	2	1	2	1	1	1	2	1	1	2	2	1	1	1	1	1	2	2	2	2	2	1	1	2	1	1	1	1	1	1	1	1	1	1	1	2	1	1	1	1	1	1	1	2	1	2	2	2	2	1	1	1	1	1	1	1	2	1	1	2	1	1	2	1	1	1	1	2	1	1	1	1	1	1	1	1	1	2	1	2	1	2	1	2	2	1	2	1	1	1	1
83	1	1	2	2	2	1	2	2	2	1	2	2	1	1	1	2	2	1	1	1	2	1	1	1	1	1	1	1	1	1	2	2	2	1	1	1	2	1	1	1	2	2	2	1	1	2	1	1	1	1	2	1	1	1	1	1	1	2	2	1	1	1	1	1	1	2	1	2	2	1	2	1	1	1	1	1	1	1	2	1	1	1	2	1	2	1	1	1	1	2	1	1	1	1	1	1	1	1	2	2	1	2	2	1	1	1	2	1	2	1	2	1	1
83	1	1	2	2	2	1	2	2	1	1	1	2	1	1	1	1	2	1	1	1	2	1	1	1	2	1	1	1	2	1	1	2	2	1	1	1	1	1	1	2	2	1	2	1	1	2	1	1	1	1	1	1	1	1	1	1	1	2	2	1	1	1	1	1	2	1	1	2	2	1	2	1	1	1	1	1	1	1	2	1	1	1	1	1	2	1	1	1	1	2	1	1	2	1	1	1	1	2	1	2	1	2	2	1	1	2	2	1	2	1	1	1	1
83	1	2	2	2	2	1	2	2	2	1	2	2	1	1	1	1	2	1	1	1	2	2	2	1	2	1	1	1	2	1	1	2	2	2	1	1	1	1	1	1	2	1	1	1	1	2	1	1	1	1	2	1	1	1	1	1	1	2	2	1	1	1	1	1	1	2	1	2	2	1	2	1	1	1	1	1	1	2	2	1	1	1	2	1	2	1	1	1	1	2	1	1	1	1	1	1	1	2	1	2	1	2	1	1	1	1	2	1	2	1	2	1	1
84	1	1	2	2	1	1	2	2	2	1	2	2	1	1	1	1	2	2	1	1	2	2	2	1	1	2	2	1	1	1	1	2	2	2	1	1	1	1	2	2	1	2	0	0	0	0	0	0	0	0	0	0	0	0	0	0	0	0	0	0	0	0	0	0	0	0	0	0	0	0	0	0	0	0	0	0	0	0	0	0	0	0	0	0	0	0	0	0	0	0	0	0	0	0	0	0	0	0	0	0	0	0	0	0	0	0	0	0	0	0	0	0	0
84	1	2	2	2	2	1	2	2	2	1	1	2	1	1	1	1	2	1	1	1	2	1	1	1	1	2	1	1	1	1	2	2	2	2	1	2	1	1	1	2	2	2	0	0	0	0	0	0	0	0	0	0	0	0	0	0	0	0	0	0	0	0	0	0	0	0	0	0	0	0	0	0	0	0	0	0	0	0	0	0	0	0	0	0	0	0	0	0	0	0	0	0	0	0	0	0	0	0	0	0	0	0	0	0	0	0	0	0	0	0	0	0	0
84	1	1	2	2	2	1	2	2	2	1	1	1	1	1	1	1	2	1	1	1	2	1	2	1	2	2	1	1	2	2	1	2	2	2	1	2	1	1	2	2	1	2	0	0	0	0	0	0	0	0	0	0	0	0	0	0	0	0	0	0	0	0	0	0	0	0	0	0	0	0	0	0	0	0	0	0	0	0	0	0	0	0	0	0	0	0	0	0	0	0	0	0	0	0	0	0	0	0	0	0	0	0	0	0	0	0	0	0	0	0	0	0	0
85	1	2	2	2	2	1	2	1	1	1	1	1	2	1	1	1	2	2	1	1	2	1	1	1	1	1	1	1	2	1	1	2	2	2	1	2	2	2	1	1	1	1	2	1	1	2	1	1	1	1	2	2	2	2	1	1	1	2	2	1	1	2	1	1	2	2	1	2	2	1	2	2	1	1	2	1	1	1	2	1	1	1	1	1	2	1	2	1	1	2	1	1	1	1	2	1	1	1	1	2	1	1	1	1	1	2	2	1	2	2	2	1	1
85	1	1	2	2	1	1	2	2	2	1	1	1	1	1	1	1	2	2	1	1	2	1	1	1	1	1	1	1	2	1	1	2	2	1	1	1	1	1	1	1	2	1	2	1	1	2	1	1	1	1	1	2	2	2	1	1	2	1	1	1	1	1	1	1	2	2	1	2	2	1	2	2	1	1	2	1	1	1	2	1	1	1	1	1	2	1	2	1	1	2	1	1	1	1	2	1	1	2	1	2	1	1	1	1	1	2	2	1	2	2	1	1	1
85	1	2	2	2	1	1	2	2	2	1	1	1	1	1	1	1	2	1	2	1	2	1	1	1	1	1	1	1	2	1	1	2	2	1	1	1	1	1	1	1	2	1	2	1	1	2	1	1	1	1	1	2	1	1	1	1	1	2	1	1	1	2	1	2	1	1	1	2	2	1	1	1	1	1	2	1	1	1	1	1	1	1	1	1	2	1	2	1	1	2	1	1	1	1	2	1	1	2	1	2	1	1	1	1	1	2	1	1	2	1	1	1	2
86	1	2	1	2	2	1	2	1	2	1	1	2	1	1	1	1	2	1	2	1	2	1	1	2	2	1	1	1	2	1	1	2	2	2	1	1	1	1	1	2	2	2	2	1	1	2	1	1	1	1	1	1	2	1	1	1	1	1	2	1	1	1	1	1	2	2	1	2	2	1	2	2	1	1	1	1	1	1	1	1	1	1	1	1	2	1	1	1	2	1	1	1	2	1	1	1	1	1	2	2	1	1	2	1	1	2	2	1	2	1	1	1	1
86	1	1	2	2	2	1	2	1	2	2	2	1	1	1	1	1	2	2	1	2	2	2	1	2	2	1	2	1	2	1	1	2	2	1	1	1	1	1	1	2	1	2	2	1	1	2	1	2	1	1	2	1	2	1	1	1	1	2	2	1	1	2	2	1	2	2	1	2	2	1	2	2	1	1	2	1	1	1	2	1	1	1	1	1	2	1	1	1	2	2	1	1	2	1	1	2	1	2	2	2	1	1	2	1	1	1	2	1	2	1	1	1	1
86	1	2	1	2	2	1	2	1	2	1	1	2	1	1	1	1	1	1	1	1	2	2	2	1	1	1	2	1	1	1	1	2	2	2	1	1	1	1	1	2	2	2	2	1	1	2	1	2	1	1	1	1	1	2	1	1	1	2	2	1	1	2	1	1	2	2	1	1	2	1	2	1	1	1	1	1	1	1	2	1	1	1	1	1	2	1	1	1	1	2	1	1	2	1	1	1	1	1	2	2	1	1	2	1	1	1	2	1	2	2	1	1	1
87	1	1	2	1	2	1	2	1	2	1	1	2	1	1	1	1	2	1	1	1	2	2	2	1	2	1	1	2	2	1	1	2	2	1	1	2	1	1	1	1	1	1	2	1	1	2	1	1	1	1	1	1	0	1	1	1	1	2	2	2	1	1	1	1	2	2	1	2	2	1	2	2	1	2	1	1	1	1	2	1	1	1	1	1	2	1	1	1	2	1	1	1	1	1	1	1	1	1	1	2	1	2	2	1	1	2	2	2	2	1	1	1	1
87	1	1	2	2	2	1	1	2	2	1	1	2	1	1	2	1	2	2	1	1	2	1	2	1	1	1	1	2	2	1	1	2	2	2	1	1	1	1	1	2	1	1	2	1	1	2	1	1	1	1	2	1	2	1	1	1	1	2	1	1	1	1	1	1	2	2	1	2	1	2	2	2	1	1	1	1	1	1	2	1	1	1	1	1	2	1	1	1	1	2	1	1	1	1	1	1	1	2	1	2	2	1	2	1	1	2	2	1	2	1	1	1	1
87	1	2	2	2	2	1	2	2	2	1	1	2	1	0	1	1	2	1	2	1	2	2	1	1	1	1	1	1	1	1	1	2	2	1	1	1	2	1	1	2	2	1	2	1	1	2	1	1	1	1	2	1	1	2	1	2	1	2	2	1	1	1	1	1	2	2	1	2	1	2	2	1	1	1	1	1	1	1	2	1	1	1	1	1	2	2	1	1	1	2	1	1	2	1	1	1	1	1	2	2	1	2	2	1	1	1	2	1	2	1	2	1	1
88	1	2	2	2	2	1	1	1	1	1	1	2	1	2	1	2	2	1	1	2	2	1	1	2	1	1	1	1	2	1	1	2	1	2	1	1	1	2	1	1	2	1	2	1	2	2	1	1	1	1	1	1	1	1	1	1	1	2	2	2	1	1	1	2	1	2	1	1	2	2	2	1	1	1	1	1	1	1	2	1	1	1	2	1	2	1	1	1	1	2	1	1	1	1	1	1	1	2	2	2	1	2	1	1	1	2	1	2	2	2	1	1	2
88	1	1	2	2	2	2	2	2	1	1	1	2	1	1	1	2	2	1	1	1	2	1	1	2	2	1	2	1	2	1	1	2	2	1	2	1	1	1	1	2	2	1	2	1	1	2	1	1	1	1	1	1	1	2	1	2	1	2	2	1	1	1	1	1	1	2	1	2	2	1	2	2	1	1	1	1	1	1	2	1	1	1	1	1	2	1	1	1	2	2	1	1	1	1	1	1	1	1	2	2	0	2	1	1	1	1	2	1	2	1	1	1	1
88	1	1	2	2	2	2	2	1	2	1	1	2	1	1	1	2	2	1	1	1	2	2	1	1	1	1	2	1	2	1	1	2	2	1	1	1	1	1	1	2	2	1	2	1	2	2	1	1	1	1	1	1	1	1	1	2	1	2	2	1	1	1	1	2	2	2	1	2	2	1	2	2	1	1	1	1	1	1	2	1	1	1	1	1	2	1	1	2	1	2	1	1	1	1	1	1	1	1	2	2	0	2	2	1	1	2	1	1	2	2	1	1	1
89	1	1	2	2	2	1	2	1	2	1	1	2	1	1	2	2	2	1	1	1	2	1	1	2	2	2	1	1	2	1	1	2	2	2	1	2	2	1	1	1	1	1	2	1	2	2	1	1	1	1	1	1	1	1	1	1	1	2	2	2	1	1	1	1	2	1	1	1	2	1	2	1	2	1	2	1	1	1	1	2	1	1	1	1	2	1	1	1	2	2	1	1	2	1	1	1	1	2	1	2	1	1	1	2	1	2	2	1	2	1	2	1	1
89	1	1	2	1	2	1	2	2	2	1	1	2	1	1	2	2	2	1	1	1	2	1	1	1	2	2	1	1	2	1	1	2	2	1	1	1	1	1	1	1	2	1	2	1	2	2	1	1	1	1	1	1	2	1	1	1	1	2	2	1	1	1	1	1	1	2	1	2	2	1	2	1	2	1	1	1	2	1	2	2	1	1	2	1	2	1	1	1	2	1	1	1	2	1	1	1	1	2	1	2	1	1	2	2	1	2	2	1	2	1	1	1	1
89	1	1	1	2	1	1	2	1	2	1	1	1	1	2	2	2	2	1	1	1	2	1	1	2	2	2	2	1	2	1	1	2	2	1	1	2	1	1	1	1	1	2	2	1	1	2	1	1	1	1	1	1	2	2	1	1	1	2	1	2	1	1	1	1	2	1	1	2	2	2	1	2	1	1	2	1	1	1	1	1	1	1	1	1	2	1	1	1	1	2	1	1	1	1	1	1	1	2	1	2	1	1	1	1	1	2	2	1	2	1	2	1	1
90	1	1	2	1	2	1	2	1	1	2	2	1	1	1	1	1	2	1	1	1	2	1	1	1	2	1	2	1	2	2	1	2	2	1	1	1	1	1	1	2	1	2	2	1	1	2	1	1	1	1	1	1	2	1	1	1	1	2	2	1	1	1	1	1	1	1	1	2	2	1	1	2	1	1	2	1	1	1	1	1	1	1	1	1	2	1	1	1	1	2	1	1	1	1	1	1	1	1	2	2	1	2	1	1	1	1	2	1	2	1	2	1	1
90	1	1	2	1	2	1	2	1	2	2	2	2	1	1	1	1	2	1	1	1	2	1	1	2	2	1	2	1	2	2	1	2	2	1	1	1	1	1	1	2	2	2	2	1	1	2	1	1	1	1	1	1	2	1	1	1	1	2	2	1	1	1	1	1	1	2	1	2	2	1	2	2	1	1	2	1	1	1	1	1	1	1	1	1	2	1	1	1	2	2	1	1	1	1	1	1	1	1	2	2	1	2	1	1	1	2	2	1	2	1	2	1	2
90	1	1	2	2	2	1	2	1	2	1	2	2	1	1	1	2	2	1	1	1	2	2	1	2	1	1	1	1	2	1	1	2	2	2	1	1	1	1	1	1	2	2	2	1	1	1	1	1	1	1	1	1	1	1	1	1	1	2	2	1	1	1	1	1	1	2	1	2	2	2	2	1	1	1	1	1	1	1	2	1	1	1	1	1	2	1	1	1	1	2	1	1	2	1	1	1	1	1	2	2	1	2	1	1	1	2	2	1	2	2	2	1	2
91	1	1	2	2	1	1	2	2	2	1	2	1	1	1	2	1	2	1	1	2	2	1	1	1	1	1	1	1	2	1	2	2	2	2	1	1	1	1	1	2	2	2	2	1	1	2	1	2	1	1	1	1	2	1	1	1	1	2	2	2	1	2	1	1	1	2	1	2	2	1	2	2	1	1	2	1	1	1	2	1	1	1	2	1	2	1	1	1	1	2	1	1	1	2	1	1	1	1	2	2	1	1	2	1	1	2	2	1	2	1	1	1	1
91	1	1	2	2	1	1	2	2	2	1	2	1	1	1	1	1	2	1	1	1	2	2	1	1	2	1	1	1	2	1	2	2	2	2	1	1	1	1	1	1	1	2	2	1	1	2	1	1	1	1	1	1	2	1	1	1	1	2	2	1	1	2	2	1	2	2	1	2	2	1	2	1	1	1	2	1	1	1	2	1	1	1	1	1	2	1	1	1	1	2	1	2	1	0	1	1	1	1	2	2	1	2	0	1	1	1	2	1	2	1	1	1	1
91	1	1	2	2	1	1	2	2	1	1	1	2	1	1	1	1	2	1	1	1	2	1	1	2	1	1	1	1	2	1	1	2	2	2	1	1	1	1	1	1	2	2	2	1	1	2	1	1	1	1	1	1	1	1	1	1	1	2	2	1	1	2	1	1	2	2	1	2	2	1	2	1	2	2	2	1	1	1	2	1	1	1	1	1	2	1	1	1	1	2	1	1	1	2	1	1	1	1	2	2	1	1	1	1	1	2	2	1	2	1	1	1	1
92	1	1	2	2	1	1	2	1	2	1	1	1	1	1	1	1	2	2	1	1	2	1	1	1	2	1	1	1	2	1	1	1	2	1	1	2	1	1	2	2	1	2	0	0	0	0	0	0	0	0	0	0	0	0	0	0	0	0	0	0	0	0	0	0	0	0	0	0	0	0	0	0	0	0	0	0	0	0	0	0	0	0	0	0	0	0	0	0	0	0	0	0	0	0	0	0	0	0	0	0	0	0	0	0	0	0	0	0	0	0	0	0	0
92	1	1	2	2	1	1	2	2	2	1	2	1	1	1	1	1	2	0	1	1	2	1	2	1	1	1	1	1	2	1	1	2	2	1	1	1	2	1	1	2	2	2	0	0	0	0	0	0	0	0	0	0	0	0	0	0	0	0	0	0	0	0	0	0	0	0	0	0	0	0	0	0	0	0	0	0	0	0	0	0	0	0	0	0	0	0	0	0	0	0	0	0	0	0	0	0	0	0	0	0	0	0	0	0	0	0	0	0	0	0	0	0	0
92	1	1	2	2	1	1	2	2	2	1	2	1	1	2	1	1	2	2	1	1	2	1	2	2	1	1	1	1	2	1	1	2	2	2	1	1	1	2	2	2	1	2	0	0	0	0	0	0	0	0	0	0	0	0	0	0	0	0	0	0	0	0	0	0	0	0	0	0	0	0	0	0	0	0	0	0	0	0	0	0	0	0	0	0	0	0	0	0	0	0	0	0	0	0	0	0	0	0	0	0	0	0	0	0	0	0	0	0	0	0	0	0	0
93	1	2	2	2	1	1	2	1	2	1	1	2	1	1	1	1	2	2	1	2	2	1	1	1	2	1	1	1	2	1	1	2	2	1	1	2	1	1	1	1	2	1	2	1	1	2	1	1	1	1	1	1	2	2	1	1	1	2	1	1	1	1	1	1	2	2	2	1	2	1	1	2	1	1	2	1	1	1	1	1	1	1	1	1	2	1	2	1	2	1	1	1	2	1	1	1	1	2	2	2	1	1	2	2	1	1	2	1	2	2	2	1	1
93	1	2	2	2	2	1	2	1	2	1	1	2	1	1	1	1	2	2	1	2	2	2	2	1	2	1	1	1	2	1	1	2	2	1	1	1	2	1	2	1	2	2	2	1	1	2	1	1	1	1	1	1	2	1	1	1	1	2	2	1	1	1	1	1	1	1	2	2	2	1	1	2	2	1	2	1	1	1	1	1	1	1	1	1	2	2	1	1	2	2	1	1	2	2	1	1	1	2	2	2	1	1	2	2	1	2	2	1	2	1	1	1	1
93	1	2	2	2	2	1	2	1	2	1	1	2	1	1	1	1	2	2	1	2	2	2	2	1	2	1	1	1	2	1	1	2	2	1	1	1	1	1	1	1	2	2	2	1	1	2	1	1	1	1	1	1	2	1	1	1	1	2	2	1	1	1	1	1	2	1	2	2	2	1	1	2	2	1	1	1	1	1	1	1	1	1	1	1	2	2	1	1	1	2	1	1	2	1	1	1	1	2	2	2	1	2	2	2	1	1	2	1	2	1	1	1	1
94	1	1	2	1	2	1	2	1	2	1	1	2	2	1	1	2	1	1	2	1	2	1	1	2	1	1	2	1	2	1	1	1	2	1	1	1	1	1	1	1	1	1	2	1	1	2	1	2	1	1	1	1	2	1	1	1	1	1	2	1	1	1	1	2	1	2	1	1	2	2	0	2	1	1	2	1	2	1	2	1	1	1	1	1	2	1	1	1	2	2	1	1	1	1	1	1	1	1	2	1	1	1	2	2	1	2	2	1	1	1	1	1	1
94	1	1	2	1	2	1	2	2	2	1	1	2	1	1	1	2	2	2	2	1	2	1	1	1	1	1	1	1	1	2	1	2	2	2	1	1	1	1	1	1	2	1	2	1	1	2	1	1	1	1	1	1	2	2	1	1	1	1	2	1	1	1	1	1	1	2	1	2	2	2	1	1	1	1	1	1	2	1	2	1	1	1	1	1	2	1	1	1	2	2	1	1	1	1	1	1	1	1	2	2	1	2	1	2	1	2	2	1	2	1	1	1	2
94	1	1	1	1	2	1	2	1	2	1	1	1	1	1	1	2	2	2	1	1	2	1	1	2	1	1	1	1	1	1	1	2	2	2	1	2	1	1	1	1	2	1	2	1	1	2	1	2	1	1	1	1	1	2	1	1	1	2	2	1	1	1	1	1	1	2	1	2	2	2	2	1	1	1	2	1	1	1	2	1	1	1	1	1	2	1	1	1	2	1	1	1	2	1	1	1	1	1	2	2	1	1	2	1	1	2	2	1	1	1	1	1	1
95	1	2	2	2	2	1	2	2	2	1	2	2	1	2	1	2	1	1	1	1	2	1	1	1	1	2	1	2	1	1	1	2	2	1	1	1	1	1	1	2	2	1	2	1	1	2	1	1	1	1	1	1	1	2	1	1	1	2	2	1	1	1	1	1	2	2	1	1	2	2	1	1	1	1	1	1	1	1	2	1	1	1	1	1	2	1	1	1	1	2	1	1	1	1	1	1	1	1	1	2	1	2	2	2	1	2	2	2	2	1	2	1	2
95	1	1	2	2	2	1	2	2	2	1	2	2	1	2	1	1	1	1	2	1	2	1	1	1	1	2	1	1	2	1	1	2	2	2	1	1	1	1	1	1	2	2	2	1	1	2	1	1	1	1	2	1	1	1	1	1	1	2	2	1	1	1	1	1	2	2	1	1	2	1	2	1	1	1	1	1	1	1	2	1	1	1	1	1	2	1	1	1	2	2	1	1	1	1	1	1	1	1	1	2	1	2	2	2	2	2	2	2	2	1	2	1	2
95	1	2	2	1	2	1	2	1	2	1	2	2	1	1	1	1	1	1	1	1	2	1	1	1	1	2	1	1	2	2	1	2	2	2	1	1	1	1	1	1	2	1	2	1	1	2	1	1	1	1	1	1	1	1	1	1	1	2	2	1	1	1	1	1	2	2	1	1	2	1	2	1	1	1	1	1	1	1	2	1	1	1	1	1	2	1	1	1	1	2	1	1	1	1	1	1	1	2	1	2	1	2	2	2	1	2	2	2	2	1	1	1	1
96	1	1	2	2	2	1	1	2	2	1	2	2	1	1	2	1	2	2	1	1	2	1	1	1	2	1	2	1	2	1	2	2	2	2	1	2	1	1	2	1	1	2	2	1	1	2	1	1	1	1	1	1	1	1	1	1	1	1	2	1	1	1	1	1	2	1	1	2	2	1	2	1	1	1	2	1	1	1	2	1	1	1	1	1	2	1	1	1	1	2	1	1	2	1	1	1	2	1	1	2	1	2	1	1	1	2	2	1	2	1	1	1	1
96	1	1	2	2	1	1	2	2	2	1	1	2	1	1	1	1	2	1	2	2	2	1	2	1	1	2	1	1	2	1	1	2	2	2	1	1	2	1	1	1	2	2	2	1	1	2	1	2	1	1	1	1	2	2	1	1	1	2	2	1	1	1	1	1	2	2	1	2	2	2	1	2	1	1	2	1	1	1	2	1	1	1	1	2	2	2	1	2	1	2	1	1	2	1	1	1	1	2	1	2	1	1	1	1	1	2	2	1	2	1	1	1	1
96	1	1	2	2	2	1	2	2	2	1	2	2	1	1	2	1	2	2	1	2	2	1	1	2	2	2	1	1	2	1	1	2	2	2	1	2	1	1	1	1	1	2	2	1	1	2	1	2	1	1	1	1	2	2	1	1	1	2	2	1	1	2	1	1	1	2	1	2	2	2	2	2	1	1	1	1	1	1	2	1	1	1	1	1	2	2	1	1	2	2	1	2	1	1	1	1	1	2	2	2	1	2	2	1	1	2	2	1	2	1	1	1	1
97	1	1	2	2	1	1	2	2	2	1	2	1	1	2	1	1	1	1	1	2	2	2	1	1	1	1	1	1	2	1	2	2	2	1	1	1	1	1	1	2	2	1	2	1	1	2	1	1	1	1	2	1	1	1	1	1	1	2	2	1	1	1	1	1	1	1	1	2	2	1	2	1	1	1	2	1	1	1	2	1	2	1	2	1	2	1	1	1	1	2	1	1	1	1	1	1	1	2	1	2	1	1	2	1	1	1	2	1	2	1	2	1	1
97	1	1	2	1	1	1	2	2	2	1	2	2	1	1	1	1	1	1	1	2	2	1	1	1	2	1	1	1	2	2	1	2	2	2	1	1	1	1	1	1	1	1	2	1	1	2	1	1	1	1	1	1	2	1	1	1	1	2	2	1	1	1	1	1	2	2	1	2	2	2	2	2	1	1	2	1	2	1	2	1	1	1	2	1	2	1	1	1	1	2	1	1	1	1	1	1	1	2	2	2	1	2	1	1	1	1	2	1	2	1	1	1	1
97	1	1	2	2	1	1	2	2	2	1	2	2	1	1	1	1	2	1	1	2	2	1	1	1	2	1	1	1	2	2	1	2	2	2	1	1	1	1	1	1	1	1	2	1	1	2	1	1	1	1	1	1	2	2	1	1	1	2	2	1	1	2	1	1	1	2	1	2	2	2	1	1	1	1	2	1	1	1	2	1	1	1	2	1	2	2	1	1	1	2	1	1	1	1	1	1	1	2	2	2	1	2	1	1	1	2	1	1	2	1	1	1	1
98	1	2	1	2	1	1	2	1	2	1	1	1	1	1	1	1	2	2	1	2	2	1	2	1	1	1	1	1	2	1	2	2	2	2	1	2	1	2	1	1	2	1	2	1	1	2	1	1	1	1	1	2	1	1	1	2	1	2	2	1	1	1	2	1	2	2	1	2	2	2	1	1	1	1	2	1	1	1	2	1	1	1	2	1	2	2	1	1	1	2	1	1	1	1	1	1	1	1	2	2	1	1	2	1	1	2	2	1	2	1	1	1	1
98	1	1	2	2	1	1	2	1	2	1	2	1	1	2	1	2	2	1	1	2	2	1	2	1	1	1	1	1	2	2	2	2	2	1	1	2	1	1	2	1	2	1	2	1	1	1	1	1	1	1	1	2	2	1	1	1	1	2	1	1	1	1	2	1	1	2	1	1	2	1	1	2	1	1	2	1	1	1	2	1	1	1	1	1	2	2	1	1	1	2	1	1	1	1	1	1	1	2	2	2	1	1	2	1	1	2	2	1	2	2	1	1	1
98	1	1	2	2	2	1	2	1	1	1	2	2	1	2	1	1	2	1	1	1	2	1	2	1	1	1	1	1	2	2	1	2	2	1	1	2	2	1	2	1	2	1	2	1	1	2	1	1	1	1	1	1	1	1	1	1	1	2	2	1	1	2	2	1	2	2	1	2	2	2	1	1	1	1	2	1	1	1	2	1	1	1	2	1	2	2	1	1	1	2	1	1	1	1	1	1	1	2	2	2	1	1	2	1	1	2	2	1	2	2	1	1	1
99	1	1	2	2	2	1	2	1	2	1	2	2	1	1	1	1	1	1	1	2	2	1	1	1	1	2	1	1	2	1	1	2	2	2	1	2	1	1	2	2	1	2	2	1	1	2	1	1	1	1	2	1	2	1	1	1	1	2	2	1	1	1	1	1	0	2	2	2	2	1	2	1	1	2	1	1	1	1	2	1	1	1	2	1	2	1	1	1	2	2	1	1	1	1	1	1	1	2	2	2	1	2	1	1	1	1	2	1	2	2	1	1	1
99	1	1	2	2	2	1	2	1	2	1	2	2	1	1	1	1	1	1	1	2	2	1	1	1	1	2	1	1	2	1	1	2	2	2	1	2	1	1	2	2	1	2	2	1	1	2	1	1	1	1	2	1	2	1	1	1	1	2	2	1	1	1	1	1	2	2	2	2	2	1	2	1	1	2	1	1	1	1	2	1	1	1	2	1	2	1	1	1	2	2	1	1	1	1	1	1	1	2	2	2	1	2	1	1	1	1	2	1	2	2	1	1	1
99	1	1	2	2	2	1	2	1	2	1	2	2	1	1	1	1	1	1	1	2	2	1	1	1	1	2	1	1	2	1	1	2	2	2	1	2	1	1	2	2	1	2	2	1	1	2	1	1	1	1	2	1	2	1	1	1	1	2	2	1	1	1	1	1	2	2	2	2	2	1	2	1	1	2	1	1	1	1	2	1	1	1	2	1	2	1	1	1	2	2	1	1	2	1	1	1	1	2	2	2	1	2	1	1	1	1	2	1	2	2	1	1	1
100	1	2	2	1	1	1	2	1	2	1	2	2	1	1	1	1	2	2	1	2	2	1	1	1	2	1	1	1	2	2	1	2	2	2	1	1	1	2	2	2	2	1	2	1	1	2	1	2	1	1	2	1	2	1	1	2	1	2	2	2	1	1	1	1	1	2	1	2	2	1	2	1	1	1	1	1	1	1	1	1	1	1	1	1	0	1	1	1	2	2	1	1	2	1	1	2	1	1	1	2	1	1	2	1	1	2	2	1	2	1	1	1	1
100	1	2	2	2	2	1	2	2	2	1	2	2	1	1	2	1	2	1	1	1	2	1	1	1	1	1	1	1	2	2	1	2	2	1	1	1	2	1	2	2	1	2	2	1	1	2	1	1	1	1	2	1	2	1	1	1	1	2	2	1	1	2	1	1	1	2	1	2	2	2	2	2	1	1	1	1	2	1	2	1	1	1	2	1	2	1	1	1	2	2	1	1	1	1	1	1	1	2	2	2	1	2	2	1	1	1	1	1	2	2	1	1	1
100	1	2	2	2	2	1	2	2	1	1	2	2	1	1	2	1	1	1	1	1	2	1	1	1	1	1	1	1	2	2	1	2	2	2	1	1	1	1	1	1	2	2	2	1	1	2	1	1	1	1	1	1	2	1	1	1	1	2	2	1	1	1	2	1	1	2	1	2	2	1	2	1	1	1	2	1	1	1	2	1	1	1	1	1	2	1	1	1	2	2	1	1	1	1	1	1	1	1	2	2	1	1	2	1	1	1	1	1	2	2	1	1	1
101	1	2	1	2	1	1	2	2	1	1	2	1	1	1	1	2	2	1	1	1	2	1	1	1	1	1	1	1	2	2	1	2	2	1	1	2	1	2	2	1	2	1	2	1	1	2	1	1	1	1	1	1	1	1	1	1	1	2	2	1	1	1	1	1	1	2	1	1	2	1	1	1	1	1	1	1	1	1	2	1	1	1	1	1	2	2	1	1	1	2	1	1	1	1	1	1	1	2	1	2	1	1	2	1	1	1	2	1	2	1	1	1	1
101	1	2	1	1	1	1	1	1	2	1	2	1	1	1	1	1	2	1	1	2	2	2	1	1	1	1	1	1	2	1	1	2	2	1	1	2	1	2	2	1	2	1	2	1	1	2	1	1	1	1	1	2	2	1	1	1	1	2	2	1	1	2	1	1	1	2	2	1	2	1	1	1	1	1	2	1	1	1	2	1	1	1	1	1	2	2	1	1	1	2	1	1	1	1	1	1	1	2	1	2	1	1	1	1	1	1	2	1	2	2	1	1	1
101	1	2	1	2	1	1	2	1	1	1	1	1	1	2	1	1	2	2	1	1	2	1	1	1	1	1	1	1	1	2	1	2	2	1	1	2	1	2	2	1	2	1	2	1	1	2	1	1	1	1	1	2	2	1	1	1	1	2	2	1	1	1	2	1	1	2	1	2	2	1	1	1	1	2	1	1	1	1	2	1	1	1	1	1	2	2	1	1	1	2	1	1	1	1	1	1	1	2	1	2	1	1	2	1	1	1	2	1	2	1	1	1	1
102	1	1	2	2	1	1	2	2	2	1	2	2	1	1	1	1	1	1	1	2	2	1	1	1	1	2	1	1	2	1	1	2	2	2	1	1	2	1	2	1	2	1	2	1	1	2	1	1	1	1	1	1	2	2	1	1	1	2	2	1	1	2	1	1	1	2	1	2	2	1	1	1	2	1	1	1	2	1	2	1	1	1	2	1	2	1	1	1	2	2	1	2	1	2	1	2	1	1	2	2	1	1	2	1	1	2	2	1	2	1	1	1	1
102	1	2	2	1	1	1	2	1	2	1	2	2	1	1	1	1	2	1	1	2	2	1	1	1	1	2	1	1	2	1	1	2	2	1	1	1	2	1	2	2	1	1	2	1	1	2	1	1	1	1	1	1	2	1	1	1	1	2	2	1	1	2	1	1	2	2	1	2	2	1	2	2	1	1	1	1	1	1	2	1	1	1	2	1	2	1	1	1	2	2	1	2	1	1	1	2	1	2	2	2	1	1	2	1	1	2	2	1	2	1	1	1	1
102	1	2	2	1	1	1	2	1	2	1	2	2	1	1	1	1	2	1	1	2	2	1	1	1	1	2	1	1	2	1	1	2	2	1	1	1	2	1	2	2	1	1	2	1	1	2	1	1	1	1	1	1	2	1	1	1	1	2	2	1	1	2	1	1	2	2	1	2	2	1	2	2	1	1	1	1	1	1	2	1	1	1	2	1	2	1	1	1	2	2	1	2	1	1	1	2	1	2	2	2	1	1	2	1	1	2	2	1	2	1	1	1	1
103	1	1	2	2	2	1	2	2	2	1	2	1	1	1	1	1	2	1	1	2	2	1	1	1	2	1	1	1	2	1	1	2	2	2	1	2	1	1	2	2	2	1	2	1	1	2	1	1	1	1	1	1	2	2	1	1	1	2	2	1	1	1	1	1	2	2	1	2	2	1	2	1	1	1	1	1	1	1	2	1	1	1	2	1	2	1	1	2	2	2	1	2	1	1	1	1	1	1	2	2	1	2	1	1	1	1	2	1	2	2	2	1	1
103	1	1	2	2	2	1	2	1	2	1	2	2	1	1	1	1	2	1	2	2	2	1	1	1	1	1	2	1	2	2	1	2	2	2	1	2	1	1	2	1	1	1	2	1	1	2	1	1	1	1	1	1	2	2	1	1	1	2	2	1	1	2	1	1	1	2	1	2	2	2	1	2	1	1	2	1	1	1	2	1	1	1	2	1	2	1	2	1	1	2	2	1	1	1	1	1	1	2	1	2	1	1	1	1	1	1	2	1	2	1	2	1	1
103	1	1	2	2	1	1	2	2	2	1	2	2	1	1	2	1	1	2	1	1	2	2	1	1	1	2	1	1	2	1	1	2	2	2	1	1	2	1	2	2	1	2	2	1	1	2	1	1	1	1	1	1	2	2	1	1	1	2	2	1	1	1	1	2	2	2	1	1	2	1	1	1	1	1	2	1	1	1	2	1	1	1	2	1	2	2	1	1	2	2	1	1	1	1	1	1	1	2	1	2	1	2	1	1	1	2	2	1	2	1	2	1	1
104	1	1	2	1	1	1	2	1	2	1	2	1	1	1	1	1	2	1	1	1	2	1	1	1	1	1	1	1	2	1	1	2	2	2	1	1	1	1	2	1	2	1	2	2	1	2	1	1	1	1	1	1	2	1	2	1	1	2	2	1	1	2	1	1	1	2	1	2	2	2	1	1	2	1	1	1	1	1	2	1	1	1	2	1	1	1	1	1	1	2	1	1	1	2	1	1	1	1	1	2	1	1	1	1	1	1	2	1	2	1	1	1	1
104	1	1	2	2	2	1	2	1	1	1	2	1	1	2	1	1	2	2	1	1	2	2	1	1	1	1	1	1	2	1	2	2	2	2	1	1	1	1	2	1	2	1	2	1	1	2	1	1	1	1	1	2	2	2	2	1	1	2	2	1	1	2	1	1	1	2	1	2	2	1	1	1	2	1	2	1	1	1	2	1	1	1	2	1	1	1	1	1	1	2	1	1	1	1	1	1	1	1	2	2	1	2	1	1	1	1	2	1	2	2	1	1	2
104	1	2	2	1	1	1	2	1	2	1	2	1	1	1	1	1	2	1	1	1	2	1	1	1	1	1	1	1	2	1	1	2	2	2	1	1	1	2	2	1	2	1	2	2	1	2	1	1	1	1	1	1	2	1	2	1	1	2	2	1	1	2	2	1	1	2	1	2	2	1	1	2	2	1	1	1	1	1	2	1	1	1	2	1	2	1	1	1	1	2	1	1	1	1	1	1	1	1	1	2	1	1	2	1	1	2	2	1	2	1	1	2	1
105	1	1	2	2	1	1	2	1	2	1	2	2	1	1	1	1	2	1	1	2	2	1	2	1	1	1	1	1	2	1	1	2	2	2	1	2	2	1	2	2	1	2	2	1	1	2	1	1	1	1	1	1	2	1	1	1	1	1	2	1	1	1	2	1	1	2	1	2	2	1	1	1	1	2	2	1	2	1	2	1	1	1	1	1	1	1	1	1	2	1	1	1	1	1	1	1	1	1	2	2	1	1	1	1	1	1	2	1	2	1	1	1	1
105	1	2	2	2	2	1	2	2	2	1	2	2	1	1	2	1	1	1	1	2	2	1	2	1	1	1	1	1	2	1	1	2	2	2	1	1	1	1	2	2	1	1	2	1	1	2	1	1	1	1	1	1	2	2	1	1	1	2	2	2	1	2	1	1	1	2	1	2	2	1	2	1	1	2	2	1	1	1	2	1	1	1	2	1	2	1	1	1	2	2	1	1	1	1	1	1	1	2	2	2	1	1	2	1	1	1	2	1	2	1	1	1	1
105	1	1	2	2	1	1	2	2	2	1	2	1	1	1	1	1	2	1	2	2	2	1	2	1	1	2	1	1	2	1	1	2	2	1	1	2	2	1	2	2	2	1	2	1	1	2	1	1	1	1	1	1	2	2	1	1	1	2	2	2	1	1	1	1	1	2	1	2	2	1	2	1	1	2	2	1	1	1	2	1	0	1	1	1	2	1	1	1	2	1	1	1	1	1	1	1	1	2	2	2	1	1	2	1	1	1	2	1	2	1	1	1	1
106	1	1	2	2	1	1	2	2	2	1	2	2	1	1	2	1	1	1	2	2	2	1	1	2	1	1	1	1	2	2	1	2	2	1	1	2	1	1	1	2	1	1	2	1	1	2	1	1	1	1	2	1	2	2	1	1	1	1	2	2	1	2	1	1	1	1	1	2	2	1	2	2	1	1	2	1	1	1	2	1	1	1	1	1	2	1	1	1	2	1	1	1	1	1	1	1	1	2	1	2	1	1	1	1	1	1	2	1	2	1	1	1	1
106	1	2	2	2	1	1	2	2	2	1	2	1	1	1	1	1	2	1	1	2	2	1	1	1	1	2	1	1	2	1	1	2	2	2	1	2	1	1	1	2	2	2	2	1	1	2	1	1	1	1	2	1	1	1	2	1	1	2	2	1	1	2	1	1	2	2	1	2	2	1	1	1	1	1	2	1	1	1	2	1	1	1	1	1	2	1	1	1	2	2	1	1	1	1	1	1	1	2	1	2	1	1	1	1	1	1	2	1	2	2	1	1	1
106	1	2	2	2	1	1	2	2	2	1	2	2	1	1	1	1	2	1	1	2	2	1	2	1	2	2	1	1	2	1	2	2	2	1	1	2	1	1	2	1	1	1	2	1	1	2	1	1	1	1	1	1	2	1	1	1	1	2	2	1	1	1	1	1	1	2	1	2	2	1	1	2	1	1	2	1	1	1	2	1	1	1	2	1	2	1	1	1	2	1	1	1	1	1	1	1	1	1	1	2	1	1	1	1	1	1	2	1	2	2	1	1	1
107	1	1	1	2	1	1	2	2	2	1	1	1	1	1	1	2	2	1	1	2	2	1	1	2	1	1	1	1	2	1	1	2	2	1	1	1	1	1	2	1	2	1	2	1	1	2	1	2	1	1	2	1	2	1	1	1	1	2	2	1	1	1	2	1	2	2	1	2	2	2	1	1	1	1	2	1	1	1	2	1	1	1	2	1	2	1	1	1	2	2	1	1	1	1	1	1	1	1	2	2	1	1	2	1	1	2	2	1	2	1	1	1	1
107	1	1	2	2	1	1	2	1	1	1	1	1	1	2	1	1	2	2	1	2	2	2	1	1	1	1	2	1	2	1	1	2	2	2	1	2	1	1	2	2	1	2	2	1	1	2	1	1	1	1	1	1	2	2	1	1	1	2	2	1	1	1	2	1	1	2	1	2	2	1	1	1	1	2	1	1	1	1	2	1	1	1	2	1	2	2	2	1	1	2	1	2	2	1	2	2	1	1	2	2	1	1	2	1	1	1	2	1	2	1	1	1	1
107	1	1	2	1	1	1	2	1	2	1	1	1	1	1	1	1	2	1	1	1	2	2	1	1	1	1	1	1	2	1	2	2	2	1	1	1	2	2	2	1	1	1	2	1	1	2	1	1	1	1	1	1	2	2	1	1	1	2	2	1	1	1	2	1	1	2	1	2	2	1	1	1	1	1	2	1	1	1	2	1	1	1	2	1	2	1	1	1	2	2	1	2	1	2	1	1	1	1	1	2	1	1	1	1	1	1	2	1	2	1	1	1	1
108	1	1	2	2	2	1	2	2	2	1	1	1	1	1	1	1	2	2	1	1	2	1	1	1	1	2	1	1	2	1	2	2	1	1	1	2	1	1	2	2	2	2	2	1	1	2	1	1	1	1	1	1	2	1	1	2	1	2	2	1	1	2	1	1	1	2	1	2	2	1	2	2	1	2	2	1	1	1	2	1	1	1	2	1	2	2	1	1	2	1	1	1	1	1	1	1	1	2	1	2	1	1	1	1	2	2	2	1	2	1	2	1	1
108	1	1	2	2	2	1	2	2	1	1	2	2	1	1	2	1	2	2	2	1	2	1	2	1	1	1	1	1	2	1	2	2	2	1	1	1	1	1	2	2	2	2	2	1	1	2	1	1	1	1	1	1	2	1	1	1	1	2	2	1	1	2	1	1	1	2	1	2	2	1	2	1	1	2	2	1	1	1	2	1	1	1	2	1	2	1	1	1	2	2	1	1	1	1	1	1	1	2	2	2	1	2	1	1	1	2	2	1	2	1	1	1	1
108	1	1	2	1	2	1	2	1	2	1	2	2	1	1	2	1	1	1	1	1	2	1	1	1	2	2	1	1	2	2	1	2	2	1	1	1	1	1	1	1	2	2	2	1	1	2	1	1	1	1	1	1	2	2	1	2	1	2	2	1	1	1	1	1	1	1	1	2	2	1	2	2	1	2	2	1	1	1	2	1	1	1	1	1	2	1	1	1	1	2	1	1	1	1	1	1	1	2	2	2	1	1	2	2	1	1	2	1	2	1	2	1	1
109	1	2	2	1	1	1	2	1	2	1	2	1	1	1	1	1	2	2	1	1	2	2	1	2	1	1	1	1	2	1	1	2	2	2	1	1	1	2	1	1	2	2	2	1	1	2	1	1	1	1	2	1	2	1	1	1	1	2	2	1	1	1	1	1	2	2	1	2	2	2	1	1	1	1	2	1	1	1	1	1	1	1	1	1	2	1	1	1	1	2	1	1	1	1	1	1	1	1	2	2	1	1	2	1	2	2	2	1	2	2	1	1	1
109	1	1	2	2	1	1	2	2	2	1	1	1	1	1	1	1	2	1	1	1	2	1	1	2	1	1	1	1	2	2	1	2	2	1	1	1	1	1	2	1	2	1	2	1	2	2	1	1	1	1	2	1	1	1	1	1	1	2	2	1	1	2	1	1	1	2	1	2	2	1	2	1	1	1	1	1	1	1	2	1	1	1	2	1	2	1	1	1	2	2	1	1	1	1	1	1	1	2	2	2	1	2	1	1	1	1	2	1	2	1	1	1	2
109	1	2	2	1	1	1	2	1	1	1	2	1	1	1	1	1	2	1	1	1	2	1	1	1	1	1	1	1	2	2	1	2	2	2	1	1	1	1	2	1	2	1	2	1	1	2	1	1	1	1	1	1	0	1	1	1	1	2	2	1	1	1	1	1	1	2	1	1	2	1	1	1	1	1	2	1	1	1	2	1	1	1	2	1	2	1	1	1	1	2	1	1	1	1	1	1	1	2	2	2	1	1	2	1	1	1	2	1	2	2	2	1	1
110	1	1	2	2	1	1	2	2	1	1	2	1	1	1	2	1	2	1	1	2	2	1	1	1	1	1	1	1	1	1	2	2	2	2	1	1	1	1	1	2	2	2	2	1	1	2	1	1	1	1	1	1	2	1	2	1	1	2	2	2	1	2	1	2	1	2	1	2	2	1	2	1	2	1	2	1	1	1	2	1	1	1	2	1	1	1	1	1	2	2	1	1	1	1	1	1	1	1	1	2	1	1	2	2	1	2	2	1	2	1	2	1	1
110	1	1	2	1	1	1	2	2	2	1	2	2	1	1	1	1	2	1	1	2	2	1	1	1	1	2	1	1	2	1	2	2	2	1	1	2	1	2	1	2	1	1	2	1	1	2	1	1	2	1	2	1	2	2	1	1	1	2	2	1	1	1	1	1	1	1	1	2	2	1	2	1	1	1	2	1	1	1	2	1	1	1	2	1	2	1	1	1	1	2	2	1	1	1	1	1	1	2	2	2	1	1	1	1	1	2	2	1	2	1	1	1	1
110	1	2	2	1	2	1	2	2	2	1	2	2	1	1	2	1	1	2	1	2	2	1	1	1	1	1	1	1	2	1	1	2	2	1	1	2	1	2	1	2	2	2	2	1	1	2	1	1	1	1	2	1	2	0	1	1	1	2	2	1	1	1	1	1	1	2	2	1	2	1	1	2	1	1	2	1	1	1	2	1	1	1	1	1	2	1	1	1	1	2	1	1	1	1	1	1	1	2	1	2	1	2	1	1	1	1	2	1	2	1	1	1	1
111	1	1	2	2	1	1	2	1	2	1	1	1	1	1	1	1	2	2	1	2	2	1	1	1	2	1	1	1	2	2	2	2	2	1	2	2	1	1	2	1	2	1	0	0	0	0	0	0	0	0	0	0	0	0	0	0	0	0	0	0	0	0	0	0	0	0	0	0	0	0	0	0	0	0	0	0	0	0	0	0	0	0	0	0	0	0	0	0	0	0	0	0	0	0	0	0	0	0	0	0	0	0	0	0	0	0	0	0	0	0	0	0	0
111	1	1	2	2	1	1	2	1	2	1	1	1	1	1	1	2	2	1	1	2	1	1	1	2	2	1	1	1	2	2	2	2	2	2	1	2	1	1	1	2	2	1	0	0	0	0	0	0	0	0	0	0	0	0	0	0	0	0	0	0	0	0	0	0	0	0	0	0	0	0	0	0	0	0	0	0	0	0	0	0	0	0	0	0	0	0	0	0	0	0	0	0	0	0	0	0	0	0	0	0	0	0	0	0	0	0	0	0	0	0	0	0	0
111	1	1	2	2	1	1	2	1	2	1	1	1	1	1	1	1	2	2	1	2	2	1	1	1	2	1	1	1	2	2	2	2	2	1	1	2	1	1	2	1	2	1	0	0	0	0	0	0	0	0	0	0	0	0	0	0	0	0	0	0	0	0	0	0	0	0	0	0	0	0	0	0	0	0	0	0	0	0	0	0	0	0	0	0	0	0	0	0	0	0	0	0	0	0	0	0	0	0	0	0	0	0	0	0	0	0	0	0	0	0	0	0	0
112	1	1	1	2	1	1	2	1	2	1	2	2	1	1	2	1	2	1	1	1	2	1	1	0	1	1	1	1	1	1	1	2	2	1	1	2	1	1	2	2	2	1	2	1	1	2	1	1	1	1	1	1	2	2	1	2	2	2	1	1	1	1	2	1	2	2	1	1	2	2	1	1	1	1	2	1	1	1	2	1	2	1	1	1	1	1	1	1	1	2	1	1	1	1	2	1	1	1	2	2	1	1	1	1	1	2	2	1	2	1	2	1	1
112	1	1	2	2	1	1	2	2	1	1	1	1	1	2	1	1	2	1	1	2	2	1	1	2	1	1	1	2	1	1	2	2	2	1	1	2	1	1	1	1	2	1	2	1	1	2	1	1	1	1	1	1	2	1	1	1	2	1	1	1	1	2	2	1	1	2	1	2	2	1	1	1	1	1	2	1	1	1	1	1	2	1	2	1	1	1	1	1	1	2	1	1	1	2	2	1	1	1	2	2	1	1	1	1	1	1	2	1	2	2	1	1	1
112	1	1	2	2	1	1	2	1	2	1	2	2	1	1	1	1	2	1	1	1	2	1	1	2	1	1	2	1	1	2	2	2	2	1	1	2	1	1	1	2	2	1	2	1	1	2	1	1	1	1	1	1	2	1	1	1	2	2	2	1	1	1	1	2	1	2	1	2	2	1	1	2	1	1	2	1	1	1	2	1	1	1	2	1	2	1	1	1	1	2	1	1	0	1	2	1	1	1	1	2	1	1	1	1	1	1	2	1	2	1	1	1	1
113	1	2	2	1	1	1	2	2	2	1	1	1	1	1	1	1	2	1	1	1	2	2	1	1	1	1	1	1	1	1	1	2	2	2	2	1	1	1	1	1	1	1	0	0	0	0	0	0	0	0	0	0	0	0	0	0	0	0	0	0	0	0	0	0	0	0	0	0	0	0	0	0	0	0	0	0	0	0	0	0	0	0	0	0	0	0	0	0	0	0	0	0	0	0	0	0	0	0	0	0	0	0	0	0	0	0	0	0	0	0	0	0	0
113	1	2	2	1	1	1	2	2	2	1	1	1	1	1	1	1	2	2	1	1	2	1	1	1	1	1	1	1	1	1	2	2	2	2	1	2	1	1	2	1	2	1	0	0	0	0	0	0	0	0	0	0	0	0	0	0	0	0	0	0	0	0	0	0	0	0	0	0	0	0	0	0	0	0	0	0	0	0	0	0	0	0	0	0	0	0	0	0	0	0	0	0	0	0	0	0	0	0	0	0	0	0	0	0	0	0	0	0	0	0	0	0	0
113	1	2	2	1	1	1	2	2	2	1	1	1	1	1	1	1	2	2	1	2	2	1	1	1	1	1	1	1	1	1	2	2	2	2	1	2	1	1	2	1	2	1	0	0	0	0	0	0	0	0	0	0	0	0	0	0	0	0	0	0	0	0	0	0	0	0	0	0	0	0	0	0	0	0	0	0	0	0	0	0	0	0	0	0	0	0	0	0	0	0	0	0	0	0	0	0	0	0	0	0	0	0	0	0	0	0	0	0	0	0	0	0	0
114	1	1	2	1	1	1	2	1	2	1	2	2	1	1	2	1	1	1	1	1	2	1	1	1	1	1	1	1	2	2	1	2	2	1	1	2	2	1	1	2	2	1	2	1	1	2	1	1	1	1	2	1	2	2	1	1	1	2	2	1	1	2	2	1	1	2	2	2	2	1	2	1	1	2	2	1	1	1	2	1	1	1	1	1	2	1	1	1	2	1	1	1	1	1	2	1	1	2	2	2	1	1	1	1	1	2	2	1	2	2	2	1	1
114	1	1	2	1	2	1	2	2	2	1	2	2	1	1	1	1	1	1	1	2	2	1	1	2	1	1	2	1	2	1	2	2	2	1	1	1	1	1	1	2	2	2	2	1	1	2	1	1	1	1	2	1	2	2	1	1	1	2	2	1	1	2	1	1	1	2	2	2	2	2	1	1	1	1	1	1	1	1	2	1	1	1	1	1	2	1	2	1	2	2	1	2	0	1	1	1	1	1	1	2	1	1	2	1	1	1	2	1	2	1	2	1	1
114	1	2	2	1	1	1	2	1	2	1	2	2	1	1	2	1	2	1	1	2	2	1	1	1	1	1	1	2	2	1	1	2	2	1	1	1	1	1	1	1	2	2	2	1	1	2	1	1	1	1	2	1	2	2	1	1	1	2	2	1	1	2	2	1	1	2	2	2	2	2	1	1	1	2	1	1	1	1	2	1	1	1	1	1	2	1	1	1	2	2	1	1	1	1	2	1	1	1	2	2	1	2	1	1	1	2	1	1	2	1	2	2	1
115	1	1	2	1	2	1	1	2	2	1	1	1	1	1	2	1	2	1	1	2	2	1	1	1	1	1	1	1	2	1	1	2	2	1	1	2	1	1	2	1	2	1	2	1	1	2	1	1	2	1	2	1	1	1	1	1	2	1	2	1	1	1	2	1	2	1	1	2	2	1	1	2	1	1	2	1	1	1	1	2	1	1	2	1	2	1	1	1	1	2	1	1	1	1	1	1	1	2	2	2	1	1	1	1	2	1	2	1	2	1	1	1	1
115	1	2	1	2	1	1	2	1	2	1	1	1	1	1	2	1	2	1	1	1	2	1	1	1	1	1	1	2	2	1	1	2	2	1	1	2	1	1	1	1	2	1	2	1	1	2	1	1	1	1	2	1	2	1	1	1	2	2	2	1	1	2	1	1	1	2	1	2	2	1	1	1	1	1	2	1	1	1	2	1	1	1	2	1	2	2	1	1	1	2	1	1	1	2	1	1	1	2	1	2	1	1	1	1	1	2	2	1	2	1	1	1	1
116	1	1	1	2	1	1	2	1	2	1	1	1	1	1	1	1	2	1	2	2	2	1	1	1	1	1	1	1	2	2	1	2	1	2	1	2	1	1	2	1	2	1	0	0	0	0	0	0	0	0	0	0	0	0	0	0	0	0	0	0	0	0	0	0	0	0	0	0	0	0	0	0	0	0	0	0	0	0	0	0	0	0	0	0	0	0	0	0	0	0	0	0	0	0	0	0	0	0	0	0	0	0	0	0	0	0	0	0	0	0	0	0	0
116	1	1	1	2	1	1	2	2	2	1	1	1	1	1	1	1	2	1	2	1	2	1	1	1	1	1	1	1	2	1	1	2	2	2	1	2	1	1	1	1	2	1	0	0	0	0	0	0	0	0	0	0	0	0	0	0	0	0	0	0	0	0	0	0	0	0	0	0	0	0	0	0	0	0	0	0	0	0	0	0	0	0	0	0	0	0	0	0	0	0	0	0	0	0	0	0	0	0	0	0	0	0	0	0	0	0	0	0	0	0	0	0	0
116	1	1	1	2	1	1	2	1	1	1	1	1	1	1	2	1	2	1	1	1	2	1	1	1	1	1	1	1	2	2	1	2	1	1	1	2	2	1	1	1	2	1	0	0	0	0	0	0	0	0	0	0	0	0	0	0	0	0	0	0	0	0	0	0	0	0	0	0	0	0	0	0	0	0	0	0	0	0	0	0	0	0	0	0	0	0	0	0	0	0	0	0	0	0	0	0	0	0	0	0	0	0	0	0	0	0	0	0	0	0	0	0	0
117	1	1	1	2	1	1	2	1	2	1	1	2	1	1	2	1	2	1	1	1	2	1	1	1	1	1	1	1	2	2	2	2	2	2	2	2	1	1	2	1	2	1	0	0	0	0	0	0	0	0	0	0	0	0	0	0	0	0	0	0	0	0	0	0	0	0	0	0	0	0	0	0	0	0	0	0	0	0	0	0	0	0	0	0	0	0	0	0	0	0	0	0	0	0	0	0	0	0	0	0	0	0	0	0	0	0	0	0	0	0	0	0	0
117	1	2	2	1	1	1	2	1	1	1	1	2	1	1	1	2	2	1	1	1	2	1	1	2	1	1	1	1	1	1	2	2	2	1	1	2	1	1	1	2	2	1	0	0	0	0	0	0	0	0	0	0	0	0	0	0	0	0	0	0	0	0	0	0	0	0	0	0	0	0	0	0	0	0	0	0	0	0	0	0	0	0	0	0	0	0	0	0	0	0	0	0	0	0	0	0	0	0	0	0	0	0	0	0	0	0	0	0	0	0	0	0	0
117	1	2	1	2	1	1	2	1	1	1	1	2	1	1	1	1	2	1	1	2	2	1	1	2	1	1	1	1	2	1	1	2	2	1	1	2	1	1	1	2	2	2	0	0	0	0	0	0	0	0	0	0	0	0	0	0	0	0	0	0	0	0	0	0	0	0	0	0	0	0	0	0	0	0	0	0	0	0	0	0	0	0	0	0	0	0	0	0	0	0	0	0	0	0	0	0	0	0	0	0	0	0	0	0	0	0	0	0	0	0	0	0	0
