126	119	2	1
AAT_CAC_54.3
AAT_CAC_58.9
AAT_CAC_63.6
AAT_CAC_67.8
AAT_CAC_69.3
AAT_CAC_70.8
AAT_CAC_72.2
AAT_CAC_78.1
AAT_CAC_92.2
AAT_CAC_104.6
AAT_CAC_107.0
AAT_CAC_110.4
AAT_CAC_119.4
AAT_CAC_120.2
AAT_CAC_130.5
AAT_CAC_134.3
AAT_CAC_138.9
AAT_CAC_140.6
AAT_CAC_156.2
AAT_CAC_163.0
AAT_CAC_174.0
AAT_CAC_194.7
AAT_CAC_198.0
AAT_CAC_198.8
AAT_CAC_202.0
AAT_CAC_210.6
AAT_CAC_211.2
AAT_CAC_216.2
AAT_CAC_217.9
AAT_CAC_232.2
AAT_CAC_246.7
AAT_CAC_256.7
AAT_CAC_266.6
AAT_CAC_270.2
AAT_CAC_286.3
AAT_CAC_288.3
AAT_CAC_291.5
AAT_CAC_299.6
AAT_CAC_304.6
AAT_CAC_306.1
AAT_CAC_323.8
AAT_CAC_347.1
AAT_CAC_358.9
AAT_CAC_371.8
AAT_CAC_378.2
AAT_CAC_398.7
AAT_CAC_418.2
AAT_CAC_440.8
AAT_CAC_447.4
AAT_CAC_483.8
ATC_CAC_54.3
ATC_CAC_63.8
ATC_CAC_80.5
ATC_CAC_93.6
ATC_CAC_100.8
ATC_CAC_103.0
ATC_CAC_140.6
ATC_CAC_160.2
ATC_CAC_166.1
ATC_CAC_195.4
ATC_CAC_202.0
ATC_CAC_203.0
ATC_CAC_213.2
ATC_CAC_225.5
ATC_CAC_240.8
ATC_CAC_252.8
ATC_CAC_275.0
ATC_CAC_286.4
ATC_CAC_311.4
ATC_CAC_332.2
ATC_CAC_345.9
ATC_CAC_372.2
ATC_CAC_374.1
ATC_CAC_388.4
ATC_CAC_395.6
ATC_CAC_431.7
ATC_CAC_433.9
ATC_CAC_438.8
ATC_CAC_441.9
ATC_CAC_462.2
ATC_CAC_474.2
ATC_CAC_491.4
ATG_CTG_51.6
ATG_CTG_62.5
ATG_CTG_90.6
ATG_CTG_107.4
ATG_CTG_109.9
ATG_CTG_116.3
ATG_CTG_124.4
ATG_CTG_127.3
ATG_CTG_133.4
ATG_CTG_137.5
ATG_CTG_157.4
ATG_CTG_160.4
ATG_CTG_162.9
ATG_CTG_164.4
ATG_CTG_168.8
ATG_CTG_175.9
ATG_CTG_179.8
ATG_CTG_182.0
ATG_CTG_186.0
ATG_CTG_187.9
ATG_CTG_194.6
ATG_CTG_197.7
ATG_CTG_203.1
ATG_CTG_209.5
ATG_CTG_223.3
ATG_CTG_224.5
ATG_CTG_227.3
ATG_CTG_229.4
ATG_CTG_238.1
ATG_CTG_241.6
ATG_CTG_253.7
ATG_CTG_264.4
ATG_CTG_281.8
ATG_CTG_342.2
ATG_CTG_355.0
ATG_CTG_420.3
ATG_CTG_425.6
1	1	1	1	1	1	1	2	2	1	1	2	2	1	1	1	1	2	1	2	1	1	2	1	1	1	1	1	1	1	2	1	2	1	1	1	1	2	1	1	1	1	2	1	1	2	1	1	1	1	2	2	2	1	2	1	1	1	1	1	1	1	1	1	1	1	1	1	2	1	1	1	1	1	1	2	1	1	1	2	1	2	1	2	1	1	1	1	2	1	1	1	1	1	1	1	1	1	1	2	1	2	2	1	1	1	1	2	1	1	2	1	1	1	1	1	1	2	1	2
1	1	1	1	2	2	1	1	2	1	1	2	2	1	1	1	1	2	1	2	1	1	2	1	1	1	1	1	1	1	2	1	2	1	1	1	1	2	1	1	1	1	1	1	1	1	1	1	1	1	2	2	2	1	2	1	1	1	1	1	1	1	1	1	1	1	1	1	2	1	1	1	1	1	1	2	1	1	1	2	1	2	1	2	1	1	1	1	1	1	1	1	2	1	1	1	1	2	1	2	1	2	1	1	2	2	1	2	1	1	2	1	1	1	1	2	1	2	1	2
1	1	2	1	1	1	1	2	2	1	1	2	2	1	1	1	1	1	1	2	1	1	2	1	1	1	1	1	1	1	2	1	2	1	1	1	2	2	2	1	1	1	1	1	1	1	1	1	1	1	2	2	2	1	2	1	1	1	1	1	1	1	1	1	1	1	1	1	2	1	1	1	1	1	1	2	1	1	1	2	1	2	1	2	1	1	1	1	2	1	1	1	1	1	1	1	2	1	1	1	1	2	1	1	1	1	1	2	1	1	2	1	1	1	1	1	1	1	1	2
2	1	1	1	1	1	1	1	2	1	1	2	2	1	1	1	1	1	1	2	1	1	2	1	1	1	1	1	1	1	2	1	2	1	1	1	1	2	1	1	1	1	1	1	1	2	1	1	1	1	2	1	2	1	1	1	1	1	1	1	1	1	1	1	2	1	1	1	2	1	2	1	1	1	1	1	1	2	1	2	1	2	1	2	1	1	1	1	1	1	1	1	2	1	1	1	2	1	1	2	1	1	1	1	1	1	1	2	1	1	2	1	1	1	1	2	1	1	1	2
2	1	1	1	1	1	1	1	2	1	1	2	2	1	1	1	1	2	1	2	2	1	2	1	1	1	1	2	1	1	2	1	1	1	1	1	1	2	1	2	1	2	2	1	1	2	2	1	1	1	2	1	2	1	1	1	1	2	1	2	1	1	1	1	2	1	1	1	2	1	2	2	1	1	1	1	1	1	1	2	1	2	1	2	1	1	1	1	2	1	1	1	2	1	1	1	2	1	1	2	1	1	1	2	1	1	2	2	2	1	2	1	1	1	1	1	1	1	1	2
2	1	1	2	1	1	1	1	2	1	1	2	2	1	1	1	1	1	1	2	2	1	2	1	1	1	1	1	1	1	2	1	1	1	1	1	1	2	1	1	1	1	1	1	1	2	1	1	1	1	2	1	2	1	1	1	1	1	1	1	1	1	1	1	2	1	1	1	2	1	1	1	1	1	1	1	1	2	1	2	1	2	1	2	1	1	1	1	1	1	1	1	2	1	1	1	1	1	1	2	1	2	1	1	1	1	1	2	1	1	2	1	1	1	1	1	1	1	1	2
3	1	1	1	1	1	1	2	1	2	1	2	2	1	1	1	1	1	1	2	1	1	2	1	1	1	1	1	1	1	2	1	1	1	1	1	1	2	2	1	1	1	1	1	1	2	1	1	1	1	2	2	2	1	1	1	1	1	1	1	1	1	1	1	2	1	1	1	2	1	1	1	1	1	1	2	1	2	1	2	1	2	1	2	1	1	1	1	1	1	1	1	2	1	1	1	2	1	1	2	1	2	1	1	1	1	1	2	1	1	2	1	1	1	1	1	1	1	1	1
3	1	1	1	1	1	1	2	1	2	1	2	2	1	1	1	1	1	1	2	1	1	2	1	1	1	1	1	1	1	2	1	1	1	1	1	1	2	2	1	1	1	1	1	1	2	1	1	1	1	2	2	2	1	1	1	1	1	1	1	1	1	1	1	2	1	1	1	2	1	1	1	1	1	1	2	1	2	1	2	1	2	1	2	1	1	1	1	1	1	1	1	2	1	1	1	2	1	1	2	1	2	1	1	1	1	1	2	1	1	2	1	1	1	1	1	1	1	1	1
3	1	1	1	1	1	1	2	1	2	1	2	2	1	1	1	1	1	1	2	1	1	2	1	1	1	1	1	1	1	2	1	1	1	1	1	1	2	2	1	1	1	1	1	1	2	1	1	1	1	2	2	2	1	1	1	1	1	1	1	1	1	1	1	2	1	1	1	2	1	1	1	1	1	1	2	1	2	1	2	1	2	1	2	1	1	1	1	1	1	1	1	2	1	1	1	2	1	1	2	1	2	1	1	1	1	1	2	1	1	2	1	1	1	1	1	1	1	1	1
4	1	1	1	2	1	1	1	2	1	1	2	2	1	1	1	1	1	1	2	1	1	2	1	1	2	1	1	1	1	2	1	2	1	1	1	1	1	2	1	2	1	1	1	1	1	1	1	1	1	2	1	2	2	1	1	2	2	1	1	1	1	2	1	1	1	1	1	2	1	1	1	1	1	1	1	2	2	2	1	2	2	1	2	2	1	1	2	1	1	1	1	2	1	1	1	2	2	1	2	1	2	1	1	1	1	1	2	1	1	2	1	1	1	1	2	1	1	1	2
4	1	1	1	2	2	1	2	2	1	1	2	2	1	1	1	2	1	1	2	1	1	2	1	1	1	1	1	1	1	2	1	2	1	1	1	1	1	2	1	1	2	1	1	1	1	1	1	1	1	2	1	2	2	1	1	1	1	1	2	1	1	1	1	1	1	1	1	2	1	1	1	1	2	2	1	1	2	2	2	1	2	1	2	2	1	1	2	1	1	1	1	2	1	1	1	2	1	2	1	1	2	1	1	1	1	1	2	2	1	2	1	1	2	1	1	1	1	1	2
4	1	1	1	2	1	1	1	2	1	1	2	2	1	1	1	1	1	1	2	1	1	2	1	1	1	1	2	1	1	2	1	2	1	1	1	1	1	2	1	2	2	1	1	1	1	1	1	1	1	2	1	2	1	1	2	2	1	1	2	1	1	1	2	2	1	1	1	2	1	1	2	2	2	1	1	2	2	2	2	1	2	1	2	1	1	1	1	1	1	1	1	2	1	1	1	2	1	1	2	1	2	1	1	1	1	1	2	1	2	2	2	1	2	1	1	1	1	1	2
5	1	1	1	1	1	1	2	2	2	1	2	2	1	1	1	1	1	1	2	1	1	2	1	1	1	1	1	1	1	2	1	2	1	1	1	1	1	2	1	1	1	1	1	1	1	1	1	1	1	2	2	2	1	2	1	1	1	1	2	1	1	1	1	2	1	1	1	2	1	1	1	1	1	1	1	1	1	1	2	1	1	1	2	1	1	1	1	2	1	1	1	2	1	2	1	1	1	1	2	1	2	1	1	1	1	1	2	1	1	2	1	1	1	1	1	1	2	1	2
5	1	1	1	2	2	1	2	2	2	1	2	2	1	1	1	1	1	1	2	1	1	2	1	1	1	1	1	1	1	2	1	2	1	1	1	1	1	2	1	1	1	1	1	1	1	1	1	1	1	2	2	2	1	2	1	2	1	1	1	1	1	1	1	2	1	1	1	2	1	1	1	1	1	2	1	1	1	1	2	1	1	1	2	1	1	1	1	2	1	1	1	2	1	2	1	2	1	1	2	1	2	1	1	1	1	1	2	1	1	2	1	1	2	1	1	1	1	1	1
5	1	1	1	1	1	1	2	2	1	1	2	2	1	1	1	1	1	1	2	1	1	2	1	1	1	1	1	1	1	2	1	2	1	1	1	1	1	2	1	1	1	1	1	1	1	1	1	1	1	2	2	2	1	2	1	1	1	1	1	1	1	1	1	2	1	1	1	2	1	1	1	1	1	1	1	1	1	1	2	1	2	1	2	1	1	1	1	2	1	1	1	2	1	1	1	1	1	1	2	1	2	1	1	1	1	1	2	1	1	2	1	1	1	1	1	1	2	1	2
6	1	1	1	2	2	1	1	2	2	1	2	1	1	1	1	1	2	1	2	1	2	2	1	1	1	1	1	1	1	2	1	1	1	1	1	1	1	2	1	1	1	1	1	1	2	1	1	1	1	2	2	2	1	2	1	1	1	1	1	1	1	1	1	1	1	1	1	2	1	1	2	1	1	1	1	1	1	1	2	1	2	1	2	1	1	1	1	2	1	1	1	1	1	1	1	2	1	1	2	1	2	1	1	1	1	1	2	1	1	2	1	1	1	2	1	1	1	1	2
6	1	1	1	2	2	1	2	2	1	1	2	2	1	1	1	1	2	1	2	1	1	2	1	1	1	1	1	1	1	2	1	2	1	1	1	1	1	2	1	1	1	1	1	1	2	1	1	1	1	2	1	2	1	2	1	1	1	1	1	1	1	1	1	2	1	1	1	2	1	1	1	1	1	1	1	1	1	1	2	1	2	1	2	1	1	1	1	2	1	1	1	2	1	1	1	1	1	1	1	1	2	1	1	1	1	1	2	1	1	2	1	1	1	2	1	1	1	1	1
6	1	1	2	1	2	1	2	2	1	1	2	2	1	1	1	1	2	1	2	1	2	2	1	1	1	1	1	1	1	2	1	1	1	1	1	1	1	2	1	1	1	1	1	1	2	1	1	1	1	2	2	2	1	2	1	1	1	1	1	1	1	1	1	1	1	1	1	2	1	1	1	1	1	1	1	1	2	1	2	1	2	1	2	1	1	1	1	2	1	1	1	2	1	1	1	2	1	1	1	1	2	1	1	1	1	1	2	1	1	2	1	1	1	2	2	1	1	1	2
7	1	1	1	1	2	1	2	2	1	1	2	2	1	1	2	1	2	1	2	1	1	2	1	1	1	1	1	1	1	2	1	1	1	1	1	1	2	2	1	1	1	2	1	1	2	1	1	1	1	2	2	2	1	2	1	1	1	1	2	1	1	1	1	1	1	1	1	2	1	1	1	1	1	1	2	1	1	2	2	1	2	1	2	1	1	1	1	1	1	1	1	2	1	1	1	1	1	1	2	1	2	1	1	2	2	1	2	1	1	2	1	1	1	1	2	1	2	1	2
7	1	1	1	1	2	1	2	2	1	1	2	2	1	1	2	1	1	1	2	1	1	2	1	1	1	1	1	1	1	2	1	1	1	1	1	1	2	2	1	1	1	2	1	1	2	1	1	1	1	2	2	2	1	2	1	1	1	1	2	1	1	1	1	1	1	1	1	2	1	1	1	1	1	1	2	1	1	2	2	1	2	1	2	2	1	1	1	1	1	1	1	2	1	1	1	1	1	1	2	1	2	1	1	2	2	1	2	1	1	2	1	1	1	1	2	1	2	1	2
7	1	1	1	1	2	1	2	2	1	1	2	2	1	1	2	1	1	1	2	1	1	2	1	1	1	1	1	1	1	2	1	1	1	1	1	1	2	2	1	1	1	2	1	1	2	1	1	1	1	2	2	2	1	2	1	1	1	1	2	1	1	1	1	1	1	1	1	2	1	1	1	1	1	1	2	1	1	2	2	1	2	1	2	2	1	1	1	1	1	1	1	2	1	1	1	1	1	1	2	1	2	1	1	2	2	1	2	1	1	2	1	1	1	1	2	1	2	1	2
8	1	2	2	1	2	1	2	2	1	1	2	2	1	1	1	1	1	1	2	1	1	2	1	1	1	1	1	1	1	2	1	2	1	1	1	1	2	2	1	1	1	1	1	1	2	1	1	1	1	2	2	2	2	1	1	1	1	1	1	1	1	1	1	1	1	1	1	2	1	2	1	1	1	2	2	1	1	2	2	1	2	1	2	2	1	1	1	2	1	1	1	2	1	1	1	2	1	1	2	1	2	1	2	2	2	1	2	1	1	2	1	1	1	1	1	1	1	1	1
8	1	2	1	2	2	1	1	2	1	1	2	2	1	2	1	1	1	1	2	2	1	2	1	1	1	1	1	1	1	2	1	2	1	1	1	1	2	2	1	1	1	1	1	1	2	1	1	1	1	2	2	2	1	2	1	2	1	1	2	1	1	1	1	2	1	1	1	2	1	2	1	1	1	1	1	1	1	1	2	1	2	1	2	1	1	1	1	1	1	1	1	2	1	1	1	2	1	1	2	1	2	1	2	1	2	1	2	1	1	2	1	1	1	1	2	1	2	1	1
8	1	2	2	1	2	1	2	2	1	1	2	2	1	2	1	1	1	1	2	2	2	2	1	1	1	1	1	1	1	2	1	2	1	1	1	1	2	2	1	1	1	1	1	1	2	1	1	1	1	2	2	1	1	2	1	1	1	1	2	1	1	1	1	2	1	1	1	2	1	2	2	1	1	1	2	1	1	1	2	1	2	1	2	2	1	1	1	1	1	1	1	2	2	1	1	1	1	1	2	1	2	1	2	1	1	1	2	1	1	2	1	1	1	1	2	1	1	1	2
9	1	1	1	1	1	1	2	2	1	1	2	2	1	1	1	1	1	1	2	1	1	2	1	1	1	1	1	1	1	2	1	1	1	1	1	1	2	1	1	1	1	1	1	1	1	1	1	1	1	2	1	2	1	1	1	2	1	1	1	1	1	1	1	2	1	1	1	2	1	1	1	1	2	1	2	1	1	1	2	1	2	1	2	2	1	1	2	1	1	1	1	2	1	1	1	2	1	1	2	1	2	1	2	1	1	1	2	1	1	2	1	1	1	2	1	1	2	1	2
9	1	1	1	1	2	1	1	1	1	1	2	2	1	2	1	1	1	1	2	1	1	2	1	1	1	1	1	1	1	2	1	2	1	1	1	1	2	1	1	2	1	1	1	1	2	1	1	1	1	2	1	2	1	1	1	1	1	1	1	1	1	1	2	2	1	1	1	2	1	1	1	1	1	1	1	1	1	2	2	1	2	1	2	1	1	1	1	2	2	1	1	2	1	1	1	1	1	1	1	1	2	1	2	1	1	1	2	1	1	2	1	1	1	1	1	1	2	1	2
9	1	1	1	1	2	1	2	2	1	2	2	2	1	2	1	1	1	1	2	1	1	2	2	1	1	1	1	1	1	2	1	2	1	1	1	1	2	1	2	1	1	2	1	1	1	1	1	1	1	2	1	2	1	1	1	1	1	1	2	1	1	1	1	2	1	1	1	2	1	1	1	2	1	1	1	1	1	2	2	1	2	1	2	1	1	1	1	2	1	1	1	2	1	1	1	1	1	1	2	1	2	1	2	2	2	1	2	1	1	2	1	1	1	2	2	2	1	1	2
10	1	2	1	2	1	1	2	1	1	1	2	2	1	2	1	1	1	1	2	1	1	2	1	1	1	1	1	1	1	2	1	2	1	1	1	1	1	2	1	1	1	1	1	1	1	1	1	1	1	2	2	2	1	2	1	1	1	1	1	1	1	1	1	1	1	1	1	2	1	2	1	1	1	2	2	1	2	1	1	1	2	1	2	1	1	1	1	1	1	1	1	2	1	1	1	2	1	1	2	1	2	1	2	1	1	1	2	1	1	2	1	1	1	1	2	1	1	1	2
10	1	2	1	2	1	1	2	1	2	1	2	2	1	1	1	1	2	1	2	1	1	2	1	1	1	1	1	1	1	2	1	1	1	1	1	1	2	2	1	1	1	1	1	1	2	1	1	1	1	2	1	2	1	2	1	1	1	1	1	1	1	1	1	2	1	1	1	2	1	2	1	1	1	1	2	1	2	1	2	1	2	1	2	1	1	1	1	1	1	1	1	2	1	1	1	2	1	1	2	1	2	1	1	2	2	1	2	1	1	2	1	1	1	1	1	1	1	1	1
10	1	2	1	2	2	1	1	2	2	1	2	2	1	1	1	1	1	1	2	2	1	2	1	1	1	2	1	1	1	2	1	2	1	1	1	1	2	2	1	1	1	1	1	1	1	1	1	1	1	2	1	2	1	2	1	1	1	1	2	1	1	1	1	2	1	1	1	2	1	2	1	1	1	1	1	1	2	1	2	1	2	1	2	1	1	1	1	2	1	1	1	2	1	1	1	2	1	1	2	1	2	1	1	2	2	1	2	1	1	2	1	1	1	1	2	1	1	1	1
11	1	1	1	2	1	1	1	2	2	1	2	2	1	1	1	1	1	1	2	1	1	2	2	1	1	1	1	1	1	2	1	2	1	1	1	1	2	2	1	1	1	1	1	1	2	2	1	1	1	2	2	2	1	2	1	2	1	1	1	1	1	1	1	2	1	1	1	2	1	1	2	1	1	1	1	1	2	1	1	1	2	1	2	1	1	1	1	1	1	1	1	2	1	1	1	2	1	1	2	1	2	1	1	1	1	1	2	2	1	2	1	1	1	1	1	1	1	1	2
11	1	1	1	2	1	1	1	2	1	1	2	2	1	1	1	1	1	1	2	1	1	1	1	1	1	1	1	1	1	2	1	2	1	1	1	1	2	1	1	1	1	1	1	1	2	1	1	1	1	2	2	2	1	1	1	1	1	1	1	1	1	1	1	1	1	1	1	2	1	1	1	1	1	1	2	1	2	1	1	1	2	1	2	1	1	1	1	1	1	1	1	2	1	2	1	2	1	1	1	1	2	2	1	1	1	1	2	1	1	2	1	1	1	1	1	1	1	1	1
11	1	1	1	2	2	1	1	2	1	1	2	2	1	1	1	1	1	1	2	1	2	2	1	1	1	1	1	1	1	2	1	2	1	1	1	2	2	2	1	2	1	1	1	1	2	1	1	1	1	2	1	2	2	2	1	1	1	1	1	1	1	1	1	2	1	1	1	2	1	2	1	1	1	1	2	1	1	1	2	1	2	1	2	1	1	1	1	2	1	1	1	2	1	1	1	2	1	1	1	1	2	1	2	1	1	1	2	1	1	2	1	1	2	1	1	1	1	1	2
12	1	2	1	2	2	1	2	2	1	1	2	2	1	1	1	1	1	1	2	1	1	2	1	1	1	1	1	1	1	2	1	2	1	1	1	1	1	2	1	1	1	1	1	1	1	1	1	1	1	2	2	2	1	2	1	1	1	1	1	1	1	1	2	1	1	1	1	2	1	1	1	1	1	1	2	1	1	1	2	1	2	1	2	1	2	1	1	2	1	1	1	2	1	1	1	2	1	1	2	1	2	1	1	1	1	1	2	1	1	2	1	1	1	1	1	1	2	1	2
12	1	1	1	2	2	1	1	2	2	1	2	2	1	1	1	1	1	1	2	1	1	2	1	1	1	1	1	1	1	2	1	2	1	1	1	1	1	2	1	2	1	1	1	1	1	1	1	1	1	2	2	2	1	1	1	1	1	1	1	1	1	1	1	2	1	1	1	2	1	1	1	1	1	1	2	1	2	1	1	1	2	1	2	1	1	1	1	2	1	1	1	2	1	1	1	2	1	1	2	1	2	1	1	1	1	1	2	1	1	2	1	1	1	1	1	1	2	1	2
12	1	1	1	2	1	1	1	2	1	1	2	2	1	1	1	1	1	1	2	1	2	2	1	1	1	1	1	1	1	2	1	2	1	1	1	1	1	2	1	2	1	1	1	1	2	1	1	1	1	2	1	2	1	1	1	2	1	1	1	1	1	1	1	1	1	1	1	2	1	1	1	1	1	1	2	1	1	1	2	1	2	1	2	1	1	1	1	2	1	1	1	1	1	1	1	2	1	1	2	1	2	2	1	2	2	1	2	1	1	2	1	1	2	1	2	1	1	1	2
13	1	1	1	2	1	1	2	2	2	1	2	2	1	1	1	1	1	1	2	1	1	2	1	1	1	1	1	1	1	2	1	2	1	1	1	1	1	2	1	1	1	1	1	1	1	1	1	1	1	2	1	2	1	2	1	2	1	1	1	1	1	1	1	2	1	1	1	2	1	1	1	1	1	2	2	1	2	1	2	1	1	1	2	1	1	1	1	2	1	1	1	2	1	1	1	2	1	1	2	1	2	1	1	1	1	1	2	1	1	2	1	1	2	1	2	1	1	1	1
13	1	2	1	2	2	1	1	2	1	1	2	2	1	1	1	1	1	1	2	1	1	2	1	1	1	1	2	1	1	2	1	2	1	1	1	1	2	2	1	1	1	1	1	1	1	1	1	1	1	2	1	2	1	2	2	1	1	1	2	1	1	2	1	2	1	1	1	2	1	1	1	2	1	2	2	1	1	1	2	1	2	1	2	1	1	1	1	1	1	1	1	2	1	1	1	2	1	1	2	1	2	1	1	1	1	1	2	1	1	2	1	1	2	1	1	1	1	1	2
13	1	1	1	2	1	1	1	2	2	1	2	2	1	1	1	1	1	1	2	1	2	2	1	1	1	1	1	1	1	2	1	2	1	1	1	1	1	2	1	1	1	1	1	1	1	1	1	1	1	2	1	2	1	2	1	2	1	1	2	1	2	1	2	2	1	1	1	2	1	1	1	1	1	1	1	1	1	1	2	1	2	1	2	1	1	1	1	2	2	1	1	2	1	1	1	2	1	1	2	1	2	1	1	1	1	1	2	1	2	2	1	1	1	1	1	1	2	1	1
14	1	2	2	1	1	1	2	2	1	1	2	2	1	1	1	1	1	1	2	1	1	1	2	1	1	1	1	1	1	2	1	1	1	1	1	1	2	1	1	1	1	2	1	1	2	1	1	1	1	2	1	2	1	1	1	1	1	1	2	1	1	1	1	1	1	1	1	2	1	1	1	1	1	2	2	1	1	2	2	1	2	1	2	1	1	1	1	1	1	1	1	2	1	1	1	1	1	1	2	1	2	1	2	2	2	1	2	1	1	2	1	1	1	1	2	1	1	1	2
14	1	2	1	1	1	1	2	2	1	1	2	2	1	1	1	1	1	1	2	1	1	2	1	1	1	2	1	1	1	2	1	2	1	1	1	1	2	1	1	1	1	1	1	1	2	1	1	1	1	2	1	2	1	2	1	1	1	1	2	1	1	1	1	1	1	1	1	2	1	2	1	1	1	1	2	1	2	1	2	1	2	1	2	1	1	1	1	1	1	1	1	2	1	1	1	2	1	1	2	1	2	1	2	2	2	1	2	1	1	2	1	1	1	1	2	1	1	1	1
14	1	2	1	2	2	1	2	2	1	1	2	2	1	1	1	1	1	1	2	1	2	2	1	1	1	1	1	2	1	2	1	2	1	1	1	1	2	1	1	1	1	2	1	1	2	1	1	1	1	2	1	2	1	2	1	1	1	1	1	1	1	1	1	1	1	1	1	2	1	2	1	2	1	1	2	1	1	2	2	1	2	1	2	1	1	1	1	1	1	1	1	2	1	1	1	2	1	1	2	1	2	2	2	2	2	1	2	1	1	2	1	1	1	1	2	1	1	2	2
15	1	2	1	1	2	1	2	2	1	1	2	2	1	1	1	1	1	1	2	1	1	2	1	1	1	2	1	1	1	2	1	1	1	1	1	1	2	2	1	1	1	2	1	1	1	1	1	1	1	2	2	2	1	2	1	1	1	1	2	1	2	1	2	1	1	1	1	2	1	1	1	1	1	1	2	1	1	2	2	1	2	1	2	2	1	1	1	1	1	1	1	2	1	1	1	2	2	1	2	1	2	2	1	1	1	1	2	1	1	2	1	1	1	1	1	1	2	1	2
15	1	2	1	1	2	1	1	1	1	1	2	2	1	1	1	1	2	1	2	1	1	2	1	1	1	1	1	1	1	2	1	1	1	1	1	1	2	2	1	1	1	1	1	1	2	1	1	1	1	2	2	2	1	2	1	1	1	1	2	1	1	1	2	1	1	1	1	2	1	1	1	1	1	1	1	1	2	1	2	1	2	1	2	2	1	1	1	1	1	1	1	2	1	1	1	2	1	1	2	1	2	1	1	1	1	1	2	1	1	2	1	1	1	1	1	1	2	1	2
15	1	2	1	1	1	1	2	2	1	1	1	2	1	1	1	1	1	1	2	1	1	2	1	1	1	1	1	1	1	2	1	2	1	1	1	1	2	2	1	1	2	2	1	1	1	1	1	1	1	2	2	2	1	2	1	1	1	1	2	1	1	1	1	2	1	1	1	2	1	1	1	2	1	1	2	2	2	2	2	2	2	1	2	1	1	1	1	2	1	1	1	2	1	1	1	1	1	2	2	1	2	1	1	1	1	1	2	2	1	2	2	1	1	1	2	1	2	1	2
16	1	1	1	2	2	2	2	2	1	1	2	2	1	2	1	1	1	1	2	2	1	2	1	1	1	1	1	1	1	2	1	2	1	1	1	1	2	2	1	1	1	2	1	1	2	1	1	1	1	2	2	2	1	1	1	2	1	1	1	1	1	1	1	2	1	1	1	2	1	2	1	2	1	1	2	1	2	2	1	1	2	1	2	1	1	1	1	2	1	1	1	2	1	1	1	2	1	1	2	1	2	1	1	2	2	1	2	1	1	2	1	1	1	1	2	1	2	2	2
16	1	2	2	2	2	1	2	2	1	1	2	2	1	1	1	1	1	1	2	1	1	1	1	1	1	1	1	1	1	2	1	2	1	1	1	1	2	1	1	1	1	1	1	1	2	1	1	1	1	2	2	2	1	2	1	1	1	1	2	1	1	1	1	2	1	1	1	2	1	2	1	1	1	1	1	1	2	1	2	1	2	1	2	1	1	1	1	2	1	1	1	2	1	1	1	2	1	1	2	1	2	2	1	1	1	1	2	1	1	2	1	1	1	1	2	1	2	1	2
16	1	2	1	1	2	1	2	2	1	2	2	2	1	1	1	1	2	1	2	1	1	2	1	1	1	2	1	1	1	2	1	2	1	1	1	1	2	1	1	1	1	1	1	1	2	1	1	1	1	2	1	2	1	2	1	1	1	1	1	1	1	1	1	2	1	1	1	2	1	2	1	2	1	1	2	1	2	1	2	1	2	1	2	2	1	1	1	2	1	1	1	2	1	1	1	2	1	1	2	1	2	1	1	1	1	1	2	1	1	2	1	1	1	1	2	1	2	2	2
17	1	1	2	1	2	1	1	2	1	1	2	2	1	2	1	1	2	1	2	1	1	1	2	1	1	1	1	1	1	2	1	2	1	1	1	1	2	2	1	1	1	2	1	1	2	1	1	1	1	2	2	2	1	2	1	1	1	1	1	1	1	1	1	2	1	1	1	2	1	2	1	1	1	1	2	1	2	1	2	1	2	1	2	1	1	1	1	2	1	1	1	2	1	1	1	2	1	1	2	1	2	1	1	1	1	1	2	1	1	2	1	1	1	1	1	1	2	1	2
17	1	1	1	1	2	1	1	2	1	1	2	2	1	1	1	1	1	1	2	1	1	1	1	1	1	1	1	1	1	2	1	1	1	1	1	1	1	2	1	2	1	1	1	1	1	1	1	1	1	2	2	2	1	2	1	1	1	1	2	1	1	1	1	2	1	1	1	2	1	2	1	1	1	1	2	1	2	1	1	1	2	1	2	1	1	1	1	1	1	1	1	1	1	1	1	2	2	1	1	1	2	1	1	1	1	1	2	1	1	2	1	1	1	1	2	2	1	1	2
17	1	1	1	1	2	1	1	1	1	1	2	2	1	2	1	1	1	1	2	1	1	1	1	1	1	1	1	1	1	2	1	1	1	1	1	1	2	1	1	2	1	1	1	1	2	1	1	1	1	2	1	2	1	1	1	1	1	1	2	1	1	1	1	2	1	1	1	2	1	2	1	2	1	1	1	1	2	1	2	1	2	1	2	1	1	1	1	1	1	1	1	2	1	1	1	2	2	1	1	1	2	1	2	1	1	1	2	1	1	2	1	1	1	1	2	1	1	2	2
18	1	2	2	1	1	1	2	1	2	1	2	2	1	1	1	1	1	1	2	1	1	2	1	1	1	1	1	1	1	2	1	2	1	1	1	1	2	2	1	2	1	1	1	1	1	1	1	1	1	2	1	2	1	1	1	1	1	1	1	1	1	1	1	2	1	1	1	2	1	1	1	1	1	2	2	1	1	1	2	1	2	1	2	1	1	1	1	2	1	1	1	2	1	1	1	2	2	1	2	1	2	1	1	2	2	1	2	1	1	2	1	1	1	1	2	1	1	1	1
18	1	1	1	2	2	1	1	1	1	2	2	2	1	1	1	1	1	1	2	1	1	2	2	1	1	1	1	1	1	2	1	2	1	1	1	1	1	2	1	1	1	1	1	1	1	1	1	1	1	2	2	2	1	2	1	1	1	1	1	1	1	1	1	1	1	1	1	2	1	2	1	1	1	1	2	1	1	1	2	1	2	1	2	1	1	1	1	1	1	1	1	2	1	1	1	2	1	1	2	1	2	1	1	1	1	1	2	1	1	2	1	1	1	1	1	1	1	1	2
18	1	2	1	2	2	1	2	2	1	1	2	2	1	1	1	1	1	1	2	1	1	2	1	1	1	1	1	1	1	2	1	2	1	1	1	1	2	2	1	1	1	1	1	1	2	1	1	1	1	2	2	2	1	2	1	1	1	1	1	1	2	1	2	2	1	1	1	2	1	2	1	2	1	1	2	1	2	1	2	1	2	1	2	1	1	1	1	1	1	1	1	2	1	1	1	2	2	1	2	1	2	1	1	1	1	1	2	1	1	2	1	1	1	1	1	1	1	1	2
19	1	1	1	1	2	1	1	2	1	1	2	2	1	1	1	1	1	1	2	1	1	2	1	1	1	1	1	1	1	2	1	2	1	1	1	1	2	2	1	1	1	1	1	1	1	1	1	1	1	2	1	2	1	1	1	1	1	1	1	1	1	1	1	2	1	1	1	2	1	2	1	2	1	1	1	1	1	1	2	1	2	1	2	1	1	1	1	1	1	1	1	2	1	1	1	1	1	1	2	1	2	1	1	1	1	1	2	1	1	2	1	1	1	1	1	1	1	1	2
19	1	1	1	2	2	1	1	2	1	1	2	2	1	1	1	1	1	1	2	1	1	2	1	1	1	1	1	1	1	2	1	1	1	1	1	1	1	2	1	1	1	1	1	1	1	1	1	1	1	2	2	2	2	1	1	1	1	1	1	1	1	1	1	2	1	1	1	2	1	1	1	1	1	1	2	2	2	2	2	2	2	1	2	1	1	1	1	2	1	1	1	2	1	1	1	2	1	1	2	1	2	1	1	1	1	1	2	2	1	2	1	2	1	1	1	1	2	1	2
19	1	1	1	1	2	1	2	2	1	1	2	2	1	1	1	1	1	1	2	1	1	2	1	1	1	1	1	1	1	2	1	2	1	1	1	1	1	2	1	1	1	1	1	1	2	1	1	1	1	2	2	2	1	1	1	1	1	1	1	1	1	1	2	2	1	1	1	2	1	2	1	1	1	1	1	1	1	1	2	2	2	1	2	1	1	1	1	1	1	1	1	2	1	1	1	2	1	1	2	1	2	1	1	1	1	1	2	1	1	2	1	1	1	1	2	1	1	1	2
20	1	1	1	1	2	1	2	2	2	1	2	2	1	1	1	1	1	1	2	1	1	2	1	1	1	1	1	1	1	2	1	2	1	1	1	1	1	2	1	1	1	2	1	1	1	1	1	1	1	2	2	2	1	1	1	1	1	1	2	1	1	1	1	1	1	1	1	2	1	1	1	1	1	1	1	1	2	1	1	1	2	1	2	1	1	1	1	2	1	1	1	2	1	1	1	2	1	1	2	1	2	1	1	2	2	1	2	1	1	2	1	1	1	1	1	1	2	1	2
20	1	1	1	2	1	1	2	2	1	2	2	2	1	1	1	1	1	1	2	1	1	2	1	1	1	1	1	1	1	2	1	2	1	1	1	1	1	2	1	2	1	1	1	1	1	1	1	1	1	2	2	2	1	1	1	2	1	1	1	1	1	1	1	1	1	1	1	2	1	1	1	1	1	1	1	1	2	1	2	1	2	1	2	1	1	1	1	1	1	1	1	2	1	1	1	2	1	1	2	1	2	1	1	1	1	1	2	1	1	2	1	1	1	1	1	1	1	1	2
20	1	1	1	2	1	1	1	2	2	1	2	2	1	1	1	1	1	1	2	1	1	2	1	1	1	1	1	1	1	2	1	2	1	1	1	1	1	2	1	1	1	1	1	1	1	1	1	1	1	2	2	2	1	1	1	1	1	1	1	1	1	1	1	1	1	1	1	2	1	1	1	1	1	1	1	1	1	1	2	1	2	1	2	1	1	1	1	1	1	1	1	2	1	1	1	2	1	1	2	1	2	1	2	1	1	1	2	1	1	2	1	1	1	1	1	1	1	1	2
21	1	1	1	2	2	1	1	2	1	1	2	2	1	1	1	1	1	1	2	1	1	2	1	1	1	1	1	1	1	2	1	2	1	1	1	1	1	2	1	2	1	1	1	1	1	1	1	1	1	2	2	2	1	2	1	1	1	1	1	1	1	1	2	2	1	1	1	2	1	1	1	1	1	1	1	1	1	1	2	1	2	1	2	1	1	1	1	2	1	1	1	2	1	1	1	2	1	1	2	1	2	1	1	1	1	1	2	1	1	2	1	1	1	1	1	1	2	1	2
21	1	1	1	2	2	1	1	2	1	1	2	2	1	1	1	1	1	1	2	1	1	2	1	1	1	1	1	1	1	2	1	2	1	1	1	1	1	2	1	2	1	1	1	1	1	1	1	1	1	2	2	2	1	2	1	1	1	1	1	1	1	1	2	2	1	1	1	2	1	1	1	2	1	1	2	1	1	1	2	1	2	1	2	1	1	1	1	1	1	1	1	2	1	1	1	1	1	1	1	1	2	1	1	1	1	1	2	1	2	2	1	1	1	1	1	1	2	1	1
21	1	2	1	2	2	1	1	2	1	2	2	2	1	1	1	1	1	1	2	1	1	2	1	1	1	1	1	1	1	2	1	2	1	1	1	1	1	2	1	2	1	1	1	1	1	1	1	1	1	2	2	2	1	2	1	1	1	1	1	1	1	1	1	2	1	1	1	2	1	1	1	1	1	2	1	1	1	1	2	2	2	1	2	1	1	1	1	2	1	1	1	2	1	1	1	2	1	1	2	1	2	2	1	1	1	1	2	1	1	2	1	1	2	1	1	1	2	1	2
22	1	2	2	2	1	2	1	2	2	1	2	2	1	1	1	1	1	1	2	1	2	2	2	1	1	1	1	1	1	2	1	2	1	1	1	2	1	2	1	1	1	1	1	1	1	1	1	1	1	2	2	2	1	2	1	1	1	1	1	1	1	1	1	2	1	1	1	2	1	1	1	1	1	1	1	1	2	1	2	1	2	1	2	1	1	1	1	1	1	1	1	2	1	1	1	2	2	1	2	1	2	1	1	1	1	1	2	1	1	2	1	1	2	2	1	1	2	1	2
22	1	1	1	1	1	1	1	2	2	1	2	1	1	1	1	1	2	1	2	1	1	2	1	1	1	1	1	1	1	2	1	2	1	1	1	1	1	2	1	2	1	1	1	1	1	1	1	1	1	2	2	2	1	2	1	1	1	1	1	1	1	1	1	2	1	1	1	2	1	1	1	1	1	1	1	1	1	1	2	1	2	1	2	1	1	1	1	1	1	1	1	2	1	1	1	2	1	1	2	1	2	1	1	1	1	1	2	1	1	2	1	1	1	1	1	1	2	1	1
22	1	1	1	2	2	1	1	2	1	1	2	2	1	1	1	1	2	1	2	1	1	2	1	1	1	1	1	1	1	2	1	2	1	1	1	1	1	2	1	1	1	1	1	1	1	1	1	1	1	2	2	2	1	2	1	1	1	1	1	1	1	1	1	2	1	1	1	2	1	1	1	1	1	1	1	1	2	1	2	1	2	1	2	1	1	1	1	2	1	1	1	2	1	1	1	2	1	1	1	1	2	1	1	1	1	1	2	1	1	2	1	1	1	2	2	1	2	1	1
23	1	2	2	1	1	2	2	2	1	2	1	2	1	1	1	1	2	1	2	1	1	2	2	1	1	1	1	2	2	2	1	1	1	1	1	1	2	2	1	1	2	2	1	2	2	1	2	1	1	2	1	2	2	1	2	1	1	1	1	1	1	1	1	2	1	1	1	2	1	1	1	1	1	1	2	2	2	2	2	1	1	2	2	2	1	1	1	1	1	1	1	2	1	2	1	1	1	1	2	1	1	1	1	2	2	1	2	1	1	2	1	2	1	1	1	2	1	1	1
23	1	2	2	1	1	1	2	1	1	1	1	2	1	1	1	1	1	1	2	2	2	2	2	1	1	1	1	1	1	2	1	1	1	1	1	1	2	1	1	1	1	2	1	1	2	1	1	1	1	2	1	2	1	1	1	1	1	1	1	1	1	1	1	2	1	1	1	2	1	2	1	1	1	1	1	1	2	2	1	1	2	1	2	2	1	1	1	1	1	1	1	2	1	1	2	2	1	1	2	1	2	2	1	2	2	1	2	1	1	1	1	2	1	1	1	1	1	1	1
23	1	2	2	1	1	1	2	2	1	1	2	2	1	1	1	1	1	1	2	2	1	2	2	1	1	2	1	1	1	2	1	1	1	1	1	1	2	1	1	1	1	2	1	1	2	1	1	1	1	2	1	2	1	1	1	1	1	1	1	1	1	1	1	1	1	1	1	2	1	2	1	1	1	1	2	1	2	1	1	1	2	1	2	1	1	1	1	1	1	1	1	2	1	1	1	2	1	1	2	1	2	2	1	2	2	1	2	1	1	2	1	1	1	1	1	1	1	1	1
24	1	2	2	1	1	1	2	2	1	1	1	2	1	1	1	1	1	1	2	2	1	2	1	1	1	2	1	1	1	2	1	1	1	1	1	1	2	1	1	1	1	2	1	1	2	1	1	1	1	2	1	2	1	1	1	1	1	1	1	1	1	1	1	2	1	2	1	2	1	2	1	1	1	1	2	1	2	1	1	1	1	1	2	1	1	1	1	1	1	1	1	2	1	1	1	2	1	1	2	1	2	2	2	2	2	1	2	1	1	2	1	1	1	1	1	1	1	1	1
24	1	2	2	1	1	1	2	2	2	1	1	2	1	1	1	1	1	1	2	2	2	2	1	1	1	2	1	1	1	2	1	1	1	1	1	1	2	1	1	1	1	2	1	1	2	1	1	1	1	2	1	2	1	1	1	1	1	1	1	1	1	1	1	1	1	1	1	2	1	2	1	1	1	1	1	1	2	1	1	1	2	1	2	2	1	1	1	1	1	1	1	2	1	1	1	1	1	1	2	1	2	2	2	2	2	1	2	1	1	2	1	1	1	1	1	1	1	1	2
24	1	2	2	1	1	1	2	1	1	1	2	2	1	1	1	1	1	1	2	2	1	1	1	1	1	2	1	1	1	2	1	1	1	1	1	1	2	1	1	1	1	2	1	1	2	1	1	1	1	2	1	2	1	1	1	1	1	1	1	1	1	1	1	2	1	1	1	2	1	2	1	1	1	1	1	1	2	2	1	1	2	1	2	1	1	1	1	1	1	1	1	2	1	1	1	2	1	1	2	1	2	1	1	2	2	1	2	1	1	2	1	1	1	1	1	1	2	1	1
25	1	2	1	1	2	1	1	2	1	1	2	2	1	2	1	1	1	1	2	1	1	2	1	1	1	1	1	1	1	2	1	1	1	1	1	1	2	1	1	1	1	1	1	1	2	1	1	1	1	2	2	1	1	2	1	1	1	1	2	1	1	1	1	1	1	1	1	2	1	1	1	1	1	1	2	1	2	1	2	1	2	1	2	1	1	1	1	1	1	1	1	2	1	1	1	2	1	1	2	1	2	1	2	1	1	1	2	1	1	2	1	1	1	1	2	1	1	1	2
25	1	2	2	1	2	1	1	2	1	1	2	2	1	1	1	1	1	1	2	2	1	1	1	1	1	2	1	1	1	2	1	1	1	1	1	1	2	1	1	1	1	1	1	1	1	1	1	1	1	2	2	2	1	2	1	1	1	1	2	1	1	1	1	2	1	1	1	2	1	1	1	1	1	1	2	1	2	1	2	1	2	1	2	1	1	1	1	2	1	1	1	2	1	1	1	2	2	1	2	1	2	1	2	1	1	1	2	1	1	2	1	2	1	1	2	1	1	1	2
25	1	1	2	1	2	1	1	2	1	1	2	2	1	1	2	1	1	1	2	1	1	2	1	1	1	1	1	1	1	2	1	2	1	1	1	1	2	1	1	1	1	1	1	1	2	1	1	1	1	2	2	2	1	1	1	1	1	1	2	1	1	1	1	1	1	1	1	2	1	1	1	1	1	1	2	1	1	1	2	1	2	1	2	2	1	1	1	1	1	1	1	2	1	1	1	2	2	1	2	1	2	1	1	1	1	1	2	1	1	1	1	2	1	1	1	1	2	1	2
26	1	1	1	2	1	1	1	2	1	1	2	2	1	1	1	1	1	1	2	1	1	2	2	1	1	1	1	1	1	2	1	1	1	1	1	1	2	1	1	1	1	2	1	1	2	1	1	1	1	2	2	2	1	1	1	1	1	1	1	1	1	1	1	2	1	1	1	2	1	2	1	1	1	2	2	1	1	1	2	1	2	1	2	2	1	1	1	2	1	1	1	2	1	1	1	2	1	1	2	1	2	1	2	2	2	1	2	1	1	2	1	2	1	1	1	1	2	1	2
26	1	2	1	1	2	1	2	2	1	1	2	2	1	1	2	1	2	1	2	2	1	2	1	1	1	1	1	1	1	2	1	2	1	1	1	1	1	2	1	1	1	1	1	1	2	1	1	1	1	2	2	2	1	2	1	2	1	1	2	1	1	1	1	1	1	1	1	2	1	1	1	1	1	1	2	1	1	1	2	1	2	1	2	1	1	1	1	1	1	1	1	2	1	1	1	2	1	1	2	1	2	1	2	2	2	1	2	1	1	2	1	1	1	1	1	1	1	1	2
26	1	2	2	2	2	1	1	2	1	1	2	2	1	1	2	1	1	1	2	1	2	1	1	1	1	1	1	1	1	2	1	2	1	1	1	1	2	1	1	1	1	1	1	1	1	1	1	1	1	2	2	2	1	2	1	1	1	1	2	1	1	1	1	2	1	1	1	2	1	2	1	1	1	2	2	1	1	2	2	1	2	1	2	1	1	1	1	2	1	1	1	2	1	1	1	2	2	1	2	1	2	1	1	2	2	1	2	1	1	2	1	1	1	2	2	1	2	1	2
27	1	1	1	1	2	1	1	2	1	1	2	2	1	1	1	1	1	1	2	1	1	2	1	1	1	1	1	1	1	2	1	1	1	1	1	1	2	2	1	2	1	1	1	1	1	1	1	1	1	2	1	2	1	1	1	1	1	1	1	1	1	1	1	2	1	1	1	2	1	2	1	1	1	1	2	1	1	1	2	1	2	1	2	1	1	1	1	2	1	1	1	2	1	1	1	2	2	1	1	1	2	1	1	1	1	1	2	1	1	2	1	1	1	1	1	1	1	1	1
27	1	2	1	2	2	1	2	2	1	1	1	2	1	1	1	1	1	1	2	1	1	2	1	1	1	1	1	1	2	2	1	2	1	1	1	2	1	2	1	1	1	1	1	1	1	1	1	1	1	2	2	2	1	2	1	1	1	1	1	1	1	1	1	1	1	1	1	2	1	1	1	1	1	1	2	2	1	2	2	1	2	1	2	2	2	1	2	2	1	1	1	1	1	1	1	2	1	2	2	1	2	1	1	1	1	1	2	2	1	2	1	2	1	1	1	1	2	1	1
27	1	2	1	1	2	1	1	2	1	1	2	2	1	1	1	1	1	1	2	1	1	2	1	1	1	1	1	1	1	2	1	2	1	1	1	1	2	1	1	1	1	1	2	1	2	1	1	1	1	2	1	2	1	1	1	1	1	1	1	1	1	1	1	2	1	1	1	2	1	1	1	2	1	1	2	2	1	2	2	1	2	1	2	1	1	1	1	2	1	1	1	2	1	1	1	2	1	1	2	1	2	1	1	1	1	1	2	1	1	2	1	1	1	1	1	1	2	1	1
28	1	2	1	2	1	1	2	1	2	1	2	2	1	1	1	1	1	1	2	1	1	2	1	1	1	1	1	1	1	2	1	2	1	1	1	1	1	2	2	1	1	1	1	1	1	1	1	1	1	2	2	2	1	1	1	1	1	1	1	1	1	1	1	2	1	1	1	2	1	1	1	1	1	1	1	1	2	1	1	1	2	1	2	1	1	1	1	1	1	1	1	2	1	1	1	2	1	1	1	1	2	1	2	2	2	1	2	1	1	2	1	1	1	1	2	1	2	1	2
28	1	1	1	2	2	1	1	1	1	1	2	2	1	1	1	1	1	1	2	1	1	1	1	1	1	1	1	1	1	2	1	2	1	1	1	1	1	2	1	1	1	1	1	1	1	1	1	1	1	2	2	2	1	1	1	1	1	1	1	1	1	1	1	1	1	1	1	2	1	1	1	1	1	2	1	1	2	1	2	1	2	1	2	1	1	1	1	1	1	1	1	2	1	1	1	2	1	1	2	1	2	1	2	1	1	1	2	1	1	2	1	1	1	1	1	1	2	1	1
28	1	1	1	2	2	1	1	1	1	1	1	2	1	1	1	1	2	1	2	1	1	1	1	1	1	1	1	1	1	2	1	2	1	1	1	1	1	2	1	1	1	1	1	1	1	1	1	1	1	2	2	2	1	2	1	1	1	1	1	1	1	1	1	2	1	1	1	2	1	1	1	1	1	1	2	1	2	1	2	1	2	1	2	1	1	1	1	2	1	1	1	2	1	1	1	2	1	1	2	1	2	1	1	1	1	1	2	1	1	2	1	1	1	1	1	1	2	1	1
29	1	1	1	2	2	1	2	2	1	1	2	2	1	1	1	1	1	1	2	1	1	2	1	1	1	1	1	1	1	2	1	2	1	1	1	1	1	2	1	1	1	1	1	1	1	1	1	1	1	2	2	2	1	2	1	1	1	1	1	1	1	1	1	1	1	1	1	2	1	1	1	1	1	1	1	1	2	1	2	1	2	1	2	1	1	1	1	2	1	1	1	2	1	2	1	2	1	1	2	1	2	1	1	1	1	1	2	1	1	2	1	1	1	1	1	1	2	1	1
29	1	1	1	2	1	1	2	2	1	2	1	2	1	1	1	1	1	1	2	1	1	2	1	1	1	1	1	1	1	2	1	2	1	1	1	1	1	2	1	1	1	1	1	1	1	1	1	1	1	2	2	2	1	2	1	1	1	1	2	1	1	1	1	1	1	1	1	2	1	1	1	1	1	1	2	1	2	1	1	1	2	1	2	1	1	1	1	1	1	1	1	2	1	1	1	2	1	1	2	1	2	1	1	2	2	1	2	1	1	2	1	1	1	1	1	1	2	1	2
29	1	1	1	2	2	1	1	1	1	1	2	2	1	1	1	1	1	1	2	1	1	2	1	1	1	1	1	1	1	2	1	2	1	1	1	1	2	1	1	1	1	1	1	1	2	1	1	1	1	2	2	2	1	2	1	1	1	1	2	1	1	1	1	1	1	1	1	2	1	1	1	1	1	1	2	1	2	1	1	1	2	1	2	1	1	1	1	1	1	1	1	2	1	1	1	2	1	1	2	1	2	1	2	1	1	1	2	1	1	2	1	1	1	1	2	1	1	1	1
30	1	1	1	1	2	1	2	1	2	1	2	2	1	1	1	1	1	1	2	1	1	2	1	1	1	1	1	1	1	2	1	2	1	1	1	1	1	1	1	1	1	1	1	1	1	1	1	1	1	2	1	2	1	1	1	1	1	1	1	1	1	1	2	2	1	1	1	2	1	1	1	2	1	1	2	1	1	2	2	2	2	1	2	1	2	1	1	2	1	1	1	2	1	1	1	2	1	1	2	1	2	1	1	1	1	1	2	1	1	2	1	1	1	1	1	1	2	1	1
30	1	2	1	1	2	1	1	1	1	1	2	2	1	1	1	1	1	1	2	1	1	2	1	1	1	1	1	1	1	2	1	2	1	1	1	1	1	2	1	1	1	1	1	1	1	1	1	1	1	2	1	2	1	2	1	1	1	1	1	1	2	1	2	2	1	1	1	2	1	1	1	1	1	1	1	1	1	1	2	1	2	1	2	1	1	1	1	1	1	1	1	2	1	1	1	1	1	1	2	1	2	1	1	1	1	1	2	1	1	2	1	1	1	1	1	1	1	1	2
30	1	1	1	1	2	1	1	2	2	1	2	1	1	1	1	1	1	1	2	1	1	2	1	1	1	1	1	1	1	2	1	2	1	1	1	2	1	2	1	1	1	1	1	1	1	1	1	1	1	2	2	2	1	1	1	1	1	1	1	1	2	1	2	2	1	1	1	2	1	1	1	2	1	1	1	1	1	2	2	2	2	1	2	1	1	1	1	2	1	1	1	2	1	1	1	2	1	1	2	1	2	1	1	1	1	1	2	1	1	2	1	1	1	1	1	1	1	1	2
31	1	1	1	2	2	1	1	2	1	1	2	2	1	1	1	1	1	1	2	1	1	2	1	1	1	1	1	1	1	2	1	2	1	1	1	1	1	2	1	2	1	1	1	1	1	1	1	1	1	2	1	2	1	1	1	1	1	1	1	1	2	1	2	1	1	1	1	2	1	1	1	1	1	1	1	1	2	1	1	1	2	1	2	1	1	1	1	2	1	1	1	2	1	1	2	2	1	1	2	1	2	1	1	1	1	1	2	1	1	2	1	1	1	1	1	1	1	1	2
31	1	1	1	1	1	1	1	2	1	2	2	2	1	1	1	1	2	1	2	1	1	2	1	1	1	1	1	1	1	2	1	2	1	1	1	1	1	2	1	1	1	2	1	1	1	1	1	1	1	2	1	2	1	1	1	1	1	1	1	1	2	1	2	1	1	1	1	2	1	1	1	1	1	1	1	1	1	1	2	1	2	1	2	1	1	1	1	1	1	1	1	2	1	1	1	2	1	1	2	1	2	1	1	1	1	1	2	1	1	2	1	1	1	1	1	1	2	1	2
31	1	1	2	2	2	1	1	2	1	1	2	1	1	1	1	1	1	1	2	1	1	1	1	1	1	1	1	1	1	1	1	2	1	1	1	1	1	2	1	1	1	1	1	1	1	1	1	1	1	2	1	2	1	1	1	1	1	1	1	1	1	1	1	2	1	1	1	2	1	2	1	1	1	1	1	1	1	1	2	1	2	1	2	1	1	1	1	1	1	1	1	2	1	1	1	1	1	1	2	1	2	1	1	2	2	1	2	1	1	2	1	1	1	1	1	1	1	1	2
32	1	2	1	2	2	1	2	2	2	1	2	2	1	1	1	1	1	1	2	1	2	2	1	1	1	1	1	1	1	2	1	2	1	1	1	1	1	2	1	1	1	1	1	1	2	1	1	1	1	2	2	2	1	1	1	1	1	1	1	1	1	1	1	1	1	1	1	2	1	1	1	1	1	1	2	1	2	1	2	1	1	1	2	1	1	1	1	2	1	1	1	2	1	2	1	2	1	1	2	1	2	1	1	1	1	1	2	1	1	2	1	1	1	1	1	1	2	1	2
32	1	2	1	2	2	1	2	1	2	1	2	2	1	1	1	1	1	1	2	1	2	2	1	1	1	1	1	1	1	2	1	2	1	1	1	1	1	2	1	1	1	1	1	1	1	1	1	1	1	2	1	2	1	1	1	1	1	1	2	1	1	1	1	2	1	1	1	2	1	1	1	1	1	1	2	1	1	1	2	1	2	1	2	1	1	1	1	2	1	1	1	2	1	2	1	2	1	1	2	1	2	1	1	1	1	1	2	1	1	2	1	1	1	1	1	1	1	1	2
32	1	2	1	2	2	1	1	1	2	1	2	2	1	1	1	1	1	1	2	1	2	2	1	1	1	1	1	1	1	2	1	2	1	1	1	1	1	2	1	1	1	1	1	1	1	1	1	1	1	2	2	2	1	2	1	1	1	1	2	1	1	1	1	2	1	1	1	2	1	1	1	1	1	1	1	1	1	1	2	1	2	1	2	1	1	1	1	2	1	1	1	1	1	2	1	2	1	1	2	1	2	1	1	1	1	1	2	1	1	2	1	1	1	1	1	1	1	1	2
33	1	2	2	1	1	1	2	2	2	1	2	2	1	1	2	1	1	1	2	2	1	2	1	1	1	1	1	1	1	2	1	1	1	1	1	1	2	1	1	1	1	2	1	1	2	1	1	1	1	2	1	2	1	1	1	2	1	1	1	1	1	1	1	2	1	1	1	2	1	2	1	1	1	2	2	1	2	2	1	1	2	1	2	1	1	1	1	1	1	1	1	2	1	1	1	1	1	1	2	1	2	1	2	2	2	1	2	1	1	2	1	1	1	1	1	1	1	1	1
33	1	2	2	1	1	1	2	2	2	1	2	2	1	1	1	1	1	1	2	2	1	1	1	1	1	2	1	1	1	2	1	1	1	1	1	1	2	1	1	1	1	2	1	1	2	1	1	1	1	2	1	2	1	1	1	1	1	1	1	1	1	1	1	2	1	1	1	2	1	2	1	1	1	1	2	1	2	1	1	1	2	1	2	1	1	1	1	1	1	1	1	2	1	1	1	2	1	1	2	1	2	2	2	2	2	1	2	1	1	2	1	1	1	1	1	1	1	1	1
33	1	2	2	1	1	1	2	2	1	1	2	2	1	1	1	1	1	1	2	2	1	1	1	1	1	2	1	1	1	2	1	1	1	1	1	1	2	1	1	1	1	2	1	1	2	1	1	1	1	2	1	2	1	1	1	1	1	1	1	1	1	1	1	2	1	1	1	2	1	2	1	1	1	2	2	1	2	1	1	1	2	1	2	1	1	1	1	1	1	1	1	2	1	1	1	1	1	1	2	1	2	2	2	2	2	1	2	1	1	2	1	1	1	1	1	1	1	1	1
34	1	2	2	2	1	1	2	2	1	1	2	2	1	1	1	1	1	1	2	2	1	2	1	1	1	2	1	2	1	2	1	1	1	1	1	1	2	1	1	1	1	1	1	1	2	1	1	1	1	2	1	2	1	1	1	1	2	1	1	1	1	1	1	2	1	1	1	2	1	2	1	1	1	1	2	1	2	1	2	1	2	1	2	2	1	1	1	1	1	1	1	2	1	1	2	1	1	1	2	1	2	2	2	2	2	1	2	1	1	2	1	1	1	1	1	1	1	1	1
34	1	2	2	1	1	1	2	2	1	1	2	1	1	1	1	1	1	1	2	2	2	2	1	1	1	2	2	2	1	2	1	1	1	1	1	1	2	1	1	1	1	1	1	1	2	1	1	1	1	2	1	2	1	1	1	1	1	1	1	1	1	1	1	2	1	1	1	2	1	2	1	1	1	2	2	1	2	1	2	1	2	1	1	2	1	1	2	1	1	1	1	2	1	1	2	2	1	1	2	1	2	2	2	2	2	1	2	1	1	2	1	1	1	1	1	1	1	1	1
34	1	1	1	2	2	1	1	2	1	1	2	2	1	2	1	1	2	1	2	2	1	2	2	1	1	1	2	2	1	2	1	1	1	1	1	1	2	1	1	1	1	2	1	1	2	1	1	1	1	2	1	2	1	1	1	1	1	1	1	1	1	1	1	1	1	1	1	2	1	2	1	1	1	1	2	1	2	1	1	1	2	1	1	1	1	1	1	1	1	1	1	2	1	1	1	2	1	1	1	2	2	2	1	2	2	1	2	1	1	2	1	2	1	1	1	1	1	1	1
35	1	2	2	1	1	1	2	2	1	1	2	2	1	1	1	1	1	1	2	2	1	2	1	1	1	1	1	1	1	2	1	1	1	1	1	1	2	1	1	1	1	2	1	1	2	1	1	1	1	2	1	2	1	1	1	1	1	1	1	1	1	1	1	1	1	1	1	2	1	2	1	1	1	1	2	1	2	1	1	1	1	1	2	1	1	1	1	1	1	1	1	2	1	1	2	2	1	1	2	2	2	2	2	2	2	1	2	1	1	2	1	1	1	1	1	1	1	1	1
35	1	2	1	1	1	1	2	1	2	1	2	1	1	1	1	1	1	1	2	1	1	2	2	1	1	2	1	1	1	2	1	1	1	1	1	1	1	1	1	1	1	2	1	1	2	1	1	1	1	2	1	2	1	1	1	1	1	1	1	1	1	1	1	1	1	2	1	2	1	2	1	1	1	1	2	1	1	2	2	1	2	1	2	2	1	1	2	1	1	1	1	1	1	1	1	1	1	1	2	1	1	2	1	2	2	1	2	1	1	1	1	2	1	1	1	1	1	1	1
35	1	2	2	1	1	1	2	2	1	1	1	2	1	1	1	1	1	1	2	2	1	2	2	1	1	1	1	1	1	2	1	1	1	1	1	1	2	1	1	1	1	2	1	1	2	1	1	1	1	2	1	1	1	1	1	1	1	1	1	1	1	1	1	2	1	1	1	2	1	2	1	1	1	1	1	1	2	1	1	1	2	1	2	2	1	1	1	1	1	1	1	2	1	1	2	1	1	1	2	1	2	2	1	2	2	1	2	1	1	2	1	2	1	1	1	2	1	1	1
36	1	2	2	2	1	1	2	1	1	1	2	2	1	2	1	1	1	1	2	1	1	2	2	1	1	1	1	1	1	2	1	2	2	1	1	1	2	1	1	1	1	2	1	1	2	1	1	1	1	2	1	2	1	2	1	1	1	1	2	1	1	1	1	2	1	1	1	2	1	1	1	1	1	1	2	1	1	1	2	1	2	1	2	1	1	1	1	1	1	1	1	2	1	1	1	1	1	1	2	1	2	2	2	2	2	1	2	1	1	2	1	2	1	1	1	1	1	1	1
36	1	2	2	1	2	1	2	1	1	1	2	2	1	1	1	1	2	1	2	2	1	2	2	1	1	2	1	1	1	2	1	1	1	1	1	1	2	1	1	1	1	2	1	1	2	1	1	1	1	2	1	2	1	2	1	1	1	1	1	1	1	1	1	2	1	1	1	2	1	2	1	1	1	1	1	1	1	2	1	1	2	1	2	1	1	1	1	1	1	1	1	2	1	1	1	1	1	1	2	1	2	2	1	2	2	1	2	1	1	2	1	1	1	1	2	1	2	1	2
36	1	1	1	2	2	1	2	2	1	1	1	1	1	1	1	1	1	1	2	1	1	2	1	1	1	1	1	1	1	2	1	2	2	1	1	1	2	1	1	1	1	2	1	1	2	1	1	1	1	2	1	2	1	1	1	1	1	1	1	1	1	1	1	1	1	1	1	2	1	2	1	1	1	1	2	1	2	1	1	1	2	1	2	1	1	1	1	1	1	1	1	2	1	1	1	1	1	1	2	1	2	2	2	2	2	1	2	1	1	2	1	1	1	1	1	1	1	1	1
37	1	2	1	1	2	1	1	2	1	1	2	2	1	1	1	1	1	1	2	2	1	2	1	1	1	1	1	1	1	2	1	2	1	1	1	1	2	2	1	1	1	2	1	1	2	1	1	1	1	2	2	2	1	2	1	1	1	1	1	1	1	1	1	2	1	1	1	2	1	1	1	1	1	1	1	1	2	1	2	1	2	1	2	1	1	1	1	1	1	1	1	2	1	1	1	2	1	1	2	1	2	1	1	2	2	1	2	1	1	2	1	1	1	1	2	1	1	1	2
37	1	2	2	1	2	1	2	2	1	1	2	2	1	1	1	1	1	1	2	2	2	2	1	1	1	1	1	1	1	2	1	1	1	1	1	1	2	2	1	1	1	1	1	1	2	1	1	1	1	2	1	2	1	2	1	1	1	1	1	1	1	1	1	1	1	1	1	2	1	2	1	1	1	1	2	1	2	1	2	1	2	1	2	2	1	1	1	1	1	1	1	2	1	1	1	2	1	1	2	1	2	1	1	1	1	1	2	1	1	2	1	1	1	1	2	1	2	1	2
37	1	2	2	1	2	1	1	1	1	1	2	2	1	1	1	1	2	2	2	1	2	2	2	1	1	1	1	1	1	2	1	1	1	1	1	1	2	1	1	1	1	2	1	1	2	1	1	1	1	2	2	2	1	2	1	1	1	1	1	1	1	1	1	2	1	1	1	2	1	2	1	1	1	1	2	1	2	1	1	1	2	1	2	2	1	1	1	1	1	1	1	2	1	1	1	2	1	1	2	1	2	1	1	1	1	1	2	1	1	2	1	1	1	1	2	1	2	1	2
38	1	1	1	1	2	1	2	2	1	1	2	2	1	1	1	1	1	1	2	1	1	2	1	1	1	1	1	1	1	2	1	2	1	1	1	1	2	1	1	1	1	1	1	1	2	1	1	1	1	2	1	2	1	1	1	1	1	1	1	1	1	1	1	2	1	1	1	2	1	1	1	1	1	1	2	1	1	1	2	1	2	1	2	1	1	1	1	2	1	1	1	2	1	1	1	2	1	1	2	1	2	1	1	2	2	1	2	1	1	2	1	1	1	2	1	1	2	1	1
38	1	2	2	2	2	1	1	2	1	1	2	2	1	2	1	1	1	1	2	1	1	2	1	1	1	2	1	1	1	2	1	2	1	1	1	1	2	1	1	1	1	2	1	1	1	1	1	1	1	2	2	2	1	2	1	1	1	1	2	1	1	1	1	2	1	1	1	2	1	1	1	1	1	2	2	1	2	1	2	1	2	1	2	1	1	1	1	1	1	1	1	2	1	1	1	2	1	1	2	1	2	1	2	2	2	1	2	1	1	2	1	2	1	2	2	1	2	1	2
38	1	1	1	1	2	1	2	2	1	1	2	2	1	1	1	1	1	1	2	1	1	2	1	1	1	1	1	1	1	2	1	2	1	1	1	1	2	2	1	1	1	1	1	1	2	1	1	1	1	2	1	2	1	1	1	1	1	1	1	1	1	1	1	1	1	1	1	2	1	2	1	1	1	1	2	1	2	1	1	1	2	1	2	1	1	1	1	1	1	1	1	2	1	1	1	2	1	1	2	1	2	1	1	2	2	1	2	1	1	2	1	2	1	2	2	1	1	1	2
39	1	2	2	1	2	1	1	1	1	1	2	2	1	1	1	1	1	1	2	1	2	2	1	1	1	1	1	1	1	2	1	2	1	1	1	1	2	1	1	1	1	1	1	1	1	1	1	1	1	2	1	2	1	2	1	1	1	1	1	1	1	1	1	2	1	1	1	2	1	1	1	1	1	1	2	1	1	1	2	1	2	1	2	2	1	1	1	2	1	1	1	2	1	1	1	1	2	1	2	1	2	1	1	1	1	1	2	1	1	2	1	1	1	1	1	1	2	1	1
39	1	2	1	1	2	1	1	2	1	1	2	2	1	1	2	1	1	1	2	1	2	2	1	1	1	1	1	1	1	2	1	2	1	1	1	1	2	2	1	1	1	1	1	1	2	1	1	1	1	2	1	2	1	1	1	1	1	1	2	1	1	1	1	2	1	1	1	2	1	2	1	1	1	1	2	1	1	2	2	1	2	1	2	1	1	1	1	2	1	1	1	2	1	1	2	2	1	1	2	1	2	1	1	1	1	1	2	1	1	2	1	2	1	1	1	1	1	1	2
39	1	2	2	2	1	1	1	1	2	2	2	2	1	1	1	1	1	1	1	2	2	2	1	1	1	1	1	1	1	2	1	2	1	1	1	1	2	1	1	1	1	1	1	1	1	1	1	1	1	2	2	2	1	2	1	1	1	1	1	1	1	1	1	1	1	1	1	2	1	1	1	1	1	1	2	1	2	1	2	1	2	1	2	1	1	1	1	1	1	1	1	2	1	1	1	2	2	1	1	1	2	1	2	1	1	1	2	1	1	1	1	2	1	1	1	1	1	1	2
40	1	1	1	2	2	1	2	2	1	1	2	2	1	1	1	1	1	1	2	1	1	2	1	1	1	1	1	1	1	2	1	2	1	1	1	1	1	2	1	1	1	1	1	1	1	1	1	1	1	2	1	1	1	2	1	1	1	1	2	1	1	1	1	1	1	1	1	2	1	1	1	1	1	1	1	1	2	1	1	1	2	1	2	1	1	1	1	2	1	1	1	2	1	2	1	2	1	1	2	1	2	1	1	1	1	1	2	1	1	2	1	1	1	2	1	1	1	1	2
40	1	2	1	2	2	1	2	2	1	1	2	2	1	1	1	1	2	1	2	1	2	2	1	1	1	1	1	1	1	2	1	1	1	1	1	1	1	2	1	1	1	1	1	1	1	1	1	1	1	2	1	2	1	2	1	2	1	1	1	1	1	1	1	1	1	1	1	2	1	1	1	1	1	1	2	1	2	1	2	1	2	1	2	1	1	1	1	2	1	1	1	2	1	1	1	2	1	1	2	1	2	1	1	1	1	1	2	1	1	2	1	1	1	2	1	1	1	1	2
40	1	1	2	2	1	1	1	2	1	1	2	2	1	1	1	1	2	1	1	1	1	2	1	1	1	1	1	1	1	2	2	1	1	1	1	1	1	2	1	1	1	1	1	1	2	1	1	1	1	2	2	2	1	2	1	1	1	1	1	1	1	1	1	1	1	1	1	2	1	1	1	1	1	1	1	1	2	1	1	1	2	1	2	1	1	1	1	2	1	1	1	2	1	2	1	2	1	1	2	1	2	1	1	1	1	1	2	1	1	2	1	1	1	1	1	1	1	1	2
41	1	1	1	2	2	1	1	2	1	1	2	2	1	1	1	1	1	1	2	1	1	2	1	1	1	1	1	1	1	2	1	2	1	1	1	1	2	2	1	2	1	1	1	1	1	1	1	1	1	2	1	2	1	1	1	1	1	1	1	1	1	1	1	1	1	1	1	2	1	1	1	1	1	1	2	1	1	2	2	1	2	1	2	1	1	1	1	2	1	1	1	2	1	1	1	2	1	1	2	1	2	1	1	1	1	1	2	1	1	2	1	1	1	1	2	1	2	1	2
41	1	2	2	2	2	1	1	2	1	1	2	2	1	1	1	1	1	1	2	1	1	2	1	1	1	1	1	1	1	2	1	2	1	1	1	1	1	2	1	1	1	1	1	1	1	1	1	1	1	2	2	2	1	1	1	1	1	1	1	1	1	1	1	1	1	1	1	2	1	1	1	1	1	1	1	1	2	1	2	1	2	1	2	1	1	1	1	1	1	1	1	2	1	1	1	2	1	1	2	1	2	1	1	1	1	1	2	1	1	2	1	1	1	1	2	1	2	1	2
41	1	2	1	2	2	1	2	2	1	1	2	2	1	1	1	1	1	1	2	1	1	2	1	1	1	1	1	1	1	2	1	2	1	1	1	1	1	2	1	2	1	1	1	1	2	1	1	1	1	2	2	2	1	1	1	1	1	1	1	1	1	1	1	1	1	1	1	2	1	1	1	1	1	1	2	1	2	1	2	1	2	1	2	1	1	1	1	1	1	1	1	1	1	1	1	2	1	1	2	1	2	2	1	1	1	1	2	1	1	2	1	1	1	1	2	1	1	1	2
42	1	2	1	1	2	1	1	2	2	1	2	2	1	1	1	1	1	1	2	1	1	2	1	1	1	1	1	1	1	2	1	2	1	1	1	1	2	1	1	2	1	1	1	1	1	1	1	1	1	2	2	2	1	1	1	1	1	1	1	1	1	1	1	1	1	1	1	2	1	1	1	1	1	1	1	1	1	1	2	1	2	1	2	1	1	1	1	2	1	1	1	2	1	1	1	2	1	1	2	1	2	1	1	1	1	1	2	1	1	2	1	1	1	1	1	1	1	1	2
42	1	1	1	1	1	1	1	2	1	1	2	2	1	1	1	1	1	1	2	1	1	2	1	1	1	1	1	1	1	2	1	2	1	1	1	1	2	1	1	1	1	1	1	1	1	1	1	1	1	2	1	2	1	1	1	1	1	1	1	1	1	1	1	2	1	1	1	2	1	1	1	1	1	1	1	1	2	1	2	1	2	1	2	1	1	1	1	2	1	1	1	2	1	1	1	2	1	1	2	1	2	1	1	1	1	1	2	1	1	2	1	1	1	1	1	1	2	1	2
42	1	2	1	1	2	1	1	2	2	1	2	2	1	1	1	1	1	1	2	1	1	2	1	1	1	1	1	1	1	2	1	2	1	1	1	1	2	1	1	2	1	1	1	1	2	1	1	1	1	2	1	2	1	1	1	1	1	1	1	1	1	1	1	1	1	1	1	2	1	1	1	1	1	2	1	1	2	1	1	1	2	1	2	1	1	1	1	2	1	1	1	2	1	1	1	1	1	1	2	1	2	1	1	2	2	1	2	1	1	2	1	1	2	1	1	1	2	1	2
43	1	1	1	2	2	1	2	2	2	1	2	2	1	1	1	1	1	1	2	1	2	2	1	1	1	1	1	1	1	2	1	2	1	1	1	1	2	2	1	1	1	1	1	1	1	1	1	1	1	2	2	2	1	1	1	1	1	1	1	1	1	1	1	2	1	1	1	2	1	1	1	1	1	1	2	1	2	1	2	1	2	1	2	1	1	1	1	2	1	1	1	2	1	1	1	2	1	1	2	1	2	1	1	1	1	1	2	1	1	2	1	1	1	2	1	1	1	1	1
43	1	1	1	2	2	1	2	2	2	1	2	2	1	1	1	1	1	1	2	1	2	2	1	1	1	1	1	1	1	2	1	1	1	1	1	1	1	2	1	2	1	1	1	1	1	1	1	1	1	2	2	2	1	2	1	2	1	1	1	1	1	1	1	1	1	1	1	2	1	1	1	1	1	2	1	1	1	1	2	2	2	1	2	1	1	1	1	2	1	1	1	2	1	2	1	2	1	1	2	1	2	1	1	1	1	1	2	1	1	2	1	1	2	1	2	1	2	1	2
43	1	1	1	2	2	1	2	2	2	1	2	2	1	1	1	1	1	1	2	1	1	2	1	1	1	1	1	1	1	2	1	2	1	1	1	1	1	2	1	1	1	1	1	1	1	1	1	1	1	2	2	2	1	1	1	1	1	1	2	1	1	1	1	2	1	1	1	2	1	1	1	1	1	2	2	1	1	1	2	1	2	1	2	1	1	1	1	1	1	1	1	2	1	1	1	2	1	1	2	1	2	1	1	1	1	1	2	1	1	2	1	1	2	2	2	1	1	1	1
44	1	2	1	2	2	1	2	2	1	1	2	2	1	1	1	1	1	1	2	1	1	2	1	1	1	1	1	1	1	2	1	1	1	1	1	1	2	2	1	1	1	1	1	1	2	1	1	1	1	2	2	2	1	1	1	1	1	1	2	1	1	1	1	2	1	1	1	2	1	1	1	1	1	1	1	1	1	1	2	1	1	1	2	1	1	1	1	2	1	1	1	1	1	2	1	2	1	1	2	1	2	1	1	1	1	1	2	1	1	2	1	2	1	2	2	1	1	1	1
44	1	2	1	2	2	1	1	2	1	1	2	2	1	1	1	1	1	1	2	1	2	2	1	1	1	1	1	1	1	2	1	2	1	1	1	1	2	2	1	1	1	1	1	1	2	1	1	1	1	2	2	2	1	2	1	1	1	1	1	1	1	1	1	1	1	1	1	2	1	1	1	1	1	1	1	1	1	1	2	1	1	1	2	1	1	1	1	2	1	1	1	2	1	2	1	1	1	1	2	1	2	1	1	1	1	1	2	1	1	2	1	2	1	2	2	1	1	1	1
44	1	1	1	2	1	1	2	2	1	1	2	2	1	1	1	1	1	1	2	1	2	2	1	1	1	1	1	1	1	2	1	1	1	1	1	1	2	1	1	2	1	1	1	1	2	1	1	1	1	2	2	2	1	2	1	1	1	1	2	1	1	1	1	2	1	1	1	2	1	1	1	1	1	1	1	1	1	1	2	1	1	1	2	1	1	1	1	2	1	1	1	2	1	2	1	2	1	1	2	1	2	1	1	1	1	1	2	1	1	2	1	2	1	2	2	1	1	1	1
45	1	1	2	1	1	1	1	2	1	1	2	2	1	1	2	1	1	1	2	2	1	2	1	1	1	2	1	1	1	2	1	1	1	1	1	1	2	1	1	2	1	2	1	1	2	1	1	1	1	2	1	1	1	1	1	1	1	1	1	1	1	1	1	1	1	1	1	2	1	2	1	1	1	2	2	1	1	1	2	1	1	1	2	1	1	1	1	1	1	1	1	2	1	1	1	1	1	1	2	1	2	1	1	2	2	1	2	1	1	2	1	1	1	2	1	1	1	1	1
45	1	1	2	1	1	1	2	2	1	2	2	2	1	1	2	1	1	1	2	1	1	2	2	2	1	1	1	2	1	2	1	1	1	1	1	1	1	2	2	2	1	2	1	1	2	1	2	1	2	2	1	2	2	1	1	1	1	1	1	1	1	1	1	2	1	1	1	2	1	1	1	1	1	1	1	1	1	2	2	1	2	1	2	2	1	1	2	2	1	1	1	2	1	1	2	1	1	1	2	1	2	1	1	2	2	1	2	1	1	2	1	1	1	1	1	1	1	1	1
45	1	2	2	1	1	2	1	2	1	2	2	1	1	1	2	1	1	1	2	2	1	2	1	1	1	1	1	1	2	2	1	1	1	2	1	2	2	2	2	1	2	2	1	1	2	1	1	1	1	2	1	2	2	1	1	1	2	1	1	1	1	1	1	2	1	1	1	2	1	1	1	1	1	2	1	2	1	1	2	1	1	1	2	2	1	1	2	2	1	1	1	1	1	1	2	1	1	1	2	2	2	1	2	2	2	1	2	2	1	2	1	1	1	2	1	2	1	1	1
46	1	1	2	1	1	1	2	2	1	1	2	2	1	1	1	1	1	1	1	2	1	2	1	1	1	1	1	1	1	2	1	1	1	1	2	1	2	1	1	1	1	1	1	1	2	1	2	1	1	2	1	2	1	1	1	1	1	1	2	1	1	1	1	2	1	1	1	2	1	1	1	1	1	1	2	1	2	1	2	2	2	1	2	1	1	1	1	1	2	1	1	1	1	1	1	1	1	1	2	1	2	1	1	2	2	1	2	1	1	2	1	1	2	2	1	1	1	1	1
46	1	1	2	1	1	1	2	2	1	1	2	1	1	2	1	1	1	1	2	2	1	2	2	1	1	1	1	1	1	2	1	2	1	2	2	1	1	1	1	1	1	2	1	1	2	1	1	1	1	2	1	2	1	1	1	1	1	1	2	1	1	1	1	2	1	1	1	2	1	2	1	2	1	2	2	1	1	1	2	1	2	1	2	1	1	1	1	1	1	1	1	2	1	1	1	1	1	1	2	1	2	1	2	2	2	1	2	1	1	2	1	1	1	1	1	1	1	2	1
46	1	1	2	1	1	1	2	2	1	2	2	2	1	2	2	1	1	1	2	2	1	1	1	1	1	1	1	1	2	2	1	1	1	1	2	1	2	1	1	1	1	2	1	1	2	1	1	1	1	2	1	2	1	1	1	1	1	1	1	1	1	1	1	2	1	1	1	2	1	2	1	1	2	1	2	1	2	1	1	2	2	1	2	2	1	1	1	1	1	1	1	2	1	1	1	2	1	1	2	1	2	1	1	2	2	1	2	1	1	2	1	1	1	1	1	1	1	1	1
47	1	2	1	1	2	1	2	1	1	1	1	2	1	1	1	1	1	1	2	2	1	2	2	1	1	1	1	1	1	2	1	1	1	1	1	1	2	1	1	1	1	2	1	1	1	1	1	1	1	2	1	2	1	1	1	1	1	1	1	1	1	1	1	2	1	2	1	2	1	2	1	1	1	1	2	1	2	2	1	1	1	1	2	1	2	1	1	1	1	1	1	2	1	1	2	2	1	1	2	1	2	1	2	2	2	1	2	1	1	2	1	1	1	1	1	1	1	1	1
47	1	2	2	1	1	1	2	2	1	1	2	2	1	2	1	1	1	1	2	2	1	2	1	1	1	1	1	1	1	2	1	1	1	1	1	1	2	1	1	1	1	2	1	1	2	1	1	1	1	2	1	2	1	1	1	1	1	1	1	1	1	1	1	2	1	1	1	2	1	2	1	1	1	1	1	1	2	1	1	1	2	1	2	1	1	1	1	1	1	1	1	2	1	1	2	1	1	1	2	1	2	1	2	2	2	1	2	1	1	2	1	2	1	1	1	1	1	1	1
47	1	2	2	1	2	1	2	1	1	1	2	2	1	1	1	1	1	1	2	2	1	2	2	1	1	1	1	1	1	2	1	1	1	1	1	1	2	1	1	1	1	2	1	1	2	1	1	1	1	2	1	2	1	1	1	1	1	1	1	1	1	1	1	1	1	1	1	2	1	2	1	1	1	1	2	1	1	2	1	1	2	1	2	1	1	1	1	1	1	1	1	2	1	1	2	2	1	1	2	1	2	2	2	2	2	1	2	1	1	2	1	1	1	1	1	1	1	1	1
48	1	2	1	1	1	1	2	1	1	1	2	2	1	1	1	1	2	1	2	1	1	2	1	1	1	1	1	1	1	2	1	1	1	1	1	1	2	1	1	1	1	2	1	1	2	1	1	1	1	2	1	1	1	1	1	1	1	1	1	1	1	1	1	2	1	1	1	2	1	1	1	1	1	1	2	1	2	1	1	1	2	1	2	2	1	1	1	1	1	1	1	2	1	1	2	1	1	1	2	1	2	1	1	2	2	1	2	1	1	2	1	2	1	1	1	1	1	1	1
48	1	2	2	1	2	1	2	2	1	1	2	2	1	2	1	1	1	1	2	1	1	1	1	1	1	2	1	1	1	2	1	1	1	1	1	1	2	1	1	1	1	1	1	1	2	1	1	1	1	2	1	1	1	1	1	1	1	1	2	1	1	1	1	2	1	2	1	2	1	1	1	1	1	1	2	1	2	2	1	1	1	1	2	1	1	1	1	1	1	1	1	2	1	1	1	2	2	1	1	1	2	2	1	2	2	1	2	1	1	2	1	1	1	1	1	1	1	1	1
48	1	2	1	1	1	1	2	2	1	1	2	2	1	2	1	1	2	1	2	2	1	2	1	1	1	1	1	1	1	2	1	1	1	1	1	1	2	1	1	1	1	2	1	1	1	1	1	1	1	2	1	2	1	1	1	2	1	1	2	1	1	1	1	2	1	1	1	2	1	2	1	1	1	1	2	1	2	1	2	1	2	1	2	1	2	1	1	1	1	1	1	2	1	1	2	1	2	1	2	1	2	2	2	2	2	1	2	1	1	1	1	2	1	1	1	1	1	1	1
49	1	2	2	1	2	1	1	1	1	1	2	2	1	1	1	1	1	1	2	1	1	2	2	1	1	1	1	1	1	2	1	2	2	1	1	1	2	1	1	1	1	2	1	1	2	1	1	1	1	2	1	2	1	1	1	1	1	1	2	1	1	1	1	1	1	1	1	2	1	1	1	1	1	1	2	1	2	1	1	1	2	1	2	1	1	1	1	2	1	1	1	2	1	1	1	2	1	1	2	1	2	1	1	1	1	1	2	1	1	2	1	2	1	1	2	1	1	1	1
49	1	1	1	1	2	1	1	2	1	1	2	2	1	1	1	1	1	1	2	1	1	2	1	1	1	1	1	1	1	2	1	2	1	1	1	1	2	1	1	1	1	1	1	1	2	1	1	1	1	2	1	2	1	1	1	1	1	1	2	1	1	1	1	1	1	1	1	2	1	1	1	1	1	1	2	1	2	1	1	1	2	1	2	1	1	1	1	1	1	1	1	2	1	1	1	1	1	1	2	1	2	1	1	1	1	1	2	1	1	2	1	2	1	1	2	1	2	1	2
49	1	2	2	1	2	1	1	2	1	1	2	2	1	1	1	1	1	1	2	2	1	2	1	1	1	1	1	1	1	2	1	1	1	1	1	1	2	1	1	1	1	1	1	1	2	1	1	1	1	2	2	2	1	2	1	1	1	1	2	1	1	1	1	1	1	1	1	2	1	2	1	1	1	1	2	1	2	1	1	1	2	1	2	1	1	1	1	1	1	1	1	2	1	1	1	1	1	1	2	1	2	1	1	1	1	1	2	1	1	2	1	2	1	1	1	1	2	1	2
50	1	2	1	1	2	1	2	2	1	1	2	2	1	1	1	1	1	1	2	1	1	2	1	1	1	1	1	1	1	2	1	1	1	1	1	1	2	2	1	1	1	1	1	1	2	1	1	1	1	2	1	2	1	2	1	1	1	1	1	1	1	1	1	2	1	1	1	2	1	1	1	1	1	1	2	1	2	1	2	1	2	1	2	1	1	1	1	2	1	1	1	2	1	1	1	1	1	1	2	1	2	1	2	1	1	1	2	1	1	2	1	1	1	2	1	1	2	1	2
50	1	2	1	1	2	1	1	2	1	1	2	2	1	1	1	1	1	1	2	1	1	2	1	1	1	1	1	1	1	2	1	2	1	1	1	1	2	1	1	2	1	2	1	1	1	1	1	1	1	2	1	2	1	2	1	1	1	1	1	1	1	1	1	2	1	1	1	2	1	1	1	1	1	1	1	1	1	1	2	1	2	1	2	1	1	1	1	1	1	1	1	2	1	1	1	2	1	1	2	1	2	1	1	2	2	1	2	1	1	2	1	1	1	1	1	1	1	1	2
50	1	2	1	2	2	1	1	1	1	1	2	2	1	1	2	1	1	1	2	1	1	2	1	1	1	1	1	1	1	2	1	1	1	1	1	1	2	1	1	1	1	2	1	1	2	1	1	1	1	2	1	2	1	2	1	2	1	1	1	1	1	1	1	2	1	1	1	2	1	2	1	1	1	1	1	1	2	1	2	1	2	1	2	1	1	1	1	1	1	1	1	2	1	1	2	1	1	1	2	1	2	1	1	1	1	1	2	1	1	2	1	2	1	1	2	1	2	1	1
51	1	2	2	2	2	1	2	2	1	1	2	2	1	1	1	1	1	1	2	1	1	2	2	1	1	1	1	1	1	2	1	2	1	1	1	1	2	1	1	1	1	2	1	1	2	1	1	1	1	2	1	2	1	1	1	1	1	1	2	1	1	1	1	1	1	1	1	2	1	1	1	1	1	1	2	1	1	1	2	1	2	1	2	1	1	1	1	1	1	1	1	2	1	1	1	2	1	1	2	1	2	1	2	1	1	1	2	1	1	2	1	1	1	1	1	1	1	1	2
51	1	1	1	2	1	1	1	2	2	1	2	1	1	2	2	1	1	1	2	1	2	2	1	1	1	1	1	1	1	2	1	2	1	1	1	1	2	2	1	1	1	1	1	1	1	1	1	1	1	2	1	1	1	1	1	1	1	1	1	1	1	1	1	1	1	1	1	1	1	1	1	1	1	1	1	1	1	1	1	1	1	1	2	1	1	1	1	1	1	1	1	2	1	1	2	2	1	1	2	1	2	1	1	1	1	1	2	1	1	2	1	1	1	1	1	1	1	1	1
51	1	1	2	2	1	1	2	2	1	1	2	2	1	1	1	1	1	1	2	2	1	2	1	1	1	1	1	1	1	2	1	2	1	1	1	1	1	1	1	1	1	1	1	1	2	1	1	1	1	2	1	2	1	2	1	1	1	1	1	1	1	1	1	2	1	1	1	2	1	1	1	1	1	1	2	1	2	1	2	1	2	1	2	1	1	1	1	1	1	1	1	2	1	1	1	2	2	1	2	1	2	1	1	1	1	1	2	1	1	2	1	1	1	1	1	1	1	1	1
52	1	1	2	2	2	1	2	2	1	1	2	2	1	2	1	1	1	1	2	1	2	2	1	1	1	1	1	1	1	2	1	2	1	1	1	1	2	1	1	2	1	1	1	1	1	1	1	1	1	2	2	2	1	2	1	2	1	1	1	1	1	1	1	2	1	1	1	2	1	1	1	1	1	1	1	1	1	1	2	1	1	1	2	1	1	1	1	1	1	1	1	2	1	2	1	1	1	1	2	1	2	1	1	1	1	1	2	1	1	2	1	2	1	1	1	1	2	1	2
52	1	1	1	1	2	1	2	2	1	1	1	2	1	1	1	1	1	1	2	1	1	2	1	1	1	1	1	1	1	2	1	1	1	1	1	1	2	2	1	2	1	1	1	1	2	1	1	1	1	2	1	2	1	2	1	2	1	1	1	1	1	1	1	2	1	1	1	2	1	1	1	1	1	1	1	1	1	1	2	1	2	1	2	1	1	1	1	2	1	1	1	2	1	1	1	2	1	1	2	1	2	1	1	1	1	1	2	1	1	2	1	1	1	1	1	1	2	1	2
52	1	1	1	2	1	1	1	2	2	1	2	2	1	2	1	1	1	1	2	1	2	2	1	1	1	1	1	1	1	2	1	1	1	1	1	1	1	2	1	2	1	1	1	1	1	1	1	1	1	2	1	2	1	1	1	1	1	1	2	1	1	1	1	1	1	1	1	2	1	1	1	1	1	1	2	1	1	1	2	1	2	1	2	1	1	1	1	2	1	1	1	2	1	2	1	2	1	1	2	1	2	1	1	1	1	1	2	1	1	2	1	1	1	1	1	1	2	1	1
53	1	2	2	2	1	1	2	2	1	1	2	2	1	1	1	1	2	1	2	1	2	2	1	1	1	1	1	1	1	2	1	2	1	1	1	2	1	2	1	2	1	1	1	1	1	1	1	1	1	2	1	2	1	1	1	2	1	1	1	1	1	1	1	1	1	1	1	2	1	1	1	1	1	1	1	1	2	1	1	1	1	1	2	1	1	1	1	1	1	1	1	2	1	1	1	2	1	1	2	1	2	1	2	1	1	1	2	1	1	2	1	1	1	1	1	1	1	1	2
53	1	2	1	2	1	1	2	2	1	1	2	2	1	1	1	1	1	1	2	1	1	2	1	1	1	1	1	1	1	2	1	2	1	1	2	1	2	2	2	2	1	1	1	1	1	1	1	1	1	2	2	2	2	1	1	2	1	1	1	1	1	1	1	2	1	1	1	2	1	1	1	1	2	1	1	2	1	2	2	1	2	1	2	1	1	1	1	2	1	1	1	1	1	1	1	2	1	1	2	1	2	1	1	1	1	1	2	1	1	2	1	2	1	1	1	2	1	1	2
53	1	1	1	2	1	1	2	2	1	1	2	2	1	2	1	1	1	1	2	2	2	2	1	1	1	1	1	1	1	2	1	2	1	1	1	1	2	2	1	2	1	1	1	1	2	1	1	1	1	2	1	2	1	1	1	2	1	1	1	1	1	1	1	2	1	1	1	2	1	1	1	1	1	1	1	1	1	1	2	1	2	1	2	1	1	1	1	2	1	1	1	2	1	1	1	2	1	1	2	1	2	1	1	1	1	1	2	1	1	2	1	1	1	1	1	1	1	1	2
54	1	2	1	2	2	1	2	2	1	1	2	2	1	2	1	1	1	1	2	1	1	2	1	1	1	1	1	1	1	2	1	2	1	1	1	1	1	2	1	2	1	1	1	1	1	1	1	1	1	2	2	2	1	1	1	1	1	1	1	1	1	1	1	2	1	1	1	2	1	1	1	1	1	1	1	1	2	1	2	1	2	1	2	1	1	1	1	1	1	1	1	2	1	2	1	1	1	1	2	1	2	1	1	2	2	1	2	1	1	2	1	1	1	1	1	1	1	1	2
54	1	2	1	2	2	1	2	2	1	1	2	2	1	2	2	1	1	1	2	1	2	1	1	1	1	2	1	1	1	2	1	2	1	1	1	1	2	1	1	1	1	1	1	1	1	1	1	1	1	2	2	2	1	1	1	1	1	1	1	1	1	1	1	2	1	1	1	2	1	1	1	1	1	1	2	1	2	1	2	1	2	1	2	1	1	1	1	1	1	1	1	2	1	2	1	1	1	1	2	1	2	1	1	2	1	1	2	1	1	2	1	1	1	1	2	1	1	1	2
54	1	2	1	2	2	1	1	2	2	1	2	2	1	1	1	1	1	1	2	1	1	2	1	1	1	1	1	1	1	2	1	1	1	1	1	1	2	2	1	2	1	1	1	1	2	1	1	1	1	2	1	2	1	2	1	1	1	1	1	1	1	1	1	1	1	1	1	2	1	1	1	1	1	1	1	1	2	1	1	1	2	1	2	1	1	1	1	1	1	1	1	2	1	1	1	2	1	1	1	1	2	1	1	1	1	1	2	1	1	2	1	1	1	1	1	1	2	1	2
55	1	1	1	2	2	1	1	1	1	1	2	2	1	1	1	1	1	1	2	1	2	2	1	1	1	1	1	1	1	2	1	2	1	1	1	1	2	2	1	1	1	1	1	1	1	1	1	1	1	2	1	2	1	1	1	1	1	1	1	1	1	1	1	1	1	1	1	2	1	1	1	1	1	1	1	1	2	1	2	1	1	1	2	1	1	1	1	2	1	1	1	2	1	2	2	2	1	1	2	1	2	1	1	1	1	1	2	1	1	2	1	1	1	1	1	1	1	1	2
55	1	2	1	2	1	1	2	1	1	1	2	2	1	1	1	1	1	1	2	1	2	2	1	1	1	2	1	1	1	2	1	1	1	1	1	1	2	2	1	2	1	1	1	1	2	1	1	1	1	2	1	2	1	2	1	1	1	1	1	1	1	1	1	2	1	1	1	2	1	1	1	1	1	1	1	1	1	2	2	1	1	1	2	1	1	1	1	2	1	1	1	2	1	1	2	2	1	1	2	1	2	1	1	1	1	1	2	1	1	2	1	1	1	2	1	1	1	1	1
55	1	1	1	2	1	1	2	1	1	1	2	2	1	1	1	1	1	1	2	1	2	2	1	1	1	1	1	1	1	2	1	1	1	1	1	1	2	2	1	2	1	1	1	1	1	1	1	1	1	2	1	2	1	2	1	1	1	1	2	1	1	1	1	1	1	1	1	2	1	1	1	1	1	1	2	1	1	1	2	1	1	1	2	1	1	1	1	2	1	1	1	2	1	2	1	1	1	1	2	1	2	1	1	1	1	1	2	1	1	2	1	1	1	2	1	1	1	1	1
56	1	2	1	1	1	1	2	2	2	1	1	2	1	1	2	1	1	1	2	2	1	2	1	1	1	2	1	1	1	2	1	1	1	2	1	1	2	1	1	1	1	2	1	1	2	1	1	1	1	2	1	2	1	1	1	1	1	1	1	1	1	1	1	1	1	1	1	2	1	2	1	1	1	2	2	1	2	1	2	1	2	1	2	2	1	1	1	1	1	1	1	2	1	1	1	1	1	1	2	1	2	1	1	2	2	1	2	1	1	1	1	2	1	1	1	1	1	1	1
56	1	2	1	1	1	1	2	2	2	1	2	2	1	1	1	1	2	1	2	2	1	2	2	1	1	1	1	1	1	2	1	1	1	1	1	1	2	1	1	1	1	2	1	1	2	1	1	1	1	2	1	2	1	1	1	1	1	1	1	1	1	1	1	1	1	1	1	2	1	2	1	1	1	1	2	1	2	2	1	1	2	1	2	1	1	1	1	1	1	1	1	2	1	1	1	1	1	1	2	1	2	1	1	2	2	1	2	1	1	2	1	2	1	1	1	1	1	1	1
56	1	2	1	1	1	1	2	1	1	1	2	2	1	1	1	1	1	1	2	1	1	2	2	1	1	1	1	1	1	2	2	1	2	1	1	1	2	1	1	1	1	2	1	1	2	1	1	1	1	2	1	1	1	2	1	1	1	1	2	1	1	1	1	2	1	1	1	2	1	2	1	1	1	1	2	1	2	1	2	1	2	1	2	1	1	1	1	1	1	1	1	2	1	1	2	2	1	1	2	1	2	1	1	2	2	1	2	1	1	2	1	2	1	1	1	1	1	1	1
57	1	2	2	2	2	1	2	1	1	1	2	1	1	2	1	1	1	1	2	2	1	1	1	1	1	2	1	1	1	2	1	1	1	1	1	1	2	2	1	1	1	2	1	1	2	1	1	1	1	2	1	2	1	1	1	1	1	1	1	1	1	1	1	2	1	1	1	2	1	2	1	1	1	1	2	1	2	1	2	1	1	1	2	2	1	1	1	2	1	1	1	2	1	1	1	2	1	1	2	1	2	1	2	2	2	1	2	1	1	2	1	1	1	1	1	1	1	1	1
57	1	2	2	2	2	1	2	1	1	1	2	2	1	2	2	1	1	1	1	1	1	1	1	1	1	1	1	1	1	2	1	1	1	1	1	1	2	2	1	2	1	2	1	1	2	1	1	1	1	2	1	2	1	1	1	1	1	1	1	1	1	1	1	2	1	1	1	2	1	1	1	1	1	2	2	1	2	2	1	1	1	1	2	1	1	1	1	2	1	1	1	2	1	1	1	2	1	1	1	1	2	1	2	2	2	1	2	1	1	2	1	1	1	1	1	1	1	1	1
57	1	2	1	2	2	1	2	1	1	1	2	2	1	2	1	1	1	1	2	2	1	2	1	1	1	2	1	1	1	2	1	1	1	1	1	1	2	1	1	1	1	2	1	1	2	1	1	1	1	2	1	2	1	1	1	1	1	1	1	1	1	1	1	2	1	1	1	2	1	1	1	1	1	2	2	1	1	2	2	1	1	1	2	1	1	1	1	2	1	1	1	2	1	1	2	2	1	1	2	1	2	1	2	2	2	1	2	1	1	2	1	1	1	2	1	1	1	1	1
58	1	2	2	1	2	1	2	2	1	1	1	2	1	2	1	1	1	1	2	1	1	2	2	1	1	1	1	1	1	2	1	1	1	1	2	1	2	1	1	1	1	2	1	1	2	1	1	1	1	1	1	2	1	1	1	1	1	1	1	1	1	1	1	1	1	1	1	2	1	2	1	1	1	1	2	1	1	1	2	1	2	1	2	1	1	1	1	1	1	1	1	2	1	1	1	2	1	1	2	1	2	2	1	2	2	1	2	1	1	2	1	1	1	1	1	1	1	1	1
58	1	2	2	1	1	1	2	1	1	1	2	2	1	1	1	1	2	1	2	1	1	2	1	1	1	1	1	1	1	2	1	1	1	1	1	1	2	2	1	1	1	2	1	1	2	1	1	1	1	2	1	2	1	1	1	1	1	1	1	1	1	1	1	1	1	1	1	2	1	2	1	1	1	1	2	1	2	1	2	1	1	1	2	1	1	1	1	1	1	1	1	1	1	1	2	1	2	1	2	1	2	1	2	2	2	1	2	1	1	2	1	1	1	1	1	1	1	1	1
58	1	2	1	1	1	1	2	2	1	1	2	2	1	1	1	1	1	1	2	1	1	2	1	1	1	2	1	1	1	2	1	1	1	1	1	1	2	1	1	1	1	2	1	1	2	1	1	1	1	2	1	2	1	1	1	1	1	1	1	1	1	1	1	2	1	1	1	2	1	2	1	1	1	1	2	1	2	2	1	1	2	1	2	1	1	1	1	1	1	1	1	2	1	1	1	1	1	1	2	1	2	2	2	2	2	1	2	1	1	2	1	1	1	1	1	1	1	1	2
59	1	2	2	1	1	1	2	1	1	1	2	1	1	1	1	1	1	1	2	2	1	2	1	1	1	1	1	1	1	2	1	1	1	1	1	1	2	1	1	1	1	2	1	1	2	1	1	1	1	2	1	2	1	1	1	1	1	1	1	1	1	1	1	2	1	1	1	2	1	1	1	1	1	1	2	1	2	1	1	1	2	1	2	1	2	1	1	1	1	1	1	2	1	1	1	1	1	1	2	1	2	1	2	2	2	1	2	1	1	2	1	2	1	1	1	1	1	1	1
59	1	2	2	2	1	1	2	1	1	1	2	2	1	1	1	1	2	1	2	2	1	2	1	1	1	1	1	1	1	2	1	1	1	1	1	1	2	1	1	1	1	2	1	1	1	1	1	1	1	2	1	1	1	1	1	1	1	1	1	1	1	1	1	2	1	1	1	2	1	2	1	1	1	1	2	1	2	1	1	1	2	1	2	1	1	1	1	1	1	1	1	2	1	1	1	1	1	1	2	1	2	1	2	2	2	1	2	1	1	2	1	2	1	1	1	1	1	1	1
59	1	2	1	1	1	1	2	2	2	1	2	2	1	1	1	1	1	1	2	1	1	1	1	1	1	2	1	1	1	2	1	1	1	1	1	1	2	1	1	1	1	1	1	1	2	1	1	1	1	1	1	2	1	1	1	1	1	1	1	1	1	1	1	2	1	1	1	2	1	2	1	1	1	1	2	1	2	1	1	1	2	1	2	1	1	1	1	1	1	1	1	2	1	1	2	1	1	1	2	1	2	1	1	2	2	1	2	1	1	2	1	2	1	1	1	1	1	1	1
60	1	2	1	1	2	1	2	2	1	1	2	2	1	2	1	1	2	1	2	1	1	2	2	1	1	1	1	1	1	2	1	1	1	1	1	1	2	1	1	1	1	2	1	1	2	1	1	1	1	2	1	1	1	1	1	1	1	1	1	1	1	1	1	2	1	1	1	2	1	1	1	1	1	1	2	1	2	1	1	1	1	1	2	1	1	1	1	1	1	1	1	1	1	1	1	1	1	1	1	1	2	2	2	2	2	1	2	1	1	2	1	1	1	2	1	1	1	1	1
60	1	2	2	1	1	1	2	2	1	1	2	2	1	2	1	1	1	1	2	1	1	2	2	1	1	1	1	1	1	2	1	1	1	1	1	1	2	1	1	1	1	2	1	1	2	1	1	1	1	2	1	2	1	1	1	1	1	1	2	1	1	1	1	2	1	1	1	2	1	1	1	1	1	1	2	1	2	1	1	1	1	1	2	2	1	1	1	1	1	1	1	2	1	1	1	1	1	1	2	1	2	2	1	2	2	1	2	1	1	2	1	1	1	1	1	1	1	1	1
60	1	2	2	1	1	1	2	2	1	1	2	2	1	2	1	1	2	1	2	2	1	1	2	1	1	1	1	1	1	2	1	1	1	1	1	1	2	1	1	1	1	2	1	1	2	1	1	1	1	2	1	1	1	1	1	1	1	1	2	1	1	1	1	1	1	1	1	2	1	2	1	1	1	1	2	1	2	1	1	1	1	1	2	1	1	1	1	1	1	1	1	1	1	1	1	1	1	1	2	1	2	1	2	2	2	1	2	1	1	2	1	2	1	1	1	1	1	1	1
61	1	2	2	1	1	1	2	1	1	1	2	1	1	1	2	1	2	1	2	2	1	2	1	1	1	1	1	1	1	2	1	2	1	1	1	1	2	1	1	1	1	1	1	1	2	1	1	1	1	2	2	2	1	2	1	1	1	1	1	1	1	1	1	2	1	1	1	2	1	1	1	1	1	1	2	1	1	1	2	1	2	1	2	1	1	1	1	1	1	1	1	2	1	1	1	1	2	1	2	1	2	1	2	2	2	1	2	1	1	1	1	2	1	2	1	1	2	1	2
61	1	1	2	1	2	1	1	2	1	1	2	2	1	2	1	1	1	1	2	2	1	2	1	1	1	1	1	1	1	2	1	1	1	1	1	1	1	2	1	2	1	1	1	1	2	1	1	1	1	2	1	2	1	1	1	1	1	1	1	1	1	1	1	1	1	1	1	2	1	1	1	1	1	1	2	1	1	1	2	1	2	1	2	1	1	1	1	2	1	1	1	2	1	1	1	1	1	1	2	1	2	1	1	2	2	1	2	1	1	2	1	2	1	1	1	1	2	1	2
61	1	2	1	1	2	1	2	2	1	1	2	2	1	1	2	1	1	1	2	1	1	2	1	1	1	1	1	1	1	2	1	1	1	1	1	1	2	2	1	1	1	1	1	1	1	1	1	1	1	2	1	2	1	2	1	2	1	1	1	1	1	1	1	2	1	1	1	2	1	1	1	1	1	1	1	1	1	1	2	1	2	1	2	1	1	1	1	1	1	1	1	2	1	1	1	1	2	1	2	1	2	1	1	2	2	1	2	1	1	2	1	2	1	2	1	1	2	1	2
62	1	2	1	2	2	1	2	2	1	1	2	2	1	1	1	1	1	1	2	1	1	1	1	1	1	1	1	1	1	2	1	2	1	1	1	1	2	2	1	1	1	1	1	1	1	1	1	1	1	2	1	2	1	1	1	1	1	1	1	1	1	1	1	1	1	1	1	2	1	1	1	1	1	1	1	1	2	1	1	1	2	1	2	2	1	1	1	1	1	1	1	2	1	1	1	2	1	1	2	1	2	1	1	1	1	1	2	1	1	2	1	1	1	1	1	1	1	1	1
62	1	1	1	2	2	1	2	2	1	1	2	2	1	1	1	1	1	1	2	1	1	2	1	1	1	1	1	1	1	2	1	2	1	1	1	1	2	2	1	1	1	1	1	1	1	1	1	1	1	2	1	2	1	1	1	1	1	1	1	1	1	1	1	2	1	1	1	2	1	1	1	1	1	1	2	1	2	1	1	1	2	1	2	1	1	1	1	1	1	1	1	2	1	1	1	2	1	1	1	1	2	1	1	1	1	1	2	1	1	2	1	1	1	1	1	1	2	1	2
62	1	1	2	2	1	1	2	2	1	1	2	2	1	1	1	1	1	1	2	1	2	2	1	1	1	1	1	1	1	2	1	1	1	1	1	1	1	2	1	1	1	2	1	1	2	1	1	1	1	2	1	2	1	1	1	1	1	1	1	1	1	1	1	2	1	1	1	2	1	1	1	1	1	1	1	1	2	1	1	1	2	1	2	1	1	1	1	1	1	1	1	2	1	1	1	2	1	1	1	1	2	1	1	1	1	1	2	1	1	2	1	1	1	1	1	1	2	1	2
63	1	1	2	1	2	1	2	1	1	1	2	2	1	1	1	1	1	1	2	1	1	2	1	1	1	1	1	1	1	2	1	1	1	1	1	1	2	1	1	1	1	1	1	1	2	1	1	1	1	2	1	2	1	2	1	1	1	1	1	1	1	1	1	2	1	1	1	2	1	1	1	1	1	1	2	1	2	1	2	1	2	1	2	1	1	1	1	1	1	1	1	2	1	1	1	2	1	1	2	1	2	1	1	2	2	1	2	1	1	2	1	1	1	1	2	1	1	1	1
63	1	1	1	2	1	1	1	2	1	1	2	2	1	1	2	1	1	1	2	1	1	1	2	1	1	1	1	2	1	2	1	2	1	1	1	1	2	1	1	2	1	2	1	1	2	1	1	1	1	2	1	2	1	2	1	1	1	1	2	1	1	1	1	2	1	1	1	2	1	1	1	1	1	1	2	1	2	1	2	1	2	1	2	1	1	1	1	1	1	1	1	2	1	1	1	2	1	1	2	1	2	1	1	1	1	1	2	1	1	2	1	1	1	1	1	1	2	1	1
63	1	2	1	2	2	1	2	2	2	1	2	2	1	1	1	1	1	1	2	1	1	2	1	1	1	1	1	1	1	2	1	2	1	1	1	1	2	1	1	2	1	1	1	1	2	1	1	1	1	2	2	1	1	2	1	1	1	1	2	1	1	1	1	2	1	1	1	2	1	1	1	1	1	1	2	1	2	1	2	1	2	1	2	1	1	1	1	1	1	1	1	1	1	1	1	1	1	1	2	1	2	1	1	2	2	1	2	1	1	2	1	1	1	1	2	1	1	1	2
64	1	1	1	2	2	1	2	2	1	1	2	2	1	2	1	1	1	1	2	1	1	2	1	1	1	1	1	1	1	2	1	2	1	1	1	1	2	2	1	1	1	1	1	1	2	1	1	1	1	2	1	1	1	1	1	1	1	1	1	1	1	1	2	2	1	1	1	2	1	1	1	1	1	1	1	1	1	1	2	2	2	1	2	1	1	1	1	1	1	1	1	1	1	1	1	2	1	1	2	1	2	1	1	1	1	1	2	1	1	2	1	1	1	1	1	1	1	1	2
64	1	2	1	2	2	1	2	2	1	1	2	2	1	1	1	1	1	1	2	1	1	2	1	1	1	1	1	1	1	2	1	2	1	1	1	1	2	2	1	2	1	1	1	1	2	1	1	1	1	2	2	1	1	1	1	2	1	1	2	1	2	1	2	1	1	1	1	2	1	1	1	1	1	1	1	1	1	1	2	2	2	1	2	1	2	1	1	1	1	1	1	2	1	2	1	2	1	1	2	1	2	1	1	1	1	1	2	1	1	2	1	1	1	2	1	2	1	1	1
64	1	2	1	2	1	1	2	1	1	1	2	2	1	1	1	1	1	1	2	1	2	1	1	1	1	1	1	1	1	2	1	2	1	1	1	1	2	1	1	2	1	1	1	1	1	1	1	1	1	2	1	1	1	2	1	1	1	1	1	1	1	1	1	2	1	1	1	2	1	1	1	1	2	1	2	1	1	1	2	1	2	1	2	1	1	1	1	1	1	1	1	2	1	1	1	2	1	1	2	1	2	1	2	1	1	1	2	1	1	2	1	1	1	1	1	1	2	1	2
65	1	1	1	1	1	1	2	2	1	1	2	2	1	1	1	1	1	1	2	1	1	2	1	1	1	1	1	1	2	2	1	2	1	1	1	1	2	2	1	1	1	1	1	1	1	1	1	1	1	2	1	1	1	1	1	1	1	1	1	1	1	1	1	1	1	1	1	1	1	1	1	1	1	1	2	1	2	1	1	1	2	1	2	1	1	1	1	1	1	1	1	2	1	1	1	2	1	1	2	1	2	1	1	1	1	1	2	1	1	2	1	2	1	1	1	1	1	1	2
65	1	1	1	1	1	1	2	2	1	1	2	2	1	1	1	1	1	1	2	1	1	2	1	1	1	1	1	1	2	2	1	2	1	1	1	1	2	2	1	1	1	1	1	1	1	1	1	1	1	2	1	2	2	1	1	1	1	1	2	1	1	1	1	2	1	1	1	2	1	1	1	1	1	1	2	1	2	1	1	1	2	1	2	1	1	1	1	1	1	1	1	2	1	1	1	2	1	1	2	1	2	1	1	1	1	1	2	1	1	2	1	2	1	1	1	1	1	1	2
65	1	1	1	1	1	1	2	2	1	1	2	2	1	1	1	1	1	1	2	1	1	2	1	1	1	1	1	1	2	2	1	2	1	1	1	1	2	2	1	1	1	1	1	1	1	1	1	1	1	2	1	2	2	1	1	1	1	1	2	1	1	1	1	2	1	1	1	2	1	1	1	1	1	1	2	1	2	1	1	1	2	1	2	1	1	1	1	1	1	1	1	2	1	1	1	2	1	1	2	1	2	1	1	1	1	1	2	1	1	2	1	2	1	1	1	1	1	1	2
66	1	2	1	2	2	1	1	2	1	1	1	2	1	2	1	1	1	1	2	1	1	2	1	1	1	1	1	1	1	2	1	1	1	1	1	1	2	2	1	1	1	2	1	1	1	1	1	1	1	2	2	2	1	1	1	1	1	1	1	1	1	1	1	2	1	1	1	2	1	1	1	1	1	2	1	1	2	1	1	1	1	1	2	1	1	1	1	1	1	1	1	2	2	1	2	2	1	1	2	1	2	1	1	2	2	2	2	1	1	2	1	1	2	1	1	1	2	1	2
66	1	1	1	2	2	1	1	2	1	2	2	2	1	1	1	1	1	1	2	1	1	2	1	1	1	1	1	1	1	2	1	2	1	1	1	1	2	1	1	2	1	1	1	1	1	1	1	1	1	2	2	2	1	1	1	1	1	1	1	1	1	1	1	1	1	1	1	2	1	1	1	1	1	2	1	1	2	1	1	1	2	1	2	1	1	1	1	1	1	1	2	2	1	1	1	2	1	1	2	1	2	1	1	1	1	1	2	1	1	2	1	1	2	1	2	1	2	1	2
66	1	1	1	2	2	1	1	2	1	1	2	2	1	2	1	1	1	1	2	1	1	2	1	1	1	1	1	1	1	2	1	2	1	1	1	1	1	2	1	1	2	1	1	1	1	1	1	1	1	1	2	2	1	1	1	1	1	1	1	1	1	1	1	2	1	1	1	2	1	1	1	1	1	1	1	1	2	1	1	1	2	1	2	2	1	1	1	1	1	1	1	2	1	1	1	2	1	1	2	1	2	1	2	1	1	1	2	1	1	2	1	1	2	1	1	1	2	1	2
67	1	1	1	2	1	1	1	2	1	1	2	2	1	1	1	1	2	1	1	1	2	2	1	1	1	2	1	1	1	2	1	1	1	1	1	1	2	1	1	2	1	1	1	1	1	1	1	1	1	2	1	1	1	1	1	2	1	1	2	1	1	1	1	2	1	1	1	2	1	1	1	1	1	1	1	1	1	1	2	1	2	1	2	2	1	1	1	2	1	1	1	2	1	1	1	2	1	1	2	1	2	1	1	1	1	1	2	1	1	2	1	2	1	2	1	1	2	1	2
67	1	1	1	2	2	1	2	2	1	1	2	2	1	1	1	1	1	1	2	1	1	2	1	1	1	2	1	1	1	2	1	1	1	1	1	1	1	2	1	1	1	1	1	1	1	1	1	1	1	2	1	1	1	1	1	2	1	1	2	1	1	1	1	1	1	1	1	2	1	1	1	1	1	1	2	1	1	1	2	1	2	1	2	2	1	1	1	2	1	1	1	2	1	1	1	2	1	1	2	1	2	1	1	1	1	1	2	1	1	2	1	2	1	2	2	1	1	1	2
67	1	1	1	2	1	1	2	2	1	1	2	2	1	1	1	1	1	1	2	1	1	2	1	1	1	1	1	1	1	2	1	1	1	1	1	1	1	2	1	2	1	1	1	1	1	1	1	1	1	2	1	2	1	2	1	2	1	1	2	1	1	1	1	2	1	1	1	2	1	1	1	1	1	1	2	1	2	1	1	1	1	1	2	2	1	1	1	1	1	1	1	1	1	1	1	2	1	1	2	1	2	1	1	1	1	1	2	1	1	2	1	1	1	2	2	1	1	1	2
68	1	2	1	1	1	1	2	2	1	1	1	2	1	1	2	1	1	1	2	1	1	2	1	1	1	2	1	1	1	2	2	1	1	1	1	1	2	1	1	1	2	2	1	1	2	1	1	1	1	2	1	2	2	2	1	1	2	1	2	1	1	1	1	2	1	1	1	2	1	2	1	1	1	1	2	2	1	2	2	1	1	1	2	2	1	1	2	1	1	1	1	2	1	1	1	2	1	1	2	1	2	1	2	2	2	1	2	2	1	2	2	2	1	1	1	2	1	1	1
68	1	1	2	1	1	1	2	2	1	1	2	1	1	1	1	1	1	1	2	2	1	2	1	1	1	2	1	1	1	2	1	1	1	1	1	1	2	1	1	1	1	2	1	1	2	1	1	1	1	2	1	2	1	1	1	2	2	1	1	1	1	1	1	2	1	1	1	2	1	2	2	1	1	1	2	1	1	2	2	2	2	1	2	1	1	1	1	2	1	1	1	2	1	1	1	2	1	1	2	2	2	1	1	2	2	1	2	1	1	2	1	1	2	1	1	1	1	1	1
68	1	2	2	1	1	1	2	1	1	1	2	1	1	1	1	1	1	1	2	2	1	1	1	1	1	2	1	1	1	2	2	1	1	2	1	1	2	2	1	1	1	1	1	1	2	1	1	1	1	2	1	2	1	2	1	1	1	1	2	1	1	1	1	2	1	1	1	2	1	2	1	1	1	2	2	2	2	2	2	1	1	1	2	1	1	1	1	1	1	1	1	2	1	1	1	2	1	1	2	1	2	1	1	2	2	1	2	1	1	2	1	2	1	1	1	1	1	1	1
69	1	2	2	1	1	1	2	1	1	1	2	2	1	1	2	1	2	1	2	1	1	2	1	1	1	1	1	1	1	2	1	1	1	1	2	1	2	1	1	1	1	2	1	1	2	1	1	1	1	2	1	2	1	2	1	1	1	1	2	1	1	1	1	2	1	2	1	2	1	1	1	1	1	2	2	1	2	1	1	1	2	1	2	1	1	1	1	1	1	1	1	2	1	1	2	2	1	1	2	1	2	1	2	2	2	1	2	1	1	2	1	2	1	1	1	1	1	1	1
69	1	2	1	1	1	1	2	1	1	1	2	2	1	1	1	1	2	1	2	2	1	2	1	1	1	2	1	1	1	2	1	1	1	1	1	1	2	1	1	2	1	1	1	1	2	1	1	1	1	2	1	2	1	1	1	1	1	1	2	1	1	1	1	2	1	1	1	2	1	1	1	1	1	2	2	2	1	2	2	1	2	1	2	1	1	1	1	1	1	1	1	2	1	1	1	2	1	1	2	1	2	1	1	2	2	1	2	1	1	2	1	2	1	1	1	1	1	1	1
69	1	1	2	1	1	1	2	1	1	1	2	2	1	2	1	1	1	1	2	2	1	2	1	1	1	1	1	1	1	2	2	1	1	1	1	1	2	1	1	2	1	2	1	1	2	1	1	1	1	2	1	1	1	2	1	2	1	1	2	1	1	1	1	2	1	2	1	2	1	1	1	1	1	2	2	1	2	1	2	1	2	1	2	1	1	1	1	1	1	1	1	2	1	1	2	2	2	1	2	1	2	1	1	2	2	1	2	1	1	2	1	2	1	1	1	1	1	1	1
70	1	2	2	2	1	1	2	1	1	1	2	2	1	1	1	1	1	1	2	1	1	2	1	1	1	2	1	1	1	2	1	1	1	1	1	1	2	1	1	1	1	1	1	1	2	1	1	1	1	2	1	2	1	1	1	1	1	1	1	1	1	1	1	1	1	1	1	2	1	2	1	1	1	1	2	1	2	1	2	1	2	1	2	1	1	1	1	1	1	1	1	2	1	1	1	2	1	1	2	1	2	2	2	2	2	1	2	1	1	2	1	2	1	2	1	1	1	1	1
70	1	2	1	1	2	1	2	1	1	1	2	2	1	2	1	1	1	1	2	1	1	2	1	1	1	2	2	1	1	2	1	1	1	1	1	1	2	1	1	1	1	2	1	1	1	1	1	1	1	2	1	1	1	1	1	1	1	1	2	1	1	1	1	1	1	1	1	2	1	2	1	1	1	2	2	1	2	1	1	1	1	1	2	1	1	1	1	2	1	1	1	2	1	1	2	2	1	1	2	1	2	1	2	2	2	1	2	1	1	2	1	1	1	2	1	1	1	1	1
70	1	2	1	1	1	1	2	1	1	1	2	2	1	1	1	1	1	1	2	2	1	2	1	1	1	1	1	1	1	2	1	1	1	1	1	1	2	1	1	1	1	1	1	1	2	1	1	1	1	2	1	2	1	1	1	1	1	1	1	1	1	1	1	1	1	1	1	2	1	2	1	1	1	2	2	2	1	2	2	1	1	1	2	1	1	1	1	1	1	1	1	1	1	1	1	1	1	1	2	1	2	1	2	2	2	1	2	1	1	2	1	1	1	2	1	1	1	1	1
71	1	2	1	1	2	1	2	1	1	1	1	2	1	1	1	1	1	1	2	1	1	1	1	1	1	2	1	1	1	2	1	1	1	1	1	1	2	1	1	1	1	2	1	1	2	1	1	1	1	2	1	2	1	1	1	1	1	1	1	1	1	1	1	2	1	1	1	2	1	2	1	1	1	2	2	1	2	1	1	1	2	1	2	1	1	1	1	1	1	1	1	2	1	1	1	1	1	1	2	1	2	1	2	2	2	1	2	1	1	2	1	1	1	1	1	1	1	1	1
71	1	2	2	1	2	1	2	1	1	1	1	2	1	2	2	1	2	1	2	1	1	2	2	1	1	1	1	1	1	2	1	1	1	1	1	1	2	1	1	1	1	2	1	1	2	1	1	1	1	2	1	2	1	1	1	1	1	1	1	1	1	1	1	1	1	1	1	2	1	1	1	1	1	1	2	1	2	2	1	1	1	1	2	1	1	1	1	1	1	1	1	2	1	1	1	1	2	1	2	1	2	2	1	2	2	1	2	1	1	2	1	1	1	1	1	1	1	1	1
71	1	2	2	1	2	1	2	1	1	1	2	2	1	2	1	1	2	1	2	1	1	2	1	1	1	1	1	1	1	2	1	1	1	1	1	1	1	2	1	1	1	1	1	1	2	1	1	1	1	2	1	2	1	1	1	1	1	1	2	1	1	1	1	2	1	1	1	2	1	1	1	1	1	1	2	1	2	1	1	1	2	1	2	2	1	1	1	1	1	1	1	2	1	1	1	1	1	1	1	1	2	1	1	2	2	1	2	1	1	2	1	1	1	1	1	1	1	1	1
72	1	2	1	2	2	1	2	1	1	1	2	2	1	2	1	1	2	1	2	2	1	1	1	1	1	1	1	1	1	2	1	1	1	1	1	1	2	1	1	1	1	1	1	1	2	1	1	1	1	2	1	2	1	1	1	1	1	1	1	1	1	1	1	2	1	1	1	2	1	2	1	1	1	1	2	1	2	2	1	1	2	1	2	2	1	1	1	1	1	1	1	1	1	1	1	1	2	1	2	1	2	1	1	2	2	1	2	1	1	2	1	2	1	1	1	1	1	1	1
72	1	2	1	2	1	1	2	1	1	1	2	2	1	1	1	1	2	1	2	1	1	2	2	1	1	1	1	1	1	2	1	1	1	1	1	1	2	1	1	1	1	2	1	1	2	1	1	1	1	2	1	1	1	1	1	1	1	1	2	1	1	1	1	2	1	1	1	2	1	1	1	1	1	1	2	1	2	1	1	1	2	1	2	2	1	1	1	1	1	1	1	2	1	1	1	1	1	1	2	1	2	1	2	2	2	1	2	1	1	2	1	2	1	1	1	1	1	1	1
72	1	2	1	1	1	1	2	1	1	1	2	1	1	2	1	1	1	1	2	1	1	1	1	1	1	1	1	1	1	2	1	1	1	1	1	1	2	1	1	1	1	2	1	1	2	1	1	1	1	2	1	1	1	1	1	1	1	1	2	1	1	1	1	2	1	1	1	2	1	1	1	1	1	1	2	1	2	1	1	1	2	1	2	1	1	1	1	1	1	1	1	1	1	1	1	1	2	1	2	1	2	1	1	2	2	1	2	1	1	2	1	2	1	1	1	1	1	1	1
73	1	2	2	1	1	1	2	2	1	1	2	2	1	1	1	1	2	1	2	2	1	1	2	1	1	1	1	1	1	2	1	2	1	1	1	1	2	1	1	2	1	2	1	1	2	1	1	1	1	2	1	2	1	1	1	1	1	1	1	1	1	1	1	2	1	1	1	2	1	1	1	1	1	1	2	1	1	2	2	1	1	1	2	1	1	1	1	1	1	1	1	2	1	1	1	2	1	1	2	1	2	1	1	2	2	1	2	1	1	2	1	2	1	2	1	1	2	1	1
73	1	2	1	1	1	1	2	2	1	1	2	2	1	1	1	1	1	1	2	2	1	2	2	1	1	1	1	1	1	2	1	2	1	1	1	1	2	1	1	1	1	2	1	1	2	1	1	1	1	2	1	1	1	1	1	1	1	1	1	1	1	1	1	2	1	1	1	2	1	1	1	1	1	1	2	1	2	1	1	1	2	1	2	1	1	1	1	2	1	1	1	2	1	1	2	2	1	1	2	1	2	1	2	2	2	1	2	1	1	2	1	2	1	1	1	1	1	1	1
73	1	2	1	1	1	1	2	1	1	1	2	2	1	1	1	1	1	1	2	1	2	2	1	1	1	1	1	1	1	2	1	1	1	1	1	1	2	1	1	1	1	1	1	1	2	1	1	1	1	2	1	2	1	1	1	1	1	1	1	1	1	1	1	1	1	1	1	2	1	1	1	1	1	1	2	1	2	2	1	1	2	1	2	2	1	1	1	1	1	1	1	2	1	1	1	2	1	1	2	1	2	1	1	2	2	1	2	1	1	2	1	2	1	1	1	1	1	1	1
74	1	1	2	1	1	1	2	2	1	1	2	2	1	1	2	1	1	1	2	2	2	1	1	1	1	1	1	1	1	2	1	2	1	1	1	1	1	2	1	2	1	1	1	1	1	1	1	1	1	2	1	2	1	2	1	2	1	1	2	1	1	1	1	2	1	1	1	2	1	2	1	1	1	1	2	1	2	1	1	1	2	1	2	1	1	1	1	2	1	1	1	2	1	1	1	2	1	1	2	1	2	1	1	2	2	1	2	1	1	2	1	2	1	1	1	1	1	1	2
74	1	1	2	2	1	1	2	2	2	1	2	1	1	1	2	1	1	1	2	2	2	2	1	1	1	1	1	1	1	2	1	2	1	1	1	1	1	2	1	2	1	1	1	1	1	1	1	1	1	2	1	2	1	2	1	1	1	1	2	1	1	1	1	2	1	1	1	2	1	1	1	1	1	1	2	1	2	1	2	1	2	1	2	1	1	1	1	2	1	1	1	2	1	1	1	2	1	1	2	1	2	1	1	1	1	1	2	1	1	2	1	1	1	1	1	1	1	1	1
74	1	1	2	2	1	1	2	2	2	1	2	2	1	1	1	1	1	1	2	1	2	2	1	1	1	1	1	1	2	2	1	1	1	1	1	1	1	1	1	2	2	1	1	1	1	1	1	1	1	2	1	2	1	2	1	2	1	1	2	1	1	1	1	2	1	1	1	2	1	1	1	1	1	1	1	1	1	2	2	1	2	1	2	1	1	1	1	2	1	1	1	2	1	1	1	2	1	1	2	1	2	1	1	2	2	1	2	1	1	2	1	2	1	2	1	2	1	1	2
75	1	1	1	1	2	1	1	2	1	1	2	2	1	1	1	1	1	1	2	2	2	2	1	1	1	1	1	1	1	2	1	1	1	1	1	1	1	2	1	1	1	2	1	1	2	1	1	1	1	2	1	2	1	1	1	1	1	1	1	1	1	1	1	2	1	1	1	2	1	1	1	1	1	1	1	1	2	2	1	1	2	1	2	1	1	1	1	2	1	1	1	2	1	1	1	2	1	1	2	1	2	1	1	1	1	1	2	1	1	2	1	2	1	1	1	1	1	1	2
75	1	2	2	1	2	1	2	1	1	1	2	2	1	1	1	1	1	1	2	1	2	2	1	1	1	1	1	1	1	2	1	2	1	1	1	1	2	2	1	1	1	2	1	1	1	1	1	1	1	2	1	2	1	2	1	2	1	1	1	1	1	1	1	2	1	1	1	2	1	1	1	1	1	1	1	1	2	1	2	1	2	1	2	1	1	1	1	2	1	1	1	2	1	1	1	2	1	1	2	1	2	1	1	1	1	1	2	1	1	1	1	2	1	2	2	1	1	1	2
75	1	1	1	2	2	1	2	2	1	1	2	2	1	1	1	1	1	1	2	2	2	2	1	1	1	1	1	1	1	2	1	1	1	1	1	1	2	2	1	1	1	1	1	1	1	1	1	1	1	2	1	2	1	1	1	2	1	1	1	1	1	1	1	1	1	1	1	2	1	1	1	1	1	1	1	1	2	2	1	1	2	1	2	1	1	1	1	1	1	1	1	2	1	1	1	2	1	1	1	1	2	1	1	1	1	1	2	1	1	2	1	2	1	2	2	1	1	1	2
76	1	1	1	1	2	1	2	2	2	1	2	2	1	1	1	2	2	1	2	1	2	2	1	1	1	1	1	1	1	2	1	2	1	1	1	1	2	2	1	1	1	1	1	1	2	1	1	1	1	2	1	2	1	1	1	1	1	1	2	1	1	1	1	2	1	1	1	2	1	1	1	1	1	1	1	1	2	1	1	1	2	1	2	1	1	1	1	1	1	1	1	2	1	1	1	2	1	1	2	1	2	1	1	1	1	1	2	1	1	2	1	1	1	1	1	1	2	1	2
76	1	2	1	1	2	1	1	2	2	1	2	1	1	1	1	1	2	1	2	1	2	2	1	1	1	1	1	1	1	2	1	2	1	1	1	1	2	2	1	1	1	1	1	1	2	1	1	1	1	2	1	2	1	1	1	1	1	1	1	1	1	1	1	2	1	1	1	2	1	1	1	1	1	1	2	1	2	1	1	1	2	1	2	1	1	1	1	2	1	1	1	2	1	1	1	2	1	1	2	1	2	1	1	2	2	1	2	1	1	2	1	1	1	1	2	1	1	1	1
76	1	2	1	2	2	1	2	2	2	1	2	2	1	1	1	1	1	1	2	1	2	2	1	1	1	1	1	1	1	2	1	2	1	1	1	1	2	1	1	1	1	1	1	1	2	1	1	1	1	2	1	2	1	1	1	1	1	1	1	1	1	1	1	2	1	1	1	2	1	1	1	1	1	1	2	1	2	1	1	1	2	1	2	1	1	1	1	1	1	1	1	2	1	1	1	1	1	1	1	1	2	1	1	2	2	1	2	1	1	2	1	1	1	2	2	1	1	1	2
77	1	1	1	2	2	1	2	2	1	1	2	2	1	1	1	1	2	1	2	1	1	2	1	1	1	1	1	1	1	2	1	2	1	1	1	1	1	2	1	1	1	1	1	1	1	1	1	1	1	2	2	2	2	1	1	1	1	1	1	1	1	1	1	1	1	1	1	2	1	1	1	1	1	1	2	1	2	1	2	1	2	1	2	1	1	1	1	2	1	1	1	2	1	1	1	2	1	1	2	1	2	1	1	1	1	1	2	1	1	2	1	1	1	1	1	1	2	1	2
77	1	2	1	2	2	1	2	2	1	1	2	2	1	1	1	1	1	1	2	1	1	2	1	1	1	1	1	1	1	2	1	2	1	1	1	1	2	2	1	1	1	1	1	1	1	1	1	1	1	2	2	2	1	1	1	1	1	1	1	1	1	1	1	1	1	1	1	2	1	1	1	1	1	1	1	1	1	2	2	1	2	1	2	1	1	1	1	1	1	1	1	2	1	2	1	2	1	1	2	1	2	1	1	1	1	1	2	1	1	2	1	1	1	1	1	1	1	1	2
77	1	1	1	2	2	1	2	1	1	1	2	2	1	1	1	1	2	1	2	1	1	2	1	1	1	1	1	1	1	2	1	2	1	1	1	1	1	2	1	1	1	1	1	1	1	1	1	1	1	2	2	1	1	2	1	1	1	1	1	1	1	1	1	2	1	1	1	2	1	1	1	1	1	1	2	1	2	1	2	1	2	1	2	1	1	1	1	1	1	1	1	2	1	1	1	2	1	1	2	1	2	1	2	1	1	1	2	1	1	2	2	1	1	1	1	2	1	1	2
78	1	2	2	1	1	1	2	1	1	1	2	2	1	1	1	1	1	1	2	2	1	2	1	1	1	1	1	1	1	2	1	1	1	1	1	1	2	1	1	2	1	2	1	1	2	1	1	1	1	2	1	2	1	1	1	1	1	1	1	1	1	1	1	2	1	1	1	2	1	1	1	1	1	1	1	1	1	2	2	1	2	1	2	1	1	1	1	1	1	1	1	2	1	1	1	2	1	1	2	1	2	1	1	2	2	1	2	1	1	2	1	2	1	1	1	1	1	1	1
78	1	2	2	1	1	1	2	1	1	1	2	2	1	1	1	1	2	1	2	1	1	2	1	1	1	1	1	1	1	2	1	1	1	1	1	1	2	1	1	2	1	1	1	1	2	1	1	1	1	2	1	2	1	2	1	1	1	1	1	1	1	1	1	1	1	1	1	2	1	1	1	1	1	1	2	1	1	2	2	1	2	1	2	1	1	1	1	1	1	1	1	2	1	1	1	1	1	1	2	1	2	1	1	2	2	1	2	1	1	2	1	1	1	1	1	1	1	1	1
78	1	2	2	1	1	1	2	1	1	2	1	1	1	1	2	1	2	1	2	1	1	2	1	1	1	1	1	1	1	2	1	1	1	1	1	1	2	1	1	1	1	1	1	1	2	1	1	1	1	2	1	2	1	2	1	1	1	1	2	1	1	1	1	2	1	1	1	2	1	1	1	1	1	1	2	1	1	1	2	1	2	1	2	1	2	1	1	1	1	1	1	1	1	1	2	2	1	1	2	1	2	2	1	2	2	1	2	1	1	2	1	1	1	1	1	1	1	1	1
79	1	2	2	1	1	1	1	1	1	1	1	2	1	1	1	1	1	1	2	1	1	2	1	1	1	1	1	1	1	2	2	1	2	2	1	1	2	1	1	2	1	2	1	1	2	1	1	1	1	2	1	2	1	1	1	2	1	1	2	1	1	1	1	2	1	1	1	2	1	1	1	1	1	2	2	2	2	2	2	1	2	1	2	1	1	1	1	2	1	1	1	2	1	1	1	2	1	1	2	1	2	1	1	2	2	1	2	1	1	2	1	2	1	1	1	1	1	1	1
79	1	2	2	1	1	1	2	1	1	1	2	1	1	1	1	1	2	1	2	1	1	1	1	1	1	2	1	1	1	2	1	1	2	2	1	1	2	1	1	1	1	2	1	1	2	1	1	1	1	2	1	1	1	1	1	1	1	1	2	1	1	1	1	1	1	1	1	2	1	2	1	1	1	1	2	2	1	1	2	1	1	1	2	2	1	1	1	1	1	1	1	2	1	1	1	2	1	1	2	1	2	1	2	2	2	1	2	1	1	2	1	1	1	1	1	1	1	1	1
79	1	2	1	1	1	1	1	1	1	1	2	1	1	1	1	1	1	1	2	1	1	1	1	1	1	1	1	1	1	2	1	1	1	2	1	1	2	1	1	2	1	2	1	1	1	1	1	1	1	2	1	2	1	2	1	1	1	1	2	1	1	1	1	2	1	1	1	2	1	2	1	1	1	2	1	2	1	2	2	1	1	1	2	1	1	1	1	1	1	1	1	2	1	1	1	2	1	1	2	1	2	2	1	2	2	1	2	1	1	2	1	1	1	1	1	1	1	1	1
80	1	2	1	1	1	1	1	1	1	1	2	2	1	1	1	1	2	1	1	1	1	2	1	1	1	1	1	1	1	2	1	1	1	2	2	1	2	1	1	1	1	2	1	1	2	1	1	1	1	2	1	2	1	1	1	1	1	1	1	1	1	1	1	1	1	1	1	2	1	2	1	1	1	1	2	1	1	1	2	1	2	1	2	1	1	1	1	1	1	1	1	2	1	1	1	2	1	1	2	1	2	1	2	2	2	1	2	1	1	2	1	1	1	1	1	1	1	1	1
80	1	2	2	1	1	1	2	1	1	1	2	2	1	2	1	1	1	1	2	2	1	2	1	1	1	2	1	1	1	2	1	1	1	1	1	1	2	1	1	1	1	1	1	1	2	1	1	1	1	2	2	2	1	1	1	1	1	1	1	1	1	1	1	1	1	1	1	2	1	1	1	1	1	2	2	1	2	1	2	1	1	1	2	1	1	1	1	1	1	1	1	2	1	1	1	2	1	1	2	1	2	1	2	2	2	1	2	1	1	2	1	1	1	1	1	1	1	1	1
80	1	2	1	1	2	1	2	1	1	1	2	2	1	2	2	1	1	1	1	2	1	1	1	1	1	2	1	1	1	2	1	1	1	1	1	1	2	1	1	2	1	2	1	1	2	1	1	1	1	2	1	2	1	1	1	1	1	1	1	1	1	1	1	1	1	1	1	2	1	2	1	1	1	1	2	1	2	1	2	1	2	1	2	1	1	1	1	1	1	1	1	2	1	1	1	2	1	1	1	1	2	1	2	2	2	1	2	1	1	2	1	1	1	1	1	1	1	1	1
81	1	2	2	1	2	1	2	2	2	1	2	2	1	2	1	1	2	1	2	2	1	2	1	1	1	1	1	1	1	2	1	1	1	1	1	1	2	1	1	1	1	1	1	1	2	1	1	1	1	2	1	2	1	1	1	1	1	1	2	1	1	1	1	2	1	1	1	2	1	2	1	1	1	1	2	1	1	2	1	1	1	1	2	1	1	1	1	1	1	1	1	1	1	1	1	1	1	1	2	1	2	1	1	2	2	1	2	1	1	2	1	2	1	1	1	1	1	1	1
81	1	2	2	1	1	1	2	2	2	1	2	2	1	2	1	1	1	1	2	2	1	2	2	1	1	1	1	1	1	2	1	1	1	1	1	1	2	1	1	1	1	2	1	1	2	1	1	1	1	2	1	2	1	2	1	2	1	1	2	2	1	1	1	1	1	1	1	2	1	1	1	1	1	2	2	1	1	2	1	1	2	1	2	2	1	1	1	1	1	1	1	2	1	1	1	2	1	1	2	1	2	2	1	2	2	1	2	1	1	1	1	2	1	2	1	1	1	1	1
81	1	1	2	1	1	1	2	2	2	1	2	1	1	2	2	1	1	1	2	2	1	2	1	1	1	1	1	1	1	2	1	1	1	1	1	1	2	1	1	1	1	1	1	1	2	1	1	1	1	1	1	2	1	2	1	2	1	1	2	1	1	1	1	2	1	1	1	2	1	2	1	1	1	1	2	1	2	2	1	1	1	1	2	1	1	1	1	1	1	1	1	2	1	1	2	2	1	1	2	1	2	1	1	2	2	1	2	1	1	2	1	2	1	1	1	1	1	1	1
82	1	2	1	1	1	1	2	1	1	1	2	2	1	1	1	1	2	1	2	1	1	2	1	1	1	1	1	1	1	2	1	1	1	1	1	1	2	1	1	1	1	2	1	1	2	1	1	1	1	2	1	2	1	1	1	1	1	1	1	1	1	1	1	2	1	1	1	2	1	1	1	1	1	2	2	1	2	1	2	1	2	1	2	2	1	1	1	1	1	1	1	2	1	1	1	2	1	1	2	1	2	2	1	2	2	1	2	1	1	2	1	1	1	1	1	1	1	1	1
82	1	2	1	1	2	1	2	2	2	1	2	1	1	1	1	1	2	1	2	2	1	1	1	1	1	1	1	1	1	2	1	1	1	1	1	1	2	1	1	1	1	2	1	1	2	1	1	1	1	2	1	2	1	1	1	1	1	1	2	1	1	1	1	2	1	1	1	2	1	2	1	1	1	1	2	1	2	1	1	1	1	1	2	1	1	1	1	1	1	1	1	1	1	1	2	1	2	1	2	1	2	1	1	2	2	1	2	1	1	2	1	1	1	1	1	1	1	1	1
82	1	2	2	1	1	1	2	1	2	1	2	2	1	1	2	1	2	1	2	2	1	1	1	1	2	1	1	1	1	2	1	1	1	1	1	1	2	1	1	1	1	1	1	1	2	1	1	1	1	2	1	2	1	1	1	1	1	1	1	1	1	1	1	2	1	1	1	2	1	1	2	2	1	1	2	1	2	2	1	1	1	1	2	2	1	1	1	1	1	1	1	2	1	1	1	1	2	1	2	1	2	2	1	2	2	1	2	1	1	2	1	1	1	1	1	1	1	2	1
83	1	2	2	1	2	1	2	1	1	1	2	2	1	2	2	1	1	1	2	1	1	1	1	1	1	1	1	1	1	2	1	1	1	1	1	1	2	1	1	1	1	1	1	1	2	1	1	1	1	2	1	2	1	1	1	1	1	1	2	1	1	1	1	2	1	1	1	2	1	1	1	1	1	1	2	1	2	2	1	1	2	1	2	2	1	1	1	1	1	1	1	2	1	1	1	1	1	1	1	1	2	1	1	2	2	1	2	1	1	2	1	1	1	1	1	1	1	1	1
83	1	2	2	1	2	1	2	1	1	1	2	2	1	2	2	1	2	1	2	1	1	1	1	1	1	1	1	1	1	2	1	1	1	1	1	1	2	1	1	1	1	1	1	1	2	1	1	1	1	2	1	2	1	1	1	1	1	1	2	1	1	1	1	1	1	1	1	2	1	1	1	1	1	1	2	1	1	2	2	1	2	1	2	1	1	1	1	1	1	1	1	2	1	1	1	1	1	1	2	1	2	1	1	2	2	1	2	1	1	2	1	1	1	1	1	1	1	1	1
83	1	1	2	1	1	1	2	1	1	1	2	2	1	2	1	1	1	1	2	1	1	1	1	1	1	1	1	1	1	2	1	1	1	1	1	1	2	1	1	1	1	2	1	1	2	1	1	1	1	2	1	2	1	1	1	2	1	1	2	1	1	1	1	2	1	1	1	2	1	1	1	1	1	1	2	1	2	2	1	1	2	1	2	2	1	1	1	1	1	1	1	2	1	1	1	2	2	1	2	1	2	2	2	2	2	1	2	1	1	2	1	1	1	1	1	1	1	1	1
84	1	2	2	2	1	1	2	2	1	1	2	2	1	1	1	1	2	1	2	1	1	1	1	1	1	1	1	1	1	2	1	2	1	1	1	1	2	2	1	1	1	1	1	1	2	1	1	1	1	2	1	2	1	1	1	1	1	1	1	1	1	1	1	2	1	1	1	2	1	1	1	1	1	1	2	1	1	1	2	1	2	1	2	1	1	1	1	1	1	1	1	2	1	1	2	2	1	1	2	1	2	1	1	1	1	1	2	1	1	2	1	2	1	1	1	1	1	1	1
84	1	1	2	1	1	1	2	2	2	1	2	2	1	1	1	1	2	1	2	1	2	1	1	1	1	1	1	1	1	2	1	1	1	1	1	1	2	2	1	1	1	1	1	1	2	1	1	1	1	2	1	2	1	2	1	2	1	1	1	1	1	1	1	1	1	1	1	2	1	1	1	1	1	1	2	1	1	2	2	1	1	1	2	1	1	1	1	2	1	1	1	2	1	1	2	1	1	1	2	1	2	1	1	2	2	1	2	1	1	2	1	1	1	2	1	1	1	1	1
84	1	2	2	1	1	1	2	1	1	1	2	2	1	1	1	1	2	1	2	1	1	2	1	1	1	1	1	1	1	2	1	1	1	1	1	1	2	1	1	1	1	1	1	1	2	1	1	1	1	2	1	2	1	1	1	2	1	1	2	1	1	1	1	2	1	1	1	2	1	1	1	1	1	1	2	1	1	2	2	1	2	1	2	1	2	1	1	1	1	1	1	2	1	1	1	1	1	1	2	1	2	1	1	2	2	1	2	1	1	2	1	1	1	1	1	1	1	1	1
85	1	1	1	2	2	1	2	2	2	1	2	2	1	1	1	1	1	1	2	1	2	2	1	1	1	1	1	1	1	2	1	2	1	1	1	1	2	1	1	2	1	1	1	1	1	1	1	1	1	2	1	2	1	2	1	1	1	1	2	1	1	1	1	2	1	1	1	2	1	1	1	1	1	1	2	1	2	2	1	1	2	1	2	2	1	1	1	2	1	1	1	2	1	1	1	2	1	1	2	1	2	1	1	2	2	1	2	1	1	2	1	2	1	2	1	1	1	1	1
85	1	2	1	2	2	1	2	2	2	1	2	2	1	1	1	1	1	1	2	2	2	2	1	1	1	1	1	1	1	2	1	1	1	1	1	1	1	2	1	1	1	2	1	1	1	1	1	1	1	2	1	2	1	2	1	2	1	1	2	1	1	1	1	1	1	1	1	2	1	1	1	1	1	1	1	1	2	1	1	1	2	1	2	1	1	1	1	1	1	1	1	2	1	1	1	1	2	1	1	1	2	1	1	2	2	1	2	1	1	2	1	2	1	2	1	1	1	1	1
85	1	2	1	2	2	1	2	1	2	1	2	1	1	1	1	1	1	1	2	2	2	2	1	1	1	1	1	1	1	2	1	2	1	1	1	1	1	2	1	1	1	1	1	1	1	1	1	1	1	2	1	2	1	1	1	1	1	1	1	1	1	1	1	2	1	1	1	2	1	1	1	1	1	1	2	1	2	2	1	1	2	1	2	1	1	1	1	1	1	1	1	2	1	1	1	2	1	1	2	1	2	1	1	2	2	1	2	1	1	2	1	2	1	1	1	1	1	1	2
86	1	2	1	2	2	1	1	2	2	1	2	2	1	1	1	1	1	1	2	1	2	2	1	1	1	1	1	1	1	2	1	2	1	1	1	1	1	2	1	1	1	1	1	1	1	1	1	1	1	2	1	2	1	1	1	1	1	1	1	1	1	1	1	2	1	1	1	2	1	1	1	1	1	2	2	1	2	1	1	1	2	1	2	1	1	1	1	1	1	1	1	2	1	1	1	2	1	1	1	1	2	1	1	1	1	1	2	1	1	2	1	1	1	2	1	1	1	1	2
86	1	1	1	1	2	1	2	2	1	2	2	2	1	1	1	1	1	1	2	1	1	2	1	1	1	2	2	1	1	2	1	2	1	1	1	1	2	1	1	1	1	2	1	1	2	1	1	1	1	2	1	2	1	1	1	1	1	1	1	1	1	1	1	2	1	1	1	2	1	1	1	1	1	2	1	1	2	1	2	1	2	1	2	1	1	1	1	1	1	1	1	2	1	1	1	1	1	1	2	1	2	1	1	2	2	1	2	1	1	2	1	1	1	1	1	1	1	1	2
86	1	2	1	1	2	1	2	2	1	1	2	2	1	1	2	1	1	1	2	1	1	2	1	1	1	1	1	1	1	2	1	2	1	1	1	1	2	2	1	1	1	1	1	1	2	1	1	1	1	2	1	2	1	2	1	1	1	1	1	1	1	1	1	2	1	1	1	2	1	1	1	1	1	1	2	1	2	1	1	1	2	1	2	1	1	1	1	1	1	1	1	2	1	1	1	1	1	1	2	1	2	1	1	1	1	1	2	1	1	2	1	2	1	1	1	1	1	1	2
87	1	2	1	2	2	1	1	2	1	1	2	2	1	1	1	1	1	1	2	1	2	2	2	1	1	1	1	1	1	2	1	2	1	1	1	1	2	1	1	1	1	2	1	1	1	1	1	1	1	2	2	2	1	2	1	1	1	1	2	1	1	1	1	2	1	1	1	2	1	1	1	1	1	1	2	1	2	1	1	1	2	1	2	1	1	1	1	1	1	1	1	2	1	2	1	2	1	1	2	1	2	1	1	1	1	1	2	1	1	2	1	1	1	2	1	1	1	1	1
87	1	2	1	2	2	1	2	2	1	1	2	2	1	1	1	1	2	1	2	1	2	2	1	1	1	1	1	1	1	2	1	2	1	1	1	1	2	1	1	1	1	1	1	1	1	1	1	1	1	2	1	2	1	2	1	1	1	1	2	1	1	1	1	2	1	1	1	2	1	1	1	1	1	1	2	1	1	2	2	1	2	1	2	1	1	1	1	1	1	1	1	2	1	1	1	2	2	1	2	1	2	1	1	1	1	1	2	2	1	2	1	1	1	1	1	2	1	1	2
87	1	1	1	1	2	1	2	2	1	1	2	2	1	1	1	1	1	1	2	1	2	2	1	1	1	1	1	1	1	2	1	1	1	1	1	1	2	2	1	1	1	1	1	1	2	1	1	1	1	2	1	2	1	2	1	1	1	1	1	1	1	1	1	2	1	1	1	2	1	2	1	1	1	2	1	2	1	2	2	1	2	1	2	1	1	1	1	2	1	1	1	2	1	1	1	2	2	1	2	1	2	1	1	2	2	1	2	1	1	2	1	1	2	2	1	1	1	1	2
88	1	1	1	1	1	1	2	2	1	1	2	2	1	1	1	1	1	1	2	2	1	2	1	1	1	1	1	1	1	2	1	1	1	1	1	1	2	1	1	1	1	2	1	1	2	1	1	1	1	2	1	2	1	2	1	1	1	1	2	1	1	1	1	2	1	1	1	2	1	1	1	1	1	1	2	1	2	1	1	1	2	1	2	1	2	1	1	1	1	1	1	1	1	1	2	2	1	1	2	1	2	2	2	2	2	1	2	1	1	2	1	2	1	1	1	1	1	1	1
88	1	2	2	1	2	1	2	1	1	1	2	2	1	1	2	1	1	1	2	2	1	2	1	1	1	1	1	1	1	2	1	1	1	1	1	1	2	1	1	1	1	1	1	1	2	1	1	1	1	2	1	2	1	1	1	1	1	1	2	1	1	1	1	2	1	1	1	2	1	1	1	1	1	2	2	1	2	1	1	1	2	1	2	2	2	1	1	1	1	1	1	2	1	1	2	2	1	1	2	1	2	1	2	2	2	1	2	1	1	2	1	1	1	1	1	1	1	1	1
88	1	1	2	1	1	1	2	2	1	1	2	2	1	1	1	1	1	1	2	2	1	2	1	1	1	2	1	1	1	2	1	1	1	1	1	1	2	1	1	1	1	2	1	1	2	1	1	1	1	2	1	1	1	1	1	1	1	1	2	2	1	1	1	2	1	1	1	2	1	1	1	1	1	1	2	1	2	1	1	1	1	1	2	1	1	1	1	1	1	1	1	2	1	1	1	2	1	1	2	1	2	1	2	2	2	1	2	1	1	2	1	2	1	1	1	1	1	2	1
89	1	2	1	1	1	1	2	1	1	1	2	2	1	1	2	1	1	1	2	2	1	2	1	1	1	1	1	1	1	2	1	1	1	1	1	1	2	2	1	1	1	2	1	1	2	1	1	1	1	2	1	2	1	1	1	1	1	1	1	1	1	1	1	1	1	1	1	2	1	2	1	1	1	1	2	1	2	1	1	1	2	1	2	1	1	1	1	1	1	1	1	2	1	1	1	1	1	1	2	1	2	2	1	2	2	1	2	1	1	2	1	2	1	1	1	1	1	1	1
89	1	2	1	1	1	1	2	1	1	1	1	1	1	2	1	1	1	1	2	2	1	2	1	1	1	2	2	1	1	2	1	1	1	1	1	1	2	1	1	1	1	1	1	1	2	1	1	1	1	2	1	2	1	1	1	1	1	1	1	1	1	1	1	1	1	1	1	2	1	2	1	1	1	1	2	1	1	1	2	1	1	1	2	1	1	1	1	1	1	1	1	2	1	1	1	1	1	1	2	1	2	1	1	2	2	1	2	1	1	2	1	1	1	1	1	1	1	1	1
89	1	2	2	1	1	1	2	1	1	1	2	2	1	1	1	1	1	1	2	1	1	1	1	1	1	1	1	1	1	2	2	1	1	1	1	1	2	1	1	1	1	2	1	1	2	1	1	1	1	2	1	2	1	1	1	1	1	1	1	1	1	1	1	2	1	1	1	2	1	1	1	1	1	1	2	2	1	1	2	1	2	1	2	1	1	1	1	1	1	1	1	2	1	1	1	1	1	1	2	1	2	2	1	2	2	1	2	1	1	2	1	2	1	1	1	1	1	1	1
90	1	2	1	2	1	1	1	2	1	1	2	1	1	1	1	1	2	1	2	2	1	1	1	1	1	1	1	1	1	2	2	1	1	1	1	1	2	1	1	1	1	1	1	1	2	1	1	1	1	2	1	2	1	1	1	1	1	1	2	1	2	1	2	2	1	1	1	2	1	1	1	1	1	2	2	1	2	1	1	1	2	1	2	1	1	1	1	1	1	1	1	1	1	1	2	2	1	1	2	1	2	1	1	2	2	1	2	1	1	1	1	2	1	1	1	1	1	1	1
90	1	2	1	1	1	1	1	2	1	1	2	1	1	1	1	1	1	1	2	2	1	1	1	1	1	1	1	1	1	2	1	1	1	1	1	1	2	1	1	1	1	1	1	1	1	1	1	1	1	2	1	2	1	1	1	1	1	1	2	1	1	1	1	2	1	2	1	2	1	1	1	1	1	1	2	1	2	1	1	1	2	1	2	1	1	1	1	1	1	1	1	2	1	1	1	2	1	1	2	1	2	1	1	2	2	1	2	1	1	1	1	2	1	1	1	1	1	1	1
90	1	2	2	2	2	1	2	1	1	1	2	2	1	1	1	1	2	1	2	2	1	1	2	1	1	1	1	1	1	2	2	1	1	1	1	1	2	1	1	1	1	2	1	1	1	1	1	1	1	2	1	2	1	2	1	1	1	1	2	1	1	1	1	2	1	1	1	2	1	1	1	1	1	1	2	1	2	2	1	1	2	1	2	1	1	1	1	1	1	1	1	2	1	1	1	2	2	1	2	1	2	1	2	2	2	1	2	1	1	1	1	2	1	1	1	1	1	1	1
91	1	2	1	1	1	1	1	1	2	1	2	2	1	2	1	1	1	1	2	1	1	2	1	1	1	1	1	1	1	2	2	1	2	1	1	1	2	1	1	1	1	1	1	1	2	1	1	1	1	1	1	1	1	2	1	1	1	1	1	1	1	1	1	2	1	1	2	2	1	1	1	1	1	1	2	1	1	2	1	1	2	1	2	1	1	1	1	1	1	1	1	2	1	1	1	2	1	1	2	1	2	1	1	2	2	1	2	1	1	2	1	1	1	1	1	1	1	1	1
91	1	2	2	1	1	1	2	2	2	1	2	2	1	2	1	1	2	1	2	1	1	1	1	1	1	1	1	1	1	2	2	1	2	2	1	1	2	1	1	1	1	1	1	1	2	1	1	1	1	2	1	1	1	2	1	1	1	1	1	1	1	1	1	2	1	1	1	2	1	2	1	1	1	1	2	1	2	1	1	1	2	1	2	1	1	1	1	1	1	1	1	2	1	1	2	2	2	1	2	1	2	2	1	2	2	1	2	1	1	2	1	2	1	1	1	1	1	1	1
91	1	2	2	1	2	1	2	1	1	1	2	2	1	1	2	1	1	1	2	2	1	1	1	1	1	1	1	1	1	2	1	1	1	1	1	1	2	2	1	2	1	2	1	1	2	1	1	1	1	2	1	2	1	1	1	1	1	1	1	1	1	1	1	2	1	1	1	2	1	1	1	1	1	1	1	1	1	2	1	1	2	1	2	1	1	1	1	1	1	1	1	2	1	1	1	2	1	1	2	1	2	1	1	2	2	1	2	1	1	2	1	2	1	2	1	1	1	1	1
92	1	2	2	1	1	1	2	1	1	1	2	2	1	2	1	1	2	1	2	2	1	2	1	1	1	1	1	1	1	2	1	1	1	1	1	1	2	1	1	1	1	2	1	1	2	1	1	1	1	2	1	2	1	1	1	1	1	1	1	1	1	1	1	2	1	1	1	2	1	1	1	1	1	1	2	1	2	1	2	1	1	1	2	2	1	1	1	1	1	1	1	2	1	1	1	1	2	1	2	1	2	1	2	2	2	1	2	1	1	2	1	1	1	1	1	1	1	1	1
92	1	1	1	1	1	1	2	1	1	1	2	2	1	1	2	1	1	1	2	2	1	1	2	1	1	1	1	1	1	2	1	1	1	1	2	1	1	1	1	1	1	1	1	1	2	1	1	1	1	2	1	1	1	2	1	2	1	1	1	1	1	1	1	2	1	1	1	2	1	1	1	2	1	1	2	1	1	1	2	1	1	1	2	2	2	1	1	1	1	1	1	2	1	1	1	2	2	1	2	1	2	1	1	2	2	1	2	1	1	2	1	1	1	1	1	1	1	1	1
92	1	2	1	1	1	1	2	1	1	1	2	2	1	1	2	1	1	1	2	1	1	1	2	1	1	1	1	1	1	2	1	1	1	1	1	1	2	1	1	1	1	2	1	1	2	1	1	1	1	2	1	2	1	1	1	2	1	1	1	1	1	1	1	2	1	1	1	2	1	2	1	2	1	1	2	1	2	2	1	1	1	1	2	2	1	1	1	1	1	1	1	2	1	1	1	1	2	1	2	1	2	2	1	2	2	1	2	1	1	2	1	1	1	1	1	1	1	2	1
93	1	1	2	1	1	1	2	1	2	1	2	2	1	1	1	1	1	1	2	1	2	1	2	1	1	2	1	1	1	2	1	1	1	1	1	1	1	2	1	1	1	2	1	1	2	1	1	1	1	2	1	1	1	1	1	1	1	1	1	1	1	1	1	2	1	1	1	2	1	2	1	1	1	1	2	1	2	2	1	1	2	1	2	1	1	1	1	1	1	1	1	2	1	1	1	1	1	1	2	1	2	1	2	2	2	1	2	1	1	2	1	1	1	1	1	1	1	1	1
93	1	2	1	1	1	1	2	1	2	1	2	2	1	1	1	1	2	1	2	1	1	1	1	1	1	1	1	1	1	2	1	2	1	1	1	1	2	2	1	1	1	2	1	1	2	1	1	1	1	2	1	2	1	1	1	1	1	1	1	1	1	1	1	2	1	1	1	2	1	1	1	1	1	1	2	1	1	2	2	1	2	1	2	2	2	1	1	1	1	1	1	2	1	1	1	1	2	1	2	1	2	1	1	2	2	1	2	1	1	2	1	2	1	1	1	1	1	1	1
93	1	2	2	1	2	1	2	1	2	1	2	1	1	2	2	1	1	1	2	1	2	2	1	1	1	2	1	1	1	2	1	1	1	1	1	1	2	1	1	1	1	1	1	1	2	1	2	1	1	2	1	2	1	2	1	1	1	1	1	1	1	1	1	2	1	1	1	2	1	1	1	1	1	1	2	1	1	2	2	1	2	1	2	1	1	1	1	1	1	1	1	2	1	1	1	2	1	1	2	1	2	1	2	2	2	1	2	1	1	2	1	1	1	1	1	1	1	1	1
94	2	1	2	1	1	1	2	2	2	1	2	1	1	1	2	1	2	1	2	1	2	2	1	1	1	1	1	1	1	2	1	2	1	1	1	1	1	1	1	1	1	2	1	1	2	1	1	1	1	2	1	2	1	2	1	1	1	1	2	1	1	1	1	2	1	1	1	2	1	2	1	1	1	1	2	1	2	1	2	1	2	1	2	1	1	1	1	1	1	1	1	2	1	1	1	2	1	1	2	1	2	1	1	2	2	1	2	1	1	2	1	1	1	2	1	1	1	1	1
94	1	1	2	1	1	1	2	2	2	1	2	2	1	1	2	1	2	1	2	2	1	1	1	1	1	1	1	1	1	2	1	1	1	1	1	1	1	1	1	1	1	1	1	1	1	1	1	1	1	1	1	2	1	1	1	1	1	1	1	1	1	1	1	2	1	1	1	1	1	1	1	1	1	1	1	1	1	1	1	1	1	1	2	2	1	1	1	1	1	1	1	2	1	1	1	2	1	1	2	1	2	1	2	2	2	1	2	1	1	2	1	1	1	1	1	1	1	1	1
94	1	2	2	1	2	1	2	2	1	1	2	2	1	1	2	1	1	1	1	1	2	2	1	1	1	1	1	1	1	2	1	2	1	1	1	1	2	2	1	1	1	1	1	1	1	1	1	1	1	1	1	2	1	2	1	2	1	1	1	1	1	1	1	2	1	1	1	2	1	1	1	1	1	1	2	1	1	1	1	1	1	1	2	1	1	1	1	2	1	1	1	2	1	1	1	2	1	1	2	1	2	1	1	2	2	1	2	1	1	2	1	2	1	2	1	1	2	1	1
95	1	1	1	1	2	1	1	2	2	1	2	1	1	1	1	2	1	1	2	2	2	2	1	1	1	1	1	1	1	2	1	2	1	1	1	1	2	2	1	1	1	1	1	1	2	1	1	1	1	2	1	2	1	2	1	1	1	1	1	1	1	1	1	2	1	1	1	2	1	2	1	1	1	1	2	1	2	1	1	1	2	1	2	1	1	1	1	1	1	1	1	2	1	1	1	2	1	1	2	1	2	1	1	2	2	1	2	1	1	2	1	1	1	2	1	1	2	1	2
95	1	1	1	1	1	1	2	1	2	1	2	1	1	1	1	1	1	1	2	2	2	2	1	1	1	1	1	1	1	2	1	1	1	1	1	1	1	2	1	1	1	2	1	1	1	1	1	1	1	2	1	2	1	1	1	1	1	1	1	1	1	1	1	2	1	1	1	2	1	1	1	1	1	1	1	1	2	2	1	1	2	1	2	1	1	1	1	1	1	1	1	2	1	1	1	2	1	1	2	1	2	1	1	2	2	1	2	1	1	2	1	1	1	1	1	2	2	1	2
95	1	2	1	2	2	1	1	2	1	1	2	2	1	1	1	2	1	1	2	2	2	2	1	1	1	1	1	1	1	2	1	1	1	1	1	1	1	2	1	2	1	1	1	2	1	1	2	1	1	2	1	2	1	1	2	1	1	1	2	1	1	1	1	2	2	1	1	2	1	2	1	1	1	1	1	2	2	2	2	1	2	1	2	1	1	1	2	2	1	1	1	2	1	1	1	2	1	1	1	2	2	1	1	1	1	1	2	2	1	2	1	1	1	2	1	1	2	1	1
96	1	1	2	1	2	1	2	1	1	2	2	2	2	1	1	2	1	1	2	1	1	1	1	1	2	1	1	1	1	2	1	1	1	1	1	1	2	1	1	1	1	2	1	1	1	1	1	1	1	2	1	2	1	1	1	1	1	1	2	2	1	1	1	1	1	1	1	2	1	1	1	1	1	1	2	1	1	2	2	1	2	1	2	2	2	1	1	2	1	1	1	2	1	1	1	1	1	1	2	1	2	1	2	2	2	1	2	1	1	2	1	1	2	1	1	1	1	1	2
96	1	1	2	1	2	1	2	1	1	2	2	2	2	1	1	2	1	1	2	1	1	1	1	1	2	1	1	1	1	2	1	1	1	1	1	1	2	1	1	1	1	2	1	1	1	1	1	1	1	1	1	2	1	1	1	1	1	1	2	2	1	1	1	1	1	1	1	2	1	1	1	1	1	1	2	1	1	2	2	1	2	1	2	2	2	1	1	2	1	1	1	2	1	1	1	1	1	1	2	1	2	1	2	2	2	1	2	1	1	2	1	1	2	1	1	1	1	1	2
96	1	1	2	1	2	1	2	1	1	2	2	2	2	1	1	2	1	1	2	1	1	1	1	1	2	1	1	1	1	2	1	1	1	1	1	1	2	1	1	1	1	2	1	1	1	1	1	1	1	2	1	2	1	1	1	1	1	1	2	2	1	1	1	1	1	1	1	2	1	1	1	1	1	1	2	1	1	2	2	1	2	1	2	2	2	1	1	2	1	1	1	2	1	1	1	1	1	1	2	1	2	1	2	2	2	1	2	1	1	2	1	1	2	1	1	1	1	1	2
97	1	2	2	1	1	1	2	1	1	1	2	2	1	1	1	1	1	1	2	2	1	2	1	1	1	1	1	1	1	2	1	1	1	1	1	1	2	2	1	1	1	1	1	1	2	1	1	1	1	2	1	1	1	1	1	1	1	1	1	1	1	1	1	2	1	2	1	2	1	1	1	1	1	1	2	1	2	1	1	1	2	1	2	1	1	1	1	1	1	1	1	1	1	1	1	2	1	1	2	1	2	1	1	2	2	1	2	1	1	1	1	2	1	1	1	1	1	1	1
97	1	2	2	1	1	1	2	2	1	1	2	2	1	1	1	1	2	1	2	2	1	2	1	1	1	2	1	1	1	2	1	1	1	1	1	1	2	1	1	1	1	2	1	1	2	1	1	1	1	2	1	2	1	2	1	1	1	1	1	1	1	1	1	2	1	1	1	2	1	1	1	1	1	2	2	1	2	1	1	1	2	1	2	1	1	1	1	1	1	1	1	1	1	1	2	2	1	1	2	1	2	1	1	2	2	1	2	1	1	1	1	2	1	1	1	1	1	1	1
97	1	2	2	2	1	1	2	1	2	1	1	2	1	1	1	1	1	1	2	2	1	2	1	1	1	1	1	1	1	2	1	1	1	1	1	1	2	2	1	1	1	2	1	1	2	1	1	1	1	2	1	2	1	1	1	1	1	1	1	1	1	1	1	2	1	1	1	2	1	1	1	1	1	2	2	1	2	1	1	1	2	1	2	1	1	1	1	1	1	1	1	2	1	1	1	1	1	1	2	1	2	1	1	2	2	1	2	1	1	2	1	2	1	1	1	1	1	1	1
98	1	2	2	1	1	1	2	1	1	1	2	2	1	1	1	1	1	1	2	2	1	2	1	1	1	2	2	1	1	2	1	1	1	2	1	1	2	2	1	1	1	1	2	1	2	1	1	1	1	2	1	2	1	1	1	1	1	1	1	1	1	1	2	2	1	1	1	2	1	1	1	2	1	1	2	1	2	2	1	1	2	1	2	1	1	1	1	1	1	1	1	2	1	1	1	2	1	1	2	1	2	2	1	2	2	1	2	1	1	2	1	2	1	1	1	1	1	2	1
98	1	2	2	1	1	1	2	1	1	1	2	2	1	1	1	1	1	1	2	2	1	2	1	1	1	2	1	1	1	2	1	1	1	2	1	1	2	2	1	1	1	1	1	1	2	1	1	1	1	2	1	2	1	1	1	1	1	1	2	1	1	1	2	2	1	1	1	2	1	1	1	2	1	1	2	1	2	2	1	1	2	1	2	1	1	1	1	1	1	1	1	2	1	1	1	2	1	1	2	1	2	2	1	2	2	1	2	1	1	2	1	2	1	1	1	1	1	1	1
98	1	2	2	1	1	1	2	2	1	1	2	2	1	1	1	1	1	1	2	1	1	1	1	1	1	1	1	1	1	2	2	1	1	1	1	1	2	1	1	1	1	1	1	1	2	1	1	1	1	2	1	1	1	1	1	1	1	1	1	1	1	1	1	1	1	1	1	2	1	1	1	1	1	2	2	1	2	1	1	1	2	1	2	1	1	1	1	1	1	1	1	2	1	1	2	1	1	1	2	1	2	2	1	2	2	1	2	1	1	2	1	1	1	1	1	1	1	1	1
99	1	1	2	1	1	1	2	2	1	1	2	2	1	1	1	1	2	1	2	2	1	2	1	1	1	2	1	1	1	2	1	1	1	2	1	2	2	1	1	2	1	1	1	1	2	1	1	1	1	2	1	1	1	1	1	1	1	1	2	1	1	1	1	2	1	1	1	2	1	2	1	1	1	1	2	2	1	1	2	1	2	1	2	1	1	1	1	2	1	1	1	2	1	1	1	2	1	1	2	1	2	2	1	2	2	1	2	1	1	2	1	2	1	1	1	1	1	1	1
99	1	2	2	1	2	1	2	1	1	1	2	1	1	2	1	1	2	1	2	1	1	2	1	1	1	1	1	1	1	2	1	1	1	1	1	1	2	1	1	1	1	1	1	1	2	1	1	1	1	2	1	2	1	2	1	1	1	1	1	1	1	1	1	2	1	1	1	2	1	2	1	1	1	2	2	1	2	2	1	1	2	1	2	1	1	1	1	1	1	1	1	2	1	1	1	1	1	1	2	1	2	1	2	2	2	1	2	1	1	2	1	2	1	1	1	1	1	1	1
99	1	2	2	1	2	1	2	2	1	1	2	2	1	2	1	1	2	1	2	2	1	1	1	1	1	2	1	1	1	2	1	1	1	2	1	1	2	1	1	1	1	2	1	1	2	1	1	1	1	2	1	2	1	1	1	1	1	1	1	1	1	1	1	2	1	1	1	2	1	1	1	1	1	1	2	1	2	1	1	1	2	1	2	2	1	1	1	1	1	1	1	2	1	1	1	2	1	1	2	1	2	1	1	2	2	1	2	1	1	2	1	2	1	1	1	1	1	1	1
100	1	1	1	1	2	1	2	2	1	1	2	1	1	2	1	2	1	1	2	2	2	2	1	1	1	1	1	1	1	2	1	2	1	1	1	1	2	1	1	2	1	1	1	1	2	1	1	1	1	2	1	2	1	1	1	1	1	1	1	1	1	1	1	2	1	1	1	2	1	1	1	1	1	1	2	1	1	2	1	1	2	1	2	2	1	1	1	1	1	1	1	1	1	1	2	2	1	1	1	1	2	1	1	2	2	1	2	1	1	2	1	1	1	2	1	1	1	1	1
100	1	2	2	1	1	1	2	2	1	1	2	2	1	1	1	1	1	1	2	1	1	2	1	1	1	1	1	1	1	2	1	1	1	1	1	1	2	1	1	1	1	1	1	1	2	1	1	1	1	2	1	2	1	1	1	1	1	1	2	1	1	1	1	2	1	1	1	2	1	2	1	1	1	1	2	1	1	2	1	1	1	1	2	1	2	1	1	1	1	1	1	2	1	1	2	2	2	1	2	1	2	1	1	2	2	1	2	1	1	2	1	2	1	1	1	1	1	1	1
100	1	1	2	1	1	1	2	1	2	1	2	1	1	2	2	1	1	1	2	2	1	2	1	1	1	1	1	1	1	2	1	1	1	1	1	1	2	1	1	2	1	1	1	1	2	1	1	1	1	2	1	1	1	1	1	1	1	1	1	1	1	1	1	1	1	1	1	2	1	1	1	1	1	1	2	1	2	1	2	1	2	1	2	1	1	1	1	1	1	1	1	2	1	1	2	2	1	1	1	1	2	1	1	2	2	1	2	1	1	2	1	1	1	1	1	1	1	1	1
101	1	1	2	1	2	1	2	2	2	1	2	1	1	1	1	1	2	1	2	1	2	2	1	1	1	1	1	1	1	2	1	1	1	1	1	1	2	1	1	1	1	1	1	1	2	1	1	1	1	2	1	2	1	1	1	2	1	1	1	2	1	1	1	2	1	1	1	2	1	1	1	1	1	1	2	1	1	2	2	1	2	1	2	1	1	1	1	1	1	1	1	2	1	1	1	2	1	1	2	1	2	1	1	2	2	1	2	1	1	2	1	1	1	1	1	1	1	1	2
101	1	1	2	2	1	1	2	2	2	1	2	1	1	1	1	1	2	1	2	1	1	2	1	1	1	1	1	1	1	2	1	1	1	1	1	1	2	2	1	1	1	1	1	1	1	1	1	1	1	2	1	2	1	2	1	2	1	1	2	1	1	1	1	2	1	1	1	2	1	1	1	1	1	1	1	1	1	2	2	1	2	1	2	1	1	1	1	1	1	1	1	2	1	1	1	2	1	1	2	1	2	1	1	2	2	1	2	1	1	2	1	1	1	1	1	1	1	1	1
101	1	2	1	1	2	1	2	2	2	1	2	2	1	1	1	1	1	1	2	1	1	1	1	1	1	1	1	1	1	2	1	1	1	1	1	1	2	1	1	1	1	1	1	1	1	1	1	1	1	2	1	2	1	2	1	2	1	1	2	1	1	1	1	2	1	1	1	2	1	1	1	1	1	1	2	1	1	2	2	1	2	1	2	1	1	1	1	1	1	1	1	2	1	1	1	2	1	1	2	1	2	1	2	2	2	1	2	1	1	1	1	2	1	1	1	1	1	1	2
102	1	1	2	1	1	1	2	2	2	1	2	2	1	1	2	1	1	1	2	2	1	1	1	1	1	2	1	1	1	2	1	1	1	1	1	1	2	1	1	1	1	1	2	1	2	1	1	1	1	2	1	1	1	1	1	1	1	1	1	1	1	1	1	2	1	2	1	2	1	1	1	1	1	2	2	1	2	2	2	1	2	1	2	2	1	1	1	1	1	1	1	2	1	1	1	1	1	1	2	1	2	1	1	2	2	1	2	1	1	2	1	2	1	1	1	1	1	1	1
102	1	2	2	1	1	1	2	2	2	1	2	2	1	1	1	1	1	1	2	2	1	1	1	1	1	1	1	1	1	2	1	1	1	1	1	1	2	1	1	1	1	2	2	1	2	1	1	1	1	2	1	2	1	1	1	1	1	1	2	2	1	1	1	2	1	1	1	2	1	1	1	1	1	2	2	1	2	1	1	1	2	1	2	2	1	1	1	2	1	2	1	2	1	1	1	1	1	1	2	1	2	1	1	2	2	1	2	1	1	2	1	1	1	1	1	1	1	2	1
102	1	2	1	1	1	1	1	2	2	1	2	2	1	1	1	1	1	1	2	1	1	1	1	1	1	2	1	1	1	2	1	1	1	1	1	1	2	1	1	1	1	2	2	1	1	1	1	1	1	2	1	2	1	2	1	1	1	1	2	2	1	1	1	1	2	2	1	2	1	1	1	1	1	1	2	1	1	2	2	1	1	1	2	1	1	1	1	2	1	2	1	2	1	1	1	1	1	1	2	1	2	1	1	2	2	1	2	1	1	1	1	2	1	1	1	1	1	1	1
103	1	2	2	1	2	1	2	1	2	1	2	2	2	1	1	1	1	1	2	2	1	2	1	1	1	1	1	1	1	2	2	1	1	1	1	1	2	2	1	1	1	1	1	1	1	1	1	1	1	2	1	1	1	1	1	2	1	1	2	1	1	1	1	2	1	1	1	2	1	2	1	1	1	1	2	1	1	2	1	1	1	1	2	1	1	1	1	1	1	1	1	1	1	1	1	1	2	1	2	1	2	1	1	2	2	1	2	1	1	2	1	1	1	1	1	1	1	1	1
103	1	2	2	1	1	1	2	1	1	1	1	2	1	1	2	1	1	1	2	2	1	2	1	1	1	1	1	1	1	2	1	1	1	1	1	1	2	1	1	1	1	2	1	1	2	1	2	1	1	2	1	2	1	1	1	1	1	1	2	1	1	1	1	2	1	1	1	2	1	1	1	1	1	2	2	1	2	2	2	1	2	1	2	1	1	1	1	1	1	1	1	2	1	1	1	2	1	1	2	1	2	1	1	2	2	1	2	1	1	2	1	1	1	2	1	1	1	2	1
103	1	2	1	1	1	1	2	1	1	1	2	2	1	1	1	1	2	1	2	2	2	2	1	1	1	1	1	1	1	2	1	1	1	1	1	1	2	1	1	1	1	1	1	1	2	1	1	1	1	2	1	1	1	1	1	1	1	1	1	1	1	1	1	2	1	1	1	2	1	1	1	1	1	1	1	1	2	2	1	1	2	1	2	1	1	1	1	2	1	1	1	2	1	1	1	2	2	1	2	1	2	1	1	2	2	1	2	1	1	2	1	2	1	1	1	1	1	1	1
104	1	2	1	1	1	1	2	1	1	1	2	2	1	1	1	1	1	1	2	1	1	1	1	1	1	1	1	1	1	2	1	1	1	2	1	1	2	1	1	1	1	1	1	1	2	1	1	1	1	2	1	2	1	1	1	1	1	1	2	1	1	1	1	2	1	1	1	2	1	1	1	1	1	2	2	1	2	2	1	1	2	1	2	2	1	1	1	1	1	1	1	2	1	1	2	2	2	1	2	1	2	1	2	2	2	1	2	1	1	1	1	2	1	1	1	1	1	1	1
104	1	2	2	1	1	1	2	1	1	1	2	2	1	1	1	1	2	1	2	2	1	2	1	1	1	1	1	1	1	2	1	1	1	2	1	1	2	1	1	2	1	2	1	1	2	1	1	1	1	2	1	2	1	2	1	1	1	1	2	1	1	1	1	2	1	1	1	2	1	2	1	1	1	2	2	1	2	2	1	1	1	1	2	2	1	1	1	1	1	1	1	2	1	1	2	1	2	1	2	1	2	2	2	2	2	1	2	1	1	2	1	2	1	1	1	1	1	1	1
104	1	2	2	2	1	1	2	1	2	1	2	1	1	1	1	1	2	1	2	1	1	1	1	1	1	2	1	1	1	2	1	1	1	1	1	1	1	2	1	2	1	1	1	1	1	1	1	1	1	2	1	2	1	1	1	2	1	1	2	2	1	1	1	1	1	1	1	2	1	2	1	1	1	1	2	1	2	1	1	1	2	1	2	2	1	1	1	1	1	1	1	1	1	1	1	2	2	1	2	1	2	2	2	2	2	1	2	1	1	1	1	2	1	1	1	1	1	1	1
105	1	2	2	1	1	1	2	2	1	2	2	2	1	1	1	2	1	1	2	2	2	1	1	1	1	1	1	1	1	2	1	1	1	1	1	1	2	1	1	1	1	2	1	1	1	1	1	1	1	2	1	2	1	1	1	1	1	1	2	1	1	1	1	1	1	2	1	2	1	1	1	1	1	1	2	1	1	2	2	1	1	1	2	1	2	2	1	2	1	2	1	2	1	2	2	1	1	1	2	1	2	1	2	2	2	1	2	1	1	1	1	2	2	1	1	1	1	1	1
105	1	1	1	1	1	1	2	2	1	2	2	2	1	1	1	2	2	1	2	2	1	1	1	1	1	1	1	1	1	2	1	1	1	1	1	1	2	1	1	1	1	1	1	1	2	1	1	2	1	1	1	2	1	1	1	1	1	1	2	2	1	1	1	1	2	1	1	2	1	1	1	1	1	1	1	1	1	2	2	1	1	1	2	2	2	2	1	1	1	2	1	2	1	1	1	1	1	1	2	1	2	1	1	2	2	1	2	1	1	2	1	2	2	1	1	1	1	2	1
105	1	2	1	2	1	1	2	2	1	1	2	1	1	1	1	2	2	1	2	2	1	1	1	1	1	1	1	1	1	2	1	1	1	1	1	1	2	1	1	1	1	1	1	1	1	1	1	1	1	2	1	2	1	1	1	1	1	1	1	2	1	1	1	1	2	1	1	2	1	1	1	1	1	1	2	1	2	1	2	1	1	1	2	2	2	1	1	1	1	2	1	1	1	1	2	1	1	1	2	1	2	1	1	2	2	1	2	1	1	1	1	2	2	1	1	1	1	2	1
106	1	2	2	1	2	1	2	2	1	1	2	2	1	1	1	1	1	1	2	1	1	1	2	1	1	1	1	1	1	2	1	1	1	1	1	1	2	1	1	1	1	2	1	1	2	1	1	1	1	2	1	2	1	1	1	1	1	1	1	2	1	1	1	2	1	2	1	2	1	1	1	1	1	1	2	1	1	2	2	1	2	1	2	1	2	1	1	1	1	1	1	1	1	1	1	2	1	1	1	1	2	1	2	2	2	1	2	1	1	2	1	2	1	1	1	1	1	1	1
106	1	2	2	1	2	1	2	2	2	1	2	2	1	1	1	1	1	1	2	2	1	1	1	1	1	1	1	1	1	2	1	1	1	1	1	1	2	1	1	1	1	1	1	1	1	1	1	1	1	2	1	2	1	1	1	1	1	1	2	2	1	1	1	2	1	1	1	2	1	2	1	2	1	1	1	1	1	2	2	1	2	1	2	2	1	1	1	1	1	1	1	2	1	1	1	1	1	1	1	1	2	1	1	2	2	1	2	1	1	2	1	1	1	1	1	1	1	1	1
106	1	2	1	1	1	1	2	2	2	1	2	2	1	1	1	1	1	1	2	2	2	1	1	1	1	1	1	1	1	2	1	1	1	1	1	1	2	2	1	1	1	2	1	1	2	1	1	1	1	2	1	2	1	1	1	1	1	1	2	1	1	1	1	2	1	1	1	2	1	2	1	1	1	2	2	1	1	2	1	1	2	1	2	2	2	1	1	1	1	1	1	2	1	1	1	2	1	1	2	1	2	1	1	2	2	1	2	1	1	1	1	2	1	1	1	1	1	1	1
107	1	1	2	1	1	1	2	2	1	2	2	2	2	1	2	1	1	1	2	1	1	2	1	1	1	1	1	1	1	2	1	1	2	1	1	1	1	2	1	1	1	1	2	1	2	1	1	1	1	2	1	2	1	1	1	1	1	1	2	2	1	1	1	2	1	1	1	2	1	2	1	1	1	1	1	1	2	2	1	1	2	1	2	1	2	1	1	2	1	1	1	2	1	1	1	2	1	1	2	1	2	1	2	2	2	2	2	1	1	2	1	2	1	1	1	1	1	1	1
107	1	1	2	1	1	1	2	2	1	1	2	2	2	1	2	1	2	1	2	1	1	2	1	1	1	1	1	1	1	2	1	1	2	1	1	1	1	2	1	1	1	1	2	1	1	1	1	1	1	2	1	2	1	1	1	1	1	1	2	1	1	1	1	2	1	1	1	2	1	2	1	1	1	2	1	1	1	2	1	1	2	1	2	1	2	1	1	2	1	1	1	2	1	1	2	1	1	1	1	1	2	1	1	2	2	1	2	1	1	2	1	1	1	1	1	1	1	2	1
107	1	1	2	1	1	1	2	2	1	1	2	2	1	1	2	2	1	1	2	1	2	2	1	1	1	2	1	1	1	2	1	1	1	1	1	1	1	2	1	1	1	1	1	1	2	1	1	1	1	2	1	2	1	1	1	1	1	1	2	1	1	1	1	1	1	2	1	2	1	2	1	1	1	1	1	1	2	1	2	1	2	1	2	2	2	1	1	2	1	2	1	2	1	1	1	1	1	1	2	1	2	1	1	2	2	1	2	1	1	2	1	2	1	1	1	1	1	1	1
108	1	1	1	1	1	1	1	2	1	2	2	2	1	1	1	1	1	1	2	1	1	1	1	1	2	1	1	1	1	2	1	1	1	1	1	1	1	2	1	1	1	1	1	1	1	1	1	1	1	2	1	2	1	1	1	1	1	1	2	2	1	1	1	1	1	1	1	2	1	1	1	1	1	1	2	1	1	2	2	1	2	1	2	2	1	1	1	2	1	1	1	2	1	1	1	1	1	1	2	1	2	1	1	2	2	1	2	1	1	2	1	1	1	1	1	1	1	1	1
108	1	2	1	1	2	1	1	2	1	2	2	1	1	1	1	1	2	1	2	1	1	1	1	1	2	1	1	1	1	2	1	1	1	1	1	1	1	2	1	1	1	2	2	1	1	1	1	1	1	2	1	1	1	1	1	1	1	1	2	2	1	1	1	1	1	1	1	2	1	1	1	1	1	1	1	1	1	2	2	1	2	1	2	1	2	1	1	2	1	2	1	2	1	2	2	1	1	1	2	1	2	1	2	2	2	1	2	1	1	1	1	2	1	1	1	1	1	1	2
108	1	2	1	1	1	1	2	2	1	2	2	2	1	1	1	2	1	1	2	1	1	1	1	1	2	2	1	1	1	2	1	1	1	1	1	1	2	1	1	1	1	1	1	1	1	1	1	1	1	2	1	2	1	1	1	1	1	1	2	2	1	1	1	1	1	2	1	2	1	1	1	1	1	1	2	1	1	2	2	1	1	1	2	2	2	1	1	2	1	1	1	2	1	2	1	1	1	1	1	1	2	1	2	2	2	1	2	1	1	2	1	1	2	1	1	1	1	1	1
109	1	1	1	1	2	1	1	2	2	2	2	1	1	1	1	2	1	1	2	1	1	1	2	1	1	2	1	1	1	2	1	1	1	1	1	1	2	2	1	1	1	2	2	1	1	1	1	2	1	2	1	2	1	1	1	1	1	1	2	1	1	1	1	2	1	1	1	2	1	1	1	1	1	1	2	1	1	2	2	1	2	1	2	2	2	1	1	2	1	1	1	2	1	1	2	2	1	1	2	1	2	1	1	2	2	1	2	1	1	2	1	1	1	1	1	1	1	2	2
109	1	2	1	1	2	1	2	2	1	1	2	2	1	1	2	1	2	1	2	1	2	1	1	1	1	1	1	1	1	2	1	1	1	1	1	1	2	2	1	1	1	1	1	1	1	1	1	1	1	2	1	2	1	1	1	1	1	1	1	2	1	1	1	1	1	1	1	2	1	2	1	1	1	1	2	1	2	2	2	1	1	1	2	2	1	1	1	2	1	1	1	2	1	1	1	1	1	1	1	1	2	1	1	2	2	1	2	1	1	1	1	2	1	1	1	1	1	1	1
109	1	2	1	1	1	1	2	1	1	2	2	2	1	1	1	1	2	1	2	2	1	1	1	1	1	2	1	1	1	2	1	1	2	1	1	1	2	1	1	1	1	1	2	1	1	1	1	1	1	2	1	2	1	1	1	1	1	1	2	2	1	1	1	1	1	2	1	2	1	2	1	1	1	1	2	1	2	2	1	1	1	1	2	1	2	1	1	2	1	2	1	2	1	1	1	1	1	1	2	1	2	1	1	2	2	1	1	1	1	2	1	2	1	1	1	1	1	1	1
110	1	2	2	1	2	1	2	2	1	1	2	2	1	1	2	2	2	1	2	2	1	2	2	1	1	2	1	1	1	2	1	1	1	1	1	1	1	2	1	2	1	2	2	1	2	1	2	1	1	2	1	2	1	2	1	1	1	1	2	1	1	1	1	2	1	1	1	2	1	1	1	1	1	1	2	1	2	1	2	1	1	1	2	1	2	1	1	2	1	2	1	2	1	1	1	2	1	1	2	1	2	2	1	2	2	1	2	1	1	1	1	2	1	1	1	1	1	2	1
110	1	1	2	1	1	1	2	2	1	1	2	2	1	1	2	1	1	1	1	1	1	1	1	1	1	1	1	1	1	2	2	1	1	1	1	1	2	2	1	1	1	1	1	1	2	1	1	1	1	2	1	2	1	1	1	2	1	1	2	1	1	1	1	2	1	1	1	2	1	1	1	1	1	2	2	1	1	2	2	1	2	1	2	2	1	1	1	1	1	2	1	1	1	1	1	1	1	1	2	1	1	2	2	2	2	2	2	1	1	2	1	2	1	1	1	1	1	1	1
110	1	2	2	1	1	1	2	2	2	1	1	2	2	1	2	1	1	1	2	2	1	2	2	1	1	1	1	1	1	2	2	1	1	1	1	1	2	1	1	1	1	2	1	1	2	1	1	1	1	2	1	2	1	1	1	2	1	1	2	2	1	1	1	1	1	1	1	2	1	1	1	1	1	1	1	1	1	2	2	1	2	1	2	1	1	1	1	1	1	1	1	1	1	1	1	1	1	1	2	1	2	2	1	2	2	1	2	1	1	2	1	2	1	1	1	1	1	1	1
111	1	2	2	1	2	1	2	2	1	1	2	2	1	1	2	2	1	1	1	2	1	2	1	1	1	1	1	1	1	2	1	1	1	1	1	1	1	2	1	2	1	1	2	1	1	1	2	1	1	2	1	2	1	1	1	1	1	1	2	1	1	1	1	1	1	1	1	2	1	1	1	1	1	2	2	1	2	1	2	1	1	1	2	1	1	1	1	2	1	2	1	2	1	1	1	2	1	1	2	1	1	1	1	1	1	1	2	1	1	1	1	2	1	1	1	1	1	2	1
111	1	2	2	1	2	1	2	2	1	1	2	2	1	1	1	2	1	1	2	1	1	2	1	1	1	2	1	1	1	2	1	1	1	1	1	1	1	2	1	1	1	1	2	1	2	1	1	1	1	2	1	2	1	1	1	2	1	1	2	1	1	1	1	2	1	1	1	2	1	2	1	1	1	2	1	1	1	1	2	1	2	1	2	1	2	1	1	1	1	2	1	1	1	1	2	1	1	1	1	1	2	1	1	2	1	1	2	1	1	2	1	2	1	1	1	1	1	2	2
112	1	1	1	1	1	1	2	2	1	1	2	1	1	1	1	2	1	1	2	2	1	1	1	1	1	1	1	1	1	2	1	1	1	1	1	1	2	2	1	1	1	1	1	1	1	1	1	1	1	2	1	2	1	1	1	1	1	1	2	2	1	1	1	1	1	1	1	2	1	2	1	1	1	2	2	1	1	2	2	1	2	1	2	1	2	1	1	2	1	1	1	2	1	1	2	1	1	1	2	1	1	1	1	2	2	1	1	1	1	2	1	2	2	1	1	1	1	1	1
112	1	1	1	2	1	1	1	2	1	1	2	2	1	1	1	2	1	1	2	2	1	1	1	1	2	2	1	1	1	2	1	1	1	1	1	1	2	1	1	1	1	1	2	1	1	1	1	1	1	2	1	2	1	1	1	1	1	1	2	1	1	1	1	1	1	1	1	2	1	2	1	1	1	1	2	1	1	2	2	1	2	1	2	1	2	1	1	2	1	2	1	2	1	1	2	2	1	1	2	1	1	1	1	2	2	1	2	1	1	1	1	2	2	1	1	1	1	2	1
112	1	1	1	2	1	1	1	2	1	2	2	1	1	1	2	2	1	1	1	2	2	1	1	1	2	2	1	1	1	2	1	1	1	1	1	1	2	2	1	1	1	1	2	1	1	1	1	1	1	2	1	1	1	1	1	1	1	1	2	2	1	1	1	1	1	1	1	2	1	1	1	1	1	1	2	1	1	1	2	1	1	1	2	1	2	1	1	2	1	1	1	2	1	1	1	1	1	1	2	1	1	1	1	2	2	1	1	1	1	1	1	2	2	1	1	1	1	2	2
113	1	2	2	1	2	1	1	1	1	1	2	2	1	1	1	2	1	1	1	1	1	2	1	1	2	2	1	1	1	2	1	1	1	1	1	1	2	1	1	1	1	1	2	1	1	1	1	1	1	2	1	2	1	1	1	1	1	1	2	1	1	1	2	1	1	1	1	2	1	1	1	2	1	2	1	1	1	2	2	2	1	1	2	2	2	1	1	2	1	1	1	2	1	1	1	1	1	1	2	1	2	2	1	2	2	1	2	1	1	2	1	2	1	1	1	1	1	1	1
113	1	2	1	1	1	1	2	2	1	2	2	2	1	1	1	2	1	1	2	1	1	2	2	1	2	2	1	1	1	2	1	1	1	1	1	1	1	2	1	1	1	1	1	1	1	1	2	1	1	2	1	1	1	1	1	1	1	1	2	1	2	1	2	1	1	2	1	2	1	1	1	2	1	1	2	1	1	2	2	2	1	1	1	2	2	2	1	2	1	2	1	2	1	2	2	1	1	1	2	1	2	2	1	1	1	1	1	1	1	2	1	1	2	1	1	1	1	2	1
113	1	2	1	1	1	1	1	2	1	2	2	2	1	1	2	1	1	1	2	2	1	1	1	1	2	1	1	1	1	2	1	1	1	1	1	1	2	1	1	1	1	1	2	1	1	1	2	1	1	2	1	2	1	1	1	1	1	1	2	1	1	1	1	1	1	1	1	2	1	2	1	1	1	1	2	1	1	2	2	1	1	1	2	2	2	1	1	2	1	2	1	2	1	2	1	1	1	1	2	1	2	1	1	2	2	1	2	1	1	2	1	1	1	2	1	1	1	1	1
114	1	2	1	1	1	1	2	2	1	1	1	2	1	1	1	1	1	1	2	1	1	2	2	1	1	1	1	1	1	2	1	1	2	1	1	1	2	1	1	1	1	1	1	1	2	1	1	1	1	2	2	2	1	1	1	1	1	1	2	1	1	1	1	1	1	1	1	2	1	2	1	2	1	1	2	1	2	2	1	1	2	1	2	2	2	1	1	2	1	1	1	2	1	1	1	1	1	1	1	1	2	1	2	2	2	1	2	1	1	1	1	2	1	1	1	1	1	1	1
114	1	2	2	1	1	1	1	2	1	1	1	2	1	1	1	2	2	1	2	1	2	2	1	1	1	1	1	1	1	2	1	1	1	1	1	1	2	1	1	1	1	2	1	1	2	1	1	1	1	2	1	2	1	1	1	1	1	1	2	2	1	1	1	1	1	1	1	2	1	1	1	1	1	1	2	1	1	2	2	1	2	1	2	1	2	1	1	2	1	1	1	1	2	1	1	1	1	1	2	1	2	1	1	2	1	1	2	1	1	2	1	1	1	1	1	1	2	2	1
114	1	2	2	1	1	1	2	2	2	1	2	2	1	1	2	2	1	1	2	1	2	2	1	1	1	2	1	1	1	2	1	1	1	1	1	1	2	1	1	1	1	1	1	1	2	1	1	1	1	2	2	2	1	2	1	1	1	1	2	1	1	1	1	2	1	2	1	2	1	1	1	1	1	2	1	1	2	2	1	1	2	1	2	1	2	1	1	1	1	1	1	2	1	1	1	1	1	1	2	1	2	1	1	2	2	2	1	1	1	2	1	2	1	1	1	1	1	1	1
115	1	1	1	1	1	1	2	2	1	2	1	2	1	1	2	1	1	1	2	1	2	1	1	1	1	2	1	1	1	2	1	1	1	1	1	1	1	2	1	1	1	1	1	1	1	1	1	1	1	2	1	2	1	1	1	1	1	1	2	2	1	1	1	1	1	1	1	2	1	1	1	1	1	1	1	1	1	2	1	1	2	1	2	2	1	1	1	1	1	2	1	1	1	1	2	1	1	1	2	1	2	1	1	2	2	1	1	1	1	2	1	1	1	1	1	1	1	1	1
115	1	1	2	1	1	1	1	2	1	2	2	2	1	1	2	1	2	1	2	1	2	1	1	1	1	2	1	1	1	2	1	1	1	1	1	1	2	2	1	1	1	1	1	1	1	1	1	2	1	2	1	2	1	1	1	1	1	1	2	2	1	1	1	1	1	1	1	2	1	1	1	1	1	1	2	1	1	2	1	1	2	1	2	2	1	1	1	1	1	2	1	2	1	1	2	2	1	1	2	1	2	1	1	1	1	1	2	1	1	2	1	1	1	1	1	1	1	1	1
115	1	1	1	1	1	1	2	2	1	2	2	2	1	1	2	1	1	1	2	1	2	1	1	1	1	2	2	1	1	2	1	1	1	1	1	1	2	2	1	1	1	1	1	1	1	1	1	1	1	2	1	2	1	1	1	1	1	1	2	2	1	1	1	1	1	1	1	2	1	1	1	1	1	1	2	1	1	2	1	1	2	1	2	1	1	1	1	1	1	2	1	2	1	1	2	1	1	1	2	1	2	1	1	2	2	1	2	1	1	2	1	1	1	1	1	1	1	1	1
116	1	1	2	1	1	1	2	2	1	2	2	1	1	1	1	1	1	1	2	1	2	2	1	1	1	2	1	1	1	2	1	1	1	1	1	1	2	1	1	1	1	2	1	1	2	1	1	1	1	2	1	2	1	1	1	2	1	1	2	1	1	1	1	1	1	1	1	2	1	1	1	1	1	1	2	1	2	2	2	1	2	1	2	2	1	1	1	2	1	1	1	2	1	1	2	1	1	1	2	1	2	1	2	2	2	1	2	1	1	1	1	2	1	1	1	1	1	1	2
116	1	1	1	1	2	1	2	2	2	1	2	2	1	1	1	1	1	1	2	1	1	1	2	1	1	2	1	1	1	2	1	1	1	1	1	1	2	2	1	1	1	2	1	1	1	1	1	1	1	2	1	2	1	1	1	1	1	1	2	2	1	1	1	1	1	1	1	2	1	2	1	2	1	1	2	1	1	2	2	1	1	1	2	1	1	1	1	2	1	2	1	2	1	1	2	1	1	1	2	1	2	1	1	2	2	1	2	1	1	2	1	1	2	2	1	1	1	2	1
116	1	2	1	1	1	1	2	2	1	1	2	2	1	1	1	2	1	1	2	1	2	2	2	1	1	2	1	1	1	2	1	1	1	1	1	1	2	1	1	1	1	2	1	1	1	1	1	2	1	2	1	2	1	2	1	1	1	1	2	2	1	1	1	2	1	2	1	2	1	2	1	1	1	1	2	1	2	1	2	1	2	1	2	2	2	1	1	2	1	2	1	2	1	1	2	2	1	1	2	1	2	1	1	1	1	1	2	1	1	2	1	2	1	2	1	1	1	2	1
117	1	1	1	1	1	1	1	2	1	2	2	2	1	1	2	2	1	1	1	1	1	2	1	1	1	1	1	1	1	2	1	1	1	1	1	1	2	2	1	1	1	1	1	1	1	1	2	1	1	2	1	1	1	1	1	1	1	2	2	2	1	1	1	1	1	1	1	2	1	1	1	1	1	1	2	1	1	2	2	1	2	1	2	1	1	2	1	2	1	2	1	1	1	1	2	2	1	1	1	1	1	1	1	1	1	1	2	1	2	1	1	2	1	1	1	1	1	2	1
117	1	1	1	1	2	1	1	1	2	2	1	2	1	1	2	2	1	1	2	1	1	1	1	1	2	1	1	1	1	2	1	1	1	1	1	1	2	2	1	2	1	1	2	1	1	1	1	1	1	2	1	2	1	1	1	1	1	1	2	1	1	1	1	1	1	1	1	2	1	1	1	1	1	1	2	1	1	2	2	1	2	1	2	2	1	2	1	2	1	2	1	1	1	1	1	1	1	1	1	1	1	1	1	1	1	1	2	1	2	1	1	2	2	2	1	1	1	2	1
117	1	1	1	1	1	1	1	1	1	2	2	2	1	1	1	1	1	1	2	1	1	2	1	1	1	2	1	1	1	2	1	1	1	1	1	1	2	1	1	2	1	1	2	1	1	1	2	1	1	2	1	1	1	2	1	1	1	1	2	1	1	1	2	1	1	1	1	2	1	1	1	1	1	1	2	1	1	2	2	2	1	1	2	1	1	2	1	2	1	1	1	1	1	1	1	1	1	1	1	1	2	1	1	1	1	1	2	1	2	2	1	1	1	1	1	1	1	2	1
118	1	1	2	1	2	1	1	2	1	2	2	2	1	1	1	2	1	1	2	1	1	1	1	1	1	2	1	1	1	2	1	1	2	1	1	1	2	1	1	1	1	1	2	1	1	1	1	1	1	2	1	1	1	1	1	1	1	1	2	1	1	1	1	1	1	1	1	2	1	1	1	1	1	1	2	1	1	2	2	1	1	1	2	1	1	2	1	2	1	2	1	2	1	1	2	1	1	1	1	1	1	1	1	1	1	1	2	1	2	1	1	2	1	2	1	1	1	2	1
118	1	2	2	1	2	1	1	2	1	2	2	1	1	1	1	2	1	1	1	1	1	2	1	1	1	1	1	1	1	2	1	1	1	1	1	1	2	2	1	1	1	2	1	1	1	1	1	1	1	2	1	1	1	1	1	1	1	1	2	1	1	1	1	1	1	1	1	2	1	1	1	1	1	1	1	1	1	2	2	1	1	1	2	1	1	2	1	2	1	2	1	2	1	1	2	1	1	1	1	1	2	1	1	1	1	1	2	1	1	2	1	1	2	2	1	1	1	2	1
118	1	1	2	1	2	1	2	2	1	2	1	1	1	1	1	2	1	1	1	1	1	1	1	1	1	1	1	1	1	2	1	1	1	1	1	1	2	1	1	1	1	1	1	1	1	1	1	1	1	2	1	1	1	1	1	1	1	1	2	1	1	1	1	1	1	1	1	2	1	1	1	1	1	1	1	1	1	2	2	1	2	1	2	1	2	2	1	2	1	2	1	2	1	1	2	1	1	1	1	1	2	1	1	1	1	1	2	1	1	2	1	1	1	2	1	1	1	2	1
119	1	1	2	1	1	1	1	1	1	2	1	2	1	1	1	2	1	1	1	1	1	2	1	1	2	2	1	1	1	2	1	1	1	1	1	1	2	1	1	1	1	1	2	1	2	1	1	1	1	2	1	1	1	1	1	1	1	2	2	1	1	1	1	1	1	1	1	2	1	1	1	1	1	1	1	1	1	2	2	1	2	1	2	1	2	2	1	2	1	2	1	2	1	1	2	1	1	1	2	1	2	2	1	1	1	1	2	1	2	1	1	2	1	2	1	1	1	2	2
119	1	1	2	1	1	1	1	2	1	2	1	2	1	2	1	2	1	1	2	1	1	2	1	1	1	1	1	1	1	2	1	1	1	1	1	1	2	1	1	1	1	1	1	1	1	1	1	1	1	2	1	1	1	1	1	1	1	1	2	1	1	1	2	2	1	1	1	2	1	1	1	1	1	1	1	1	1	2	2	1	2	1	2	1	1	2	1	2	1	2	1	2	1	1	2	1	1	1	1	1	1	1	1	1	1	1	2	1	1	1	1	2	1	1	1	1	1	2	2
119	1	1	2	1	2	1	1	2	2	2	1	2	1	2	2	1	1	1	2	1	1	1	1	1	1	1	1	1	1	2	1	1	1	1	1	1	2	1	1	2	1	1	2	1	1	1	1	1	1	2	1	1	1	1	1	1	1	1	2	1	1	1	1	2	1	1	1	2	1	1	1	1	1	1	1	1	1	2	2	1	2	1	2	2	1	2	1	2	1	2	1	1	1	1	2	1	1	1	1	1	2	1	1	1	1	1	2	1	1	1	1	2	1	2	1	1	1	1	1
120	1	1	1	1	2	1	1	1	1	1	1	2	1	1	1	2	1	1	2	1	1	1	1	1	2	1	1	1	1	2	1	1	1	1	1	1	2	2	1	1	1	1	1	1	1	1	2	1	1	2	1	2	1	1	1	1	1	1	2	1	1	1	1	1	1	1	1	2	1	1	1	1	1	1	1	1	1	2	2	1	1	1	2	1	1	2	1	2	1	2	1	1	1	1	2	1	1	1	1	1	2	1	1	2	2	1	2	1	1	2	1	1	1	2	1	1	1	1	1
120	1	1	1	1	2	1	1	1	1	1	2	2	1	1	2	2	1	1	2	1	1	1	1	1	2	1	1	1	1	2	1	1	1	1	1	1	2	2	1	1	1	1	2	1	1	1	2	1	1	2	1	2	1	1	1	1	1	1	2	1	1	1	1	2	1	1	1	2	1	1	1	1	1	1	1	1	1	2	2	1	2	1	2	1	1	2	1	1	1	2	1	2	1	1	2	1	1	1	1	1	2	1	1	2	2	1	2	1	1	2	1	1	1	2	1	1	1	1	1
120	1	1	1	1	2	1	1	2	1	2	2	2	1	1	1	1	1	1	2	1	1	1	1	1	2	1	1	1	1	2	1	1	1	1	1	1	2	1	1	1	1	1	2	1	1	1	2	1	1	2	1	1	1	1	1	1	1	1	2	1	1	1	1	1	1	1	1	2	1	1	1	1	1	1	1	1	1	2	2	1	2	1	2	1	1	2	1	2	1	1	1	1	1	1	1	1	1	1	1	1	2	1	1	1	1	1	2	1	2	1	1	1	2	2	1	1	1	2	1
121	1	2	1	1	2	1	1	1	2	2	1	2	1	1	1	2	1	1	2	1	1	2	1	1	2	1	1	1	1	2	1	1	2	1	1	1	2	2	1	1	1	1	1	1	1	1	1	1	1	2	1	1	1	1	1	1	1	2	2	1	1	1	1	1	1	1	1	2	1	1	1	1	1	1	1	1	1	2	1	1	2	1	2	1	1	2	1	2	1	2	1	2	1	1	1	1	1	1	1	1	1	1	1	1	1	1	2	1	2	2	1	1	2	1	1	1	1	2	1
121	1	2	2	1	2	1	2	1	2	2	2	2	1	1	1	2	1	1	1	1	1	2	1	1	1	1	1	1	1	2	1	1	1	1	1	1	2	1	1	1	1	2	1	1	1	1	1	1	1	2	1	1	1	1	1	1	1	1	2	1	1	1	1	1	1	1	1	2	1	1	1	1	1	2	1	1	2	1	2	1	1	1	2	1	1	2	1	2	1	2	1	1	1	1	1	1	1	1	2	1	2	1	1	1	2	1	2	1	1	2	1	1	1	1	1	1	1	2	1
121	1	2	2	1	1	1	1	1	1	1	1	2	1	1	1	2	1	1	1	1	1	1	1	1	1	1	1	1	1	2	1	1	2	1	1	1	2	1	1	2	1	1	1	1	1	1	1	1	1	2	1	1	1	1	1	1	1	1	2	1	1	1	1	1	1	1	1	2	1	1	1	1	1	2	1	1	1	2	2	1	2	1	2	1	1	2	1	2	1	2	1	2	1	1	2	1	1	1	1	1	1	1	1	1	1	1	2	1	1	2	1	1	1	1	1	1	1	1	1
122	1	2	2	1	1	1	1	2	1	2	2	2	1	1	2	1	1	1	2	1	1	1	1	1	1	1	1	1	1	2	1	1	1	1	1	1	2	1	1	1	2	2	2	1	1	1	1	1	1	2	1	2	1	1	1	2	1	1	2	1	2	1	2	2	1	1	1	2	1	1	1	2	1	1	1	1	1	2	2	2	2	1	1	1	1	2	1	2	1	1	1	1	1	1	2	1	1	1	1	1	2	1	1	1	1	1	2	1	1	2	1	2	1	2	1	1	1	2	2
122	1	1	2	1	2	1	1	2	1	2	2	2	1	1	1	1	1	1	2	1	1	2	1	1	1	1	1	1	1	2	1	1	1	1	1	1	2	1	1	1	1	1	1	1	1	1	2	1	1	2	1	2	1	1	1	1	1	1	2	1	1	1	1	1	1	1	1	2	2	1	1	1	1	1	1	1	1	2	2	1	1	1	2	1	1	2	1	2	1	2	1	1	1	1	2	1	1	1	1	1	1	1	1	1	1	1	1	1	1	1	1	2	2	2	1	1	1	1	1
122	1	1	1	1	1	1	1	2	1	2	2	1	1	1	1	1	1	1	2	1	1	1	1	1	2	1	1	1	1	2	1	1	1	1	1	1	2	1	1	1	1	2	2	1	1	1	2	1	1	2	1	2	1	1	1	1	1	1	2	2	1	1	1	1	1	1	1	2	2	1	1	1	1	1	1	1	1	2	2	1	1	1	1	1	2	2	1	2	1	2	1	1	1	1	2	1	1	1	1	1	2	1	1	1	1	1	2	1	1	1	1	2	1	2	1	1	1	1	1
123	1	1	1	1	2	1	1	1	1	1	2	2	1	1	1	1	1	1	2	1	1	2	1	1	1	1	1	1	1	2	1	1	2	1	1	1	1	1	1	1	1	2	2	1	2	1	1	1	1	2	1	1	1	1	1	1	1	2	2	1	1	1	1	1	1	1	1	2	1	1	1	1	1	1	1	1	1	2	2	1	1	1	2	1	1	2	1	2	1	2	1	1	1	1	2	1	1	1	2	1	1	1	1	2	2	1	2	1	2	2	1	1	1	2	1	1	1	2	1
123	1	2	1	1	1	1	1	2	2	2	1	2	1	1	1	1	1	1	1	1	1	2	1	1	1	1	1	1	1	2	1	1	2	1	1	1	2	1	1	1	1	1	1	1	1	1	1	1	1	2	1	2	1	1	1	1	1	2	2	1	1	1	1	1	1	1	1	2	1	1	1	1	1	1	1	1	1	2	2	1	2	1	2	1	1	2	1	1	1	2	1	1	1	1	1	1	1	1	2	1	2	1	1	1	1	1	2	2	1	2	1	1	2	2	1	1	1	2	2
123	1	1	1	1	1	1	1	2	1	2	2	2	1	1	2	1	1	1	1	1	1	2	1	1	2	1	1	1	1	2	1	1	1	1	1	1	2	2	1	1	1	2	1	1	1	1	1	1	1	2	1	2	1	1	1	1	1	1	2	2	1	1	1	1	1	1	1	2	1	1	1	1	1	1	1	1	1	2	2	1	1	1	2	1	1	2	1	2	1	2	1	2	1	1	1	1	1	1	1	1	2	1	1	1	1	1	2	1	1	2	1	2	2	1	1	1	2	2	2
124	1	1	2	1	1	1	1	2	2	2	2	2	1	1	2	1	2	1	1	1	1	1	1	1	1	1	1	1	1	2	1	1	1	1	1	1	2	1	1	1	1	1	1	1	2	1	1	1	1	2	1	2	1	1	1	1	1	1	2	1	1	1	1	1	1	1	1	2	1	1	1	1	1	2	1	1	1	2	2	1	2	1	2	1	1	2	1	2	1	2	1	2	1	1	2	1	1	1	1	1	1	1	1	1	1	1	2	1	1	2	1	2	1	1	1	1	1	2	1
124	1	1	1	1	2	1	1	2	2	2	2	2	1	1	1	1	1	1	2	1	1	2	1	1	1	1	1	1	1	2	1	1	1	1	1	1	1	2	1	2	1	1	1	1	1	1	2	1	1	2	1	2	1	1	1	1	1	2	2	1	1	1	1	2	1	1	1	2	1	1	1	1	1	1	1	1	1	2	2	1	2	1	2	1	1	2	1	2	1	1	1	1	1	2	1	1	1	1	1	1	1	1	1	1	1	1	2	1	2	1	1	2	1	2	1	1	1	2	1
124	1	1	1	1	1	1	1	1	1	2	1	2	1	1	1	1	1	1	2	1	1	1	1	1	2	1	1	1	1	2	1	1	1	1	1	1	2	2	1	1	1	1	2	1	1	1	1	1	1	2	1	1	1	1	1	1	1	2	2	1	1	1	1	1	1	1	1	2	1	1	1	1	1	1	1	1	1	2	1	1	2	1	2	1	1	2	1	1	1	2	1	1	1	1	1	1	1	1	1	1	1	1	1	1	1	1	1	1	1	2	1	1	2	2	1	1	1	2	2
125	1	2	2	2	1	1	2	2	1	2	1	1	1	1	1	1	1	1	2	1	1	1	1	1	2	1	1	1	1	2	1	1	1	1	1	1	2	1	1	1	1	1	1	1	1	1	1	2	1	2	1	2	1	1	1	1	1	1	2	1	1	1	1	1	1	1	1	2	2	1	1	1	1	2	1	1	1	2	2	1	1	1	2	1	1	2	1	2	1	2	1	2	1	1	1	1	1	1	1	1	1	2	1	1	1	1	2	1	1	2	1	1	1	1	1	1	1	1	1
125	1	1	1	1	2	1	1	2	1	2	1	2	1	1	1	1	1	1	1	1	1	2	1	1	1	1	1	1	1	2	1	1	1	1	1	1	2	1	1	1	1	1	1	1	1	1	1	1	1	2	1	2	1	1	1	1	1	2	2	1	1	1	1	1	1	1	1	2	1	1	1	1	1	2	1	2	1	1	2	1	2	1	1	1	1	2	1	2	1	2	1	1	1	1	1	1	1	1	1	1	1	2	1	1	1	1	2	1	1	2	1	1	1	1	1	1	1	1	1
125	1	1	2	1	1	1	1	2	1	2	1	1	1	1	1	2	1	1	2	1	1	1	1	1	1	1	1	1	1	2	1	1	1	1	1	1	2	2	1	1	1	1	1	1	1	1	1	1	1	2	1	2	1	1	1	1	1	1	2	1	1	1	1	1	2	1	1	2	2	1	1	1	1	1	1	2	1	2	2	1	1	1	1	2	1	2	1	2	1	1	1	2	1	1	1	1	1	1	1	1	2	1	1	1	1	1	2	1	1	2	1	2	1	1	1	1	1	1	1
126	1	2	1	1	1	1	1	1	1	2	2	1	1	1	2	1	1	1	2	1	1	1	1	1	2	1	1	1	1	2	1	1	2	1	1	1	2	1	1	1	1	2	2	1	1	1	1	1	1	2	2	1	1	1	1	2	1	2	2	1	1	1	1	1	2	1	1	2	1	1	1	1	1	2	1	1	1	2	2	1	1	1	2	1	1	2	1	2	1	2	1	1	1	1	1	1	1	1	1	1	1	1	1	1	1	1	1	1	1	1	1	2	1	1	1	1	1	2	1
126	1	1	1	1	1	1	1	2	1	2	2	2	1	1	1	2	1	1	2	1	1	2	1	1	2	1	1	1	1	2	1	1	1	1	1	1	2	1	1	1	1	1	2	1	1	1	1	1	1	2	1	2	1	1	1	1	1	1	2	1	1	1	1	1	1	1	1	2	1	1	1	1	1	1	1	1	2	1	1	1	1	1	2	1	1	2	2	2	1	2	1	1	1	1	1	1	1	1	1	1	2	1	1	1	1	1	2	1	1	2	1	2	1	2	1	1	1	2	1
126	1	1	1	1	2	1	1	1	1	2	2	2	1	1	2	1	1	1	2	1	1	2	1	1	1	1	1	1	1	2	1	1	1	1	1	1	2	1	1	1	1	1	2	1	2	1	2	1	1	2	1	1	1	2	1	1	1	1	2	1	1	1	1	1	1	1	1	2	1	1	1	1	1	1	1	1	1	2	2	1	1	1	2	1	1	2	1	2	1	2	1	1	1	1	2	1	1	1	1	1	1	2	1	1	1	1	2	1	1	2	1	2	1	1	1	1	1	2	1
