137	70	2	1
ACA_AAC_1.0
ACA_AAC_2.0
ACA_AAC_3.0
ACA_AAC_4.0
ACA_AAC_5.0
ACA_AAC_6.0
ACA_AAC_7.0
ACA_AAC_8.0
ACA_AAC_9.0
ACA_AAC_10.0
ACA_AAC_11.0
ACA_AAC_12.0
ACA_AAC_13.0
ACA_AAC_14.0
ACA_AAC_15.0
ACA_AAC_16.0
ACA_AAC_17.0
ACA_AAC_18.0
ACA_AAC_19.0
ACA_AAC_20.0
ACA_AAC_21.0
ACA_AAC_22.0
ACA_ACG_1.0
ACA_ACG_2.0
ACA_ACG_3.0
ACA_ACG_4.0
ACA_ACG_5.0
ACA_ACG_6.0
ACA_ACG_7.0
ACA_ACG_8.0
ACA_ACG_9.0
ACA_ACG_10.0
ACA_ACG_11.0
ACA_ACG_12.0
ACA_ACG_13.0
ACA_ACG_14.0
ACA_ACG_15.0
ACA_ACG_15.1
ACA_ACG_15.2
ACA_ACG_16.0
ACA_ACG_17.0
ACA_ACG_18.0
ACA_AGC_1.0
ACA_AGC_2.0
ACA_AGC_3.0
ACA_AGC_4.0
ACA_AGC_5.0
ACA_AGC_6.0
ACA_AGC_7.0
ACA_AGC_8.0
ACA_AGC_9.0
ACA_AGC_10.0
ACA_AGC_11.0
ACA_AGC_12.0
ACA_AGC_13.0
ACA_AGC_14.0
ACA_AGC_15.0
ACA_AGC_16.0
ACA_AGC_17.0
ACA_AGC_18.0
ACA_AGC_19.0
ACA_AGC_20.0
ACA_AGC_21.0
ACA_AGC_23.0
ACA_AGC_24.0
ACA_AGC_25.0
ACA_AGC_26.0
ACA_AGC_27.0
ACA_AGC_28.0
ACA_AGC_29.0
1	2	2	1	1	2	1	1	2	1	2	2	1	1	1	2	2	2	2	2	2	2	2	1	2	0	1	1	1	2	1	1	2	1	1	2	1	1	2	1	1	1	2	2	1	1	1	2	1	2	1	2	1	2	1	2	1	2	2	1	1	1	2	1	1	1	2	2	2	2	2
1	1	2	1	1	1	1	2	2	2	1	2	1	1	2	1	2	2	2	2	1	2	2	1	2	2	1	2	1	1	1	1	2	2	1	1	1	1	2	1	2	1	2	1	1	2	1	2	2	2	1	2	1	1	1	2	1	1	2	1	1	2	1	1	1	1	2	2	2	2	2
1	1	1	1	1	1	1	1	2	1	1	2	2	1	1	2	1	2	2	2	1	2	2	1	2	1	1	1	1	1	1	1	2	2	1	1	1	1	2	1	2	2	2	1	1	2	1	2	1	2	1	2	1	1	1	2	1	2	2	1	2	1	1	2	1	2	2	1	2	2	1
2	1	1	2	1	2	1	1	2	1	1	2	2	1	1	2	2	1	2	2	2	2	2	1	2	2	1	1	1	1	1	1	2	2	1	1	1	1	2	1	2	1	2	1	1	2	1	2	1	2	1	2	1	2	1	2	1	1	2	2	1	1	2	1	1	2	1	1	2	2	1
2	1	1	1	1	2	1	2	2	2	1	1	2	1	1	1	2	2	1	2	1	2	2	1	2	2	1	1	1	1	1	1	2	2	2	2	1	2	2	1	2	1	2	1	1	1	1	2	1	2	1	2	1	1	1	2	1	1	2	1	2	1	2	1	1	2	1	1	2	2	2
3	1	2	1	1	2	1	2	2	1	1	1	1	1	1	2	1	1	1	2	1	2	2	1	2	1	1	1	1	2	1	1	2	2	1	2	1	1	1	1	2	1	2	2	1	2	1	0	1	2	1	2	1	1	1	2	1	2	1	2	1	2	2	1	1	2	2	1	2	2	1
3	2	1	2	1	1	2	2	2	2	2	2	1	1	1	2	2	2	2	2	1	2	2	1	2	2	1	1	1	2	1	1	2	1	1	2	1	2	1	1	2	1	2	0	1	1	1	2	2	2	1	2	1	1	2	1	1	2	2	1	1	1	2	1	1	2	2	1	2	2	2
4	1	2	1	1	1	1	1	2	2	1	2	2	1	1	2	1	1	2	2	2	2	2	1	2	2	1	1	1	2	1	1	1	2	1	1	1	2	1	1	2	1	2	1	1	2	1	2	1	2	1	2	1	1	1	2	1	1	2	2	2	2	2	1	1	2	2	1	1	2	2
4	1	1	1	1	1	1	1	2	1	1	2	1	1	2	2	2	2	2	1	2	2	2	1	1	1	1	1	1	2	1	1	1	2	1	2	1	1	1	1	2	1	2	1	1	1	1	2	1	2	1	2	1	1	1	2	1	1	2	2	0	1	1	1	1	2	2	2	1	1	2
4	1	1	1	1	2	1	1	2	2	1	1	2	1	1	1	2	1	2	2	1	2	2	1	2	2	1	1	1	2	1	1	2	1	1	1	1	1	1	1	2	1	2	2	1	1	1	2	1	2	1	2	1	1	1	2	1	1	2	1	1	1	2	2	0	2	0	0	0	0	0
5	1	1	2	1	2	1	1	2	1	1	2	1	1	2	1	2	1	2	2	1	2	2	1	2	2	1	1	1	1	1	1	2	2	1	2	1	1	1	1	2	1	2	1	1	2	1	2	1	2	1	2	1	1	1	1	1	1	2	1	2	1	2	1	2	2	2	2	2	1	2
5	1	1	2	2	2	1	2	2	2	1	2	1	1	2	2	2	2	2	2	2	2	2	1	2	1	1	1	1	2	1	2	2	2	1	2	1	1	1	1	2	2	2	2	1	1	1	2	1	2	1	2	1	1	2	2	1	1	2	2	2	1	2	1	1	2	2	2	2	2	2
5	1	1	1	1	2	1	2	2	2	1	2	2	1	1	2	2	2	2	2	2	2	2	1	2	2	1	1	1	1	1	1	2	2	1	1	1	1	1	1	2	2	2	1	1	1	1	2	1	2	1	2	2	1	2	2	1	1	2	1	2	1	2	1	1	0	2	0	2	1	2
6	1	1	1	1	1	1	1	2	1	2	2	2	2	2	1	1	1	2	2	2	2	2	1	2	2	1	1	1	2	1	1	2	1	1	1	1	1	2	1	2	1	2	2	1	2	1	2	1	2	1	2	1	1	1	2	1	1	2	1	1	1	2	0	1	1	2	2	1	1	1
6	1	1	2	2	2	1	2	2	1	1	2	1	1	2	2	2	2	2	2	2	2	2	1	2	2	1	1	1	1	1	2	2	2	1	2	1	1	1	1	1	1	2	2	1	2	1	2	1	1	1	2	1	1	1	2	1	1	2	2	2	1	1	1	1	2	2	2	2	2	1
6	2	1	1	1	2	1	1	2	2	1	2	1	1	1	2	1	2	2	2	2	2	2	1	2	1	1	1	1	2	1	2	2	1	1	2	1	1	2	1	1	1	2	2	1	1	1	2	2	2	1	2	1	1	1	2	1	1	2	2	2	1	1	1	2	2	2	2	2	2	2
7	1	1	1	1	1	1	1	2	2	1	1	1	1	1	1	1	2	1	2	2	2	2	1	1	2	1	1	1	2	1	1	2	2	1	1	1	1	1	1	2	1	2	2	1	2	1	1	1	2	1	2	1	1	1	2	1	1	2	1	2	1	2	1	1	2	2	2	2	2	2
7	1	1	1	1	1	1	2	2	1	1	2	2	2	1	1	2	2	1	2	2	2	2	1	2	2	1	2	1	2	1	1	1	2	1	1	1	1	2	1	1	1	1	1	1	2	1	2	1	2	1	2	2	1	1	2	1	1	2	1	1	1	1	1	1	1	2	2	2	2	2
7	1	1	1	1	1	1	2	2	1	1	2	2	1	2	2	1	2	1	2	2	2	2	1	2	2	1	1	1	2	1	1	2	2	1	1	1	1	1	1	2	1	1	1	1	1	1	2	1	2	1	2	1	1	1	2	1	1	2	1	1	1	2	1	2	2	2	2	2	2	2
8	1	1	1	1	2	1	2	2	1	1	2	2	1	2	2	2	1	2	2	2	2	2	1	2	2	1	1	1	2	1	1	2	2	1	2	1	2	2	1	2	1	2	2	1	1	1	2	1	2	1	2	1	1	1	2	1	1	2	1	2	1	1	1	1	2	2	1	2	2	1
8	1	1	1	1	1	1	1	2	1	1	2	2	1	1	1	1	2	2	2	2	2	2	1	2	2	1	1	1	2	1	1	2	2	1	2	1	1	1	1	2	1	2	2	1	1	1	2	2	1	1	2	1	1	1	2	1	1	2	2	2	1	1	1	1	1	2	2	1	2	2
8	1	1	1	1	1	1	2	2	2	1	1	2	1	2	1	2	1	2	2	2	1	1	1	1	1	1	1	1	1	1	1	1	2	1	1	1	1	2	1	2	1	2	1	1	1	2	2	2	2	1	2	1	1	1	2	1	1	2	1	1	1	2	1	1	2	2	2	1	2	1
9	1	1	1	1	2	1	1	2	1	2	2	2	1	1	1	2	2	1	2	1	2	1	1	2	2	1	1	1	2	1	1	2	2	1	1	1	1	1	1	2	1	2	1	1	1	1	2	1	2	1	2	1	2	1	2	1	1	2	2	1	1	2	1	2	1	2	1	2	2	2
9	1	1	1	1	2	1	1	2	1	1	1	1	1	2	2	1	2	2	2	2	2	2	1	2	2	1	1	1	2	1	1	2	2	1	1	1	1	2	1	2	1	2	1	2	1	1	2	1	2	1	1	2	2	1	2	1	1	2	1	1	1	2	1	2	2	2	1	2	2	2
9	1	1	2	1	2	1	1	2	1	1	2	2	1	2	2	2	1	2	2	1	2	2	1	2	2	1	1	1	2	1	1	2	2	1	2	1	1	1	1	1	1	2	1	1	1	1	2	1	2	1	1	1	1	1	2	1	1	2	2	1	1	2	1	2	2	2	1	1	1	2
10	1	1	1	1	2	1	2	2	1	1	1	1	1	2	2	1	2	2	2	1	2	2	1	1	2	1	1	1	2	1	1	2	2	1	1	1	2	2	1	2	1	2	2	1	1	1	2	1	2	1	2	1	1	2	1	1	2	1	1	1	2	1	1	2	2	1	2	2	1	0
10	1	1	1	1	1	1	1	2	2	1	2	2	1	2	1	2	2	1	2	1	2	2	1	2	2	1	1	1	1	1	1	2	1	2	2	1	1	1	1	1	2	2	2	1	1	1	2	1	2	1	2	1	1	1	2	1	2	2	2	2	1	2	1	1	2	2	1	2	2	1
10	1	2	1	1	1	1	1	2	2	1	1	1	1	2	2	1	1	2	2	1	2	2	1	1	1	1	1	1	1	1	1	2	1	1	2	1	1	1	1	2	1	2	2	1	1	1	2	1	2	1	2	1	1	1	2	1	2	2	1	1	1	2	1	2	1	2	1	2	2	2
11	1	1	1	1	2	1	2	2	1	1	1	1	1	2	1	2	1	2	2	1	2	2	1	2	2	1	1	1	2	1	1	2	1	1	1	2	1	1	1	2	1	1	2	1	1	1	2	1	2	1	2	1	1	1	2	1	1	2	1	1	2	2	1	1	1	2	1	2	2	1
11	1	2	1	1	2	1	1	2	1	1	2	2	1	1	1	1	2	2	2	2	2	2	1	2	1	1	1	1	1	1	1	1	2	1	2	1	1	1	1	1	1	2	2	1	1	1	2	2	2	1	1	1	1	1	2	1	1	2	1	2	1	2	1	1	1	2	1	2	2	1
11	1	1	2	1	2	1	2	2	1	1	2	1	1	1	1	1	1	2	2	0	2	2	1	2	2	1	1	1	1	1	1	2	1	1	1	1	1	1	1	2	1	1	2	1	1	1	2	1	2	1	2	1	1	1	1	1	1	2	2	1	2	1	1	1	2	2	2	1	2	2
12	1	1	1	1	2	1	1	2	1	1	1	1	1	1	1	1	2	2	2	2	2	2	1	2	1	1	1	1	2	1	1	2	2	1	1	2	1	2	1	2	2	2	1	1	1	1	2	1	2	1	2	1	1	1	2	1	1	2	1	1	1	2	1	1	2	2	1	1	2	1
12	2	1	2	1	2	1	2	2	2	1	2	1	1	1	1	1	2	2	2	2	2	2	1	2	2	1	1	1	1	1	1	2	1	1	1	1	1	2	1	2	1	2	2	1	1	1	2	1	2	1	2	1	1	1	2	1	1	2	1	2	1	2	1	1	1	2	1	2	2	2
12	1	1	1	1	2	1	1	2	1	1	2	1	1	2	2	1	2	2	2	2	2	2	1	2	2	1	1	1	2	1	2	2	1	1	1	1	1	2	1	2	1	2	2	1	1	1	2	2	2	1	1	1	1	1	2	1	1	2	1	1	1	1	1	1	2	2	1	2	2	2
13	1	1	1	1	1	1	1	2	1	2	1	2	2	1	1	2	2	2	2	2	2	2	1	2	2	1	1	1	2	1	1	1	2	2	1	1	1	2	1	2	1	2	2	1	1	1	2	1	2	1	2	1	1	1	2	2	1	2	2	1	1	1	1	1	2	2	2	2	2	1
13	1	1	2	1	2	1	2	2	1	1	1	1	1	1	2	2	2	2	2	1	2	2	1	2	2	1	1	1	2	1	2	2	2	1	2	1	1	2	1	1	2	2	1	1	2	1	2	1	2	1	2	1	1	1	2	1	1	2	1	1	1	2	1	1	2	2	2	2	1	2
13	1	1	1	1	2	1	1	2	2	1	2	2	1	2	1	1	1	2	2	2	2	2	1	2	2	1	1	1	2	1	1	2	1	1	2	2	1	2	1	2	1	2	1	1	2	2	2	1	2	1	2	1	1	1	2	1	1	2	2	1	1	1	1	1	2	2	1	1	2	2
14	1	2	1	1	2	1	1	2	1	1	1	2	1	2	1	2	1	2	2	2	2	2	1	2	2	1	1	1	2	1	2	2	1	1	1	1	1	2	1	1	1	2	2	1	1	1	2	1	2	1	2	1	1	1	2	1	1	2	1	1	1	2	1	1	2	2	1	2	1	2
14	1	1	1	1	2	1	1	2	2	2	2	2	1	1	2	2	1	2	2	2	2	2	1	2	2	1	1	2	2	1	1	2	2	1	1	2	1	2	2	2	2	2	2	1	1	1	1	2	2	1	2	1	1	1	2	1	1	2	2	2	2	2	1	1	2	2	2	1	2	2
14	1	2	2	1	2	1	2	2	1	1	2	2	1	2	1	1	1	1	2	1	2	2	1	2	2	1	1	1	2	1	1	2	1	1	1	1	1	2	2	2	2	2	1	1	1	1	1	2	2	1	2	1	1	1	2	1	1	2	1	1	1	2	2	1	2	2	2	2	2	2
15	1	1	1	1	1	1	1	2	1	2	1	2	1	1	2	1	1	2	2	2	2	2	1	2	1	1	1	1	2	1	1	2	1	1	2	1	1	2	1	2	2	2	2	1	1	1	2	2	2	1	2	1	1	1	2	1	1	2	1	1	2	2	2	1	2	2	2	2	2	2
15	1	0	1	1	2	1	1	2	1	2	1	1	1	2	1	1	1	2	2	2	2	2	1	2	2	1	1	1	2	1	2	1	2	2	1	1	1	2	1	2	2	2	1	1	2	1	2	1	2	2	2	1	1	1	2	1	2	2	1	2	1	2	1	1	2	2	1	1	2	1
15	1	1	1	1	2	0	2	2	2	1	1	1	1	2	1	1	1	2	2	2	2	2	1	0	2	1	2	1	2	1	1	2	2	1	1	2	1	1	1	1	2	2	2	1	1	1	2	1	2	1	2	1	1	1	2	1	1	2	1	1	1	2	2	1	2	2	2	2	2	2
16	1	2	1	1	1	1	1	2	1	1	2	2	1	2	2	2	2	2	1	2	2	2	1	1	2	1	1	1	2	1	1	2	1	1	1	1	1	2	1	1	1	2	1	1	2	1	2	1	2	1	2	1	1	1	2	2	2	2	1	1	1	2	1	2	2	2	2	1	2	1
16	1	1	2	1	1	1	1	2	1	2	2	1	2	2	1	1	2	2	2	2	2	2	1	2	2	1	1	1	2	1	1	2	2	1	1	1	1	1	1	1	2	2	1	0	1	1	2	1	2	1	2	1	1	1	2	1	1	2	2	1	1	2	1	1	2	2	1	2	2	2
16	1	1	2	1	2	1	1	2	2	1	2	1	1	1	2	1	2	2	2	2	2	2	1	2	2	1	1	1	2	1	1	2	2	1	1	1	1	1	1	2	1	2	2	1	1	1	2	2	2	1	2	1	1	1	2	1	1	2	1	1	1	2	1	2	2	2	1	2	2	2
17	1	1	1	1	2	1	1	2	1	2	1	2	1	1	1	1	1	2	1	2	2	2	1	2	2	1	1	1	1	1	1	2	1	1	1	1	1	2	1	2	1	2	1	1	1	1	2	1	2	1	2	1	1	1	2	2	1	2	1	1	1	1	1	2	1	2	2	2	2	2
17	1	1	1	1	1	1	2	2	2	2	1	2	1	1	1	2	2	2	2	1	2	2	1	2	1	1	1	1	1	1	1	2	1	1	1	1	1	2	1	2	1	1	2	1	1	1	2	2	2	1	2	1	2	1	2	2	1	2	1	1	1	2	1	1	2	2	2	2	2	1
18	1	1	1	1	1	1	2	2	1	2	2	1	1	2	1	2	1	2	2	1	2	2	1	2	2	1	1	1	2	1	1	2	2	2	1	1	1	1	1	2	2	2	1	1	2	1	2	2	2	1	1	1	1	1	2	1	1	2	1	1	1	2	1	1	2	2	2	2	2	1
18	1	1	1	1	1	1	2	2	2	2	1	1	1	1	1	2	2	2	2	1	2	1	1	1	1	1	1	1	1	1	2	2	1	1	1	1	1	1	1	2	2	2	1	1	2	1	2	1	2	1	1	1	2	1	2	1	2	2	2	1	1	2	1	1	2	2	2	2	2	2
19	1	2	1	1	2	1	2	2	1	1	2	1	1	1	2	1	1	2	2	1	2	2	1	2	1	1	1	1	2	2	1	2	2	1	2	1	2	1	1	2	1	2	2	1	1	1	2	2	2	1	1	1	1	1	1	1	1	2	2	1	1	2	1	1	2	2	1	1	2	2
19	1	2	1	1	2	1	1	2	2	2	2	1	1	1	1	2	2	2	2	2	2	1	1	2	1	1	1	1	1	1	1	1	2	1	1	1	2	1	1	2	1	2	2	1	1	1	2	2	2	1	2	1	1	2	2	1	1	2	1	1	1	1	1	2	2	2	1	2	2	1
19	1	1	1	1	2	1	1	2	1	2	2	1	1	1	2	1	2	2	2	1	2	2	1	1	2	1	1	1	2	0	1	2	2	1	1	1	2	1	1	1	1	2	2	1	1	1	2	2	1	1	1	1	1	1	2	1	1	2	2	1	1	2	1	1	2	2	1	1	2	1
20	1	1	1	1	2	1	2	2	2	1	2	2	1	2	2	1	1	2	2	2	2	2	1	1	2	1	2	1	2	2	1	2	2	1	1	1	1	1	1	2	2	2	2	1	1	1	2	2	2	1	2	1	1	1	1	1	1	2	2	2	1	2	1	1	2	2	2	1	2	1
20	1	2	1	1	1	1	2	2	2	1	2	2	1	1	2	2	2	2	2	2	2	2	1	1	2	1	1	1	1	1	2	2	2	1	1	1	1	2	1	2	1	2	2	1	2	1	2	1	2	1	2	1	1	1	1	2	1	2	1	1	1	2	2	2	2	2	2	1	2	1
20	1	2	1	1	1	1	1	2	1	1	2	1	1	2	2	2	2	2	2	2	2	2	1	1	2	1	1	1	1	1	1	2	2	1	1	2	1	1	1	1	1	2	2	1	1	1	2	1	2	1	2	1	1	1	2	1	1	2	1	1	1	2	1	2	2	2	2	2	2	1
21	1	1	2	1	2	1	2	2	1	1	2	2	1	1	1	2	2	2	2	2	2	1	1	2	1	1	1	1	1	1	1	1	2	1	1	2	1	2	1	1	1	2	2	1	2	1	2	2	2	1	2	1	1	1	2	1	2	2	1	1	1	2	1	2	1	2	2	2	2	1
21	1	1	2	1	2	1	2	2	1	1	2	1	1	2	2	2	1	2	2	2	2	2	1	1	2	1	1	1	1	1	1	2	1	1	1	1	1	1	1	2	1	2	1	1	1	2	2	1	2	1	2	2	1	1	2	1	1	2	1	1	1	1	1	2	2	2	1	2	2	2
21	1	1	2	2	2	1	2	2	0	1	2	1	1	1	2	2	1	2	2	2	2	2	1	1	1	1	1	1	2	1	1	2	2	1	1	2	1	1	1	2	1	2	1	1	2	1	2	2	2	1	2	2	1	1	2	1	1	2	2	1	1	2	1	1	2	2	2	2	2	1
22	1	1	2	2	1	1	1	2	1	1	1	1	1	2	2	1	1	2	2	2	2	2	1	2	2	1	1	1	1	1	1	2	2	1	1	1	1	1	1	2	2	2	2	1	1	1	1	1	2	1	2	1	1	1	2	1	1	2	1	2	1	2	1	1	2	2	2	2	2	1
22	1	1	2	1	1	1	1	2	2	1	2	2	1	1	2	2	2	2	2	1	2	2	1	2	1	1	2	1	1	1	1	2	2	1	1	1	1	1	1	1	1	2	1	1	1	1	2	2	2	1	2	1	1	1	2	2	1	2	1	2	1	2	1	1	2	2	1	2	2	1
22	2	1	2	1	1	1	1	2	1	2	1	1	1	1	1	2	2	2	2	2	2	2	1	1	1	1	2	1	2	1	1	2	1	1	1	1	1	2	1	2	1	2	2	1	2	1	2	2	2	1	2	1	1	1	2	1	1	2	2	2	1	1	1	1	2	2	2	2	2	2
23	1	1	1	1	2	1	1	2	1	2	2	1	1	1	2	2	1	2	2	2	2	2	1	1	2	1	1	1	1	1	1	2	1	1	1	1	1	2	1	1	2	2	2	1	1	1	2	1	2	1	2	1	1	1	2	1	1	2	2	2	1	2	1	1	2	2	2	1	2	2
23	1	0	1	1	1	1	2	1	2	1	2	2	1	1	2	2	1	2	2	2	2	2	1	1	2	1	1	1	2	1	1	2	2	1	1	1	1	1	1	1	1	2	1	1	2	1	2	2	2	1	2	1	1	1	2	1	1	2	1	1	1	1	1	1	2	2	2	2	2	2
23	1	1	1	1	2	1	2	2	1	1	2	1	1	1	1	1	1	2	2	2	2	2	1	2	2	1	1	0	1	1	1	1	2	2	1	1	1	2	1	2	2	2	1	1	1	1	2	2	2	1	2	1	1	1	1	1	2	2	1	2	1	2	1	2	2	2	2	2	2	2
24	1	1	1	1	2	1	1	2	1	2	2	1	1	1	2	2	2	2	2	1	2	1	1	2	2	1	1	1	2	1	2	2	2	1	1	1	1	2	1	2	2	2	2	1	2	1	2	1	2	1	2	1	1	1	2	1	2	2	1	1	1	2	1	1	2	2	1	2	2	2
24	1	2	2	1	1	1	2	2	1	1	1	2	1	1	2	2	1	2	2	2	2	2	1	2	2	1	1	1	2	1	1	2	2	1	1	1	1	2	1	2	1	2	2	1	2	1	2	2	2	1	2	1	1	1	2	2	1	2	2	2	1	2	1	2	2	2	2	1	2	2
24	1	1	1	2	2	1	1	1	1	2	2	1	1	2	2	2	2	2	2	2	2	2	1	2	2	1	1	1	1	1	1	2	2	1	1	1	1	1	2	1	1	2	1	2	1	1	2	1	2	1	2	1	1	1	2	2	1	2	1	1	1	1	1	1	2	2	2	2	2	1
25	1	1	2	2	1	1	2	2	2	1	2	2	1	1	1	2	2	2	2	2	2	2	1	1	2	1	1	1	2	1	2	2	1	1	1	1	1	1	1	2	2	2	2	1	1	1	2	2	2	1	2	1	1	1	2	2	1	2	1	1	1	2	1	1	2	2	1	1	2	2
25	2	1	2	1	2	1	1	2	2	1	1	1	1	1	1	2	2	2	2	1	2	1	1	1	1	1	1	1	2	1	1	2	1	1	1	1	1	2	1	2	1	2	1	1	1	1	2	1	2	1	2	1	1	1	2	1	1	2	1	1	1	2	1	1	2	2	1	2	2	2
25	2	1	1	1	2	1	2	2	2	1	2	2	1	2	2	2	1	2	2	1	2	2	1	1	2	1	1	1	2	1	1	2	1	1	1	1	1	1	1	2	1	2	2	1	1	1	2	2	2	1	2	1	1	1	2	1	1	2	2	1	1	1	1	1	2	2	2	2	2	2
26	1	1	1	1	1	1	1	2	1	1	1	1	2	2	2	2	1	1	2	2	2	1	1	2	2	1	1	1	1	1	1	2	2	1	1	1	1	2	1	1	1	2	1	1	0	1	2	2	2	1	2	1	2	1	2	1	1	2	1	1	1	2	1	1	2	2	1	2	2	2
26	1	1	1	1	1	1	1	2	1	1	1	2	1	1	2	1	2	2	1	2	2	2	1	2	2	1	1	1	2	1	1	2	1	2	1	1	1	1	1	2	1	2	1	1	1	1	2	2	1	1	2	1	1	1	2	1	1	2	2	2	1	2	1	1	2	2	1	2	2	1
26	1	1	1	1	1	1	1	2	2	1	2	1	1	1	1	2	2	1	2	2	2	1	1	2	2	1	1	1	1	1	1	2	2	1	2	1	1	1	1	2	1	2	2	1	1	1	2	2	2	1	2	1	1	1	2	1	1	2	1	0	2	2	1	1	2	2	1	1	2	2
27	2	1	1	1	1	1	2	2	1	1	2	1	1	1	1	1	2	2	2	1	2	2	1	1	2	1	1	1	2	1	1	2	2	1	1	1	1	1	1	2	1	2	2	1	1	1	2	1	1	1	2	2	1	1	2	1	1	2	2	1	1	1	1	2	1	2	1	1	2	2
27	1	1	1	1	1	1	1	1	1	2	1	1	1	1	1	1	2	1	2	1	2	2	1	2	2	1	1	1	1	1	2	2	1	1	1	1	1	1	1	2	2	2	2	1	1	1	2	1	1	1	2	1	1	1	2	1	1	2	1	1	1	1	1	1	1	2	1	1	2	1
27	1	1	1	1	1	1	1	2	2	2	2	1	1	1	1	2	2	2	2	1	2	2	1	2	2	1	1	1	1	1	2	1	1	1	2	1	1	1	1	2	1	2	1	2	1	1	2	1	2	1	2	1	1	1	2	1	2	2	2	1	1	1	1	2	2	2	1	2	1	1
28	1	1	1	1	1	1	2	2	1	2	2	1	1	1	1	2	2	2	2	2	2	2	1	2	2	1	1	1	1	1	1	2	2	1	1	1	1	1	1	2	1	2	1	2	1	1	2	2	2	1	2	1	1	1	2	1	1	2	1	1	1	2	1	1	2	2	1	2	2	2
28	1	2	1	1	1	1	2	1	2	1	2	1	1	2	1	2	2	1	2	2	2	2	1	1	2	1	1	1	1	1	1	1	2	1	2	1	1	1	1	2	2	2	1	2	1	1	2	2	2	1	2	1	2	2	2	1	1	1	2	2	1	1	1	1	1	2	1	1	2	1
28	1	1	1	1	2	1	1	2	1	2	2	1	1	1	2	2	2	1	2	2	2	2	1	2	2	1	2	1	1	1	1	2	2	1	2	1	1	1	1	2	2	2	2	1	1	2	2	2	2	1	2	1	2	1	2	1	1	2	2	1	1	2	1	2	2	2	1	2	2	1
29	1	2	1	1	2	1	2	2	1	2	1	2	1	2	1	1	1	1	2	2	2	2	1	2	1	1	1	1	2	1	1	2	2	1	2	1	1	2	1	2	1	2	1	1	2	1	2	1	2	1	2	1	2	1	2	1	1	2	2	2	1	2	1	1	1	2	2	2	1	1
29	1	2	1	1	1	1	1	2	2	1	2	2	1	2	2	1	1	2	1	2	2	2	1	1	2	1	1	1	2	1	1	2	1	1	2	1	1	1	1	1	1	2	1	1	1	1	2	1	2	1	2	1	1	1	2	1	1	2	1	1	1	2	1	1	2	2	1	2	2	2
29	1	1	2	2	1	1	1	2	1	1	1	2	1	1	2	2	2	2	2	1	2	2	1	2	1	1	1	1	2	1	1	2	2	1	2	1	1	2	1	2	2	2	1	1	1	1	2	1	2	1	2	1	1	1	2	2	1	2	2	1	1	1	1	0	0	0	0	0	0	0
30	1	1	2	2	2	1	2	2	1	1	1	2	1	2	1	1	1	2	2	2	2	2	1	2	2	1	1	1	1	1	1	2	1	1	1	1	1	1	1	1	2	2	2	1	2	1	2	1	2	1	2	1	1	1	2	1	1	2	2	1	1	2	1	1	2	2	2	2	2	2
30	1	2	1	2	1	1	2	2	1	1	2	1	1	1	1	2	1	1	2	1	2	2	1	2	1	1	1	1	2	1	1	2	1	1	1	1	1	2	2	1	2	2	2	2	1	1	2	1	2	1	2	1	1	2	1	2	1	2	1	2	1	2	1	1	2	2	2	2	2	2
30	1	2	1	1	2	1	2	2	1	1	2	1	1	2	1	2	2	2	2	2	2	2	1	2	2	1	1	1	2	1	1	1	2	1	2	1	1	1	1	2	2	2	1	1	2	1	2	2	2	1	2	2	1	1	2	1	1	2	1	1	1	2	1	1	2	2	1	2	2	1
31	1	1	2	2	1	1	2	2	1	2	1	1	1	1	2	1	1	2	2	2	2	2	0	0	0	0	0	0	0	0	0	0	0	0	0	0	0	0	0	0	0	0	0	0	0	0	0	0	0	0	0	0	0	0	0	0	0	0	0	0	0	0	0	0	0	0	0	0	0	0
31	1	1	1	1	2	1	1	2	1	1	1	1	1	1	2	1	2	2	2	2	2	2	0	0	0	0	0	0	0	0	0	0	0	0	0	0	0	0	0	0	0	0	0	0	0	0	0	0	0	0	0	0	0	0	0	0	0	0	0	0	0	0	0	0	0	0	0	0	0	0
31	1	1	1	1	1	1	2	2	1	2	2	1	1	1	2	2	1	2	2	2	2	2	0	0	0	0	0	0	0	0	0	0	0	0	0	0	0	0	0	0	0	0	0	0	0	0	0	0	0	0	0	0	0	0	0	0	0	0	0	0	0	0	0	0	0	0	0	0	0	0
32	1	1	2	1	1	1	2	2	1	1	2	1	1	1	2	2	1	2	2	1	2	2	1	1	2	1	1	1	2	1	2	1	2	1	1	1	1	2	1	2	1	2	2	1	2	1	2	1	2	1	2	1	1	1	2	1	1	2	2	2	1	1	1	1	2	2	2	1	2	1
32	2	1	2	1	1	1	2	2	2	1	2	1	1	1	2	1	1	2	2	2	2	1	1	1	1	1	1	1	1	1	1	1	2	1	1	1	1	1	1	2	1	2	2	1	1	1	2	1	1	1	1	1	1	2	2	1	1	1	2	1	1	1	1	1	2	2	2	2	1	2
32	2	1	1	1	1	1	1	2	1	1	2	2	1	1	2	2	2	2	2	1	2	2	1	1	1	1	2	1	1	1	1	1	2	1	1	1	1	2	1	2	1	2	1	1	2	1	2	1	2	1	2	2	1	1	2	1	1	2	1	2	1	2	1	1	2	2	2	1	2	2
33	1	1	2	1	2	1	2	2	2	1	1	2	1	2	2	2	2	2	2	2	2	2	1	2	2	1	1	1	1	2	1	1	2	1	1	1	1	1	2	1	1	2	1	1	2	1	2	2	2	1	2	1	1	1	2	2	2	2	2	2	2	1	2	1	2	2	1	1	2	1
33	1	1	1	1	2	1	1	2	2	1	1	1	1	1	2	2	2	2	2	2	2	2	1	2	2	1	1	1	2	1	1	2	2	1	2	2	1	2	1	2	1	2	2	1	2	1	2	2	2	1	2	1	1	1	2	1	1	2	1	1	2	2	1	1	2	2	1	2	2	1
34	1	1	1	1	1	1	1	2	1	1	2	2	1	1	2	2	2	2	2	2	2	2	1	2	2	1	1	1	1	1	1	2	2	1	1	1	1	1	1	2	1	2	1	1	1	1	2	1	2	1	2	1	2	1	2	1	1	2	1	2	1	1	1	1	2	2	1	2	2	2
34	1	1	1	1	2	1	2	2	1	1	1	2	1	1	2	1	2	1	1	2	2	2	1	2	2	1	1	1	1	1	1	2	2	1	1	1	1	1	1	2	1	2	1	1	2	1	2	2	2	1	2	1	1	1	2	1	1	2	1	1	1	2	1	2	2	2	1	2	2	2
34	1	1	1	1	2	1	1	2	1	1	2	1	1	1	2	1	2	1	2	2	2	2	1	2	2	1	1	1	2	1	1	2	1	1	2	1	1	2	1	2	2	2	2	1	1	1	2	1	2	1	2	1	1	1	2	1	1	2	1	2	1	1	1	1	1	2	2	2	1	1
35	1	1	1	1	1	1	1	2	1	1	2	2	1	1	2	2	2	1	2	2	2	2	1	2	2	1	1	1	2	1	1	2	1	1	1	1	1	1	1	1	1	2	2	1	1	1	2	1	2	1	2	1	1	1	2	1	1	2	1	2	1	2	1	1	1	2	2	1	2	1
35	1	1	1	1	1	1	1	2	1	2	2	2	1	2	1	1	2	1	2	2	2	2	1	2	2	1	1	1	1	1	1	2	1	1	1	1	1	1	1	1	1	2	1	1	1	1	1	1	2	1	2	1	1	1	2	1	1	2	1	1	1	2	1	2	2	2	1	2	2	2
35	1	1	1	1	2	1	2	2	2	1	2	1	1	2	1	1	1	2	2	2	2	2	1	2	2	1	1	1	2	1	1	2	1	1	1	1	1	2	1	2	1	2	1	1	1	1	2	1	2	1	2	1	1	1	2	1	1	2	1	2	2	2	1	1	2	2	2	2	2	2
36	1	1	1	1	1	1	2	2	1	1	2	0	2	1	1	2	2	2	2	1	2	2	1	2	2	1	1	1	1	1	1	2	2	1	1	1	1	1	1	2	1	2	2	1	2	1	2	2	2	1	2	1	2	1	2	1	1	2	2	1	2	1	1	2	2	2	1	1	2	1
36	1	1	1	1	1	1	1	2	1	1	2	2	1	1	2	1	1	2	2	1	2	2	1	1	2	1	1	1	1	1	1	2	2	1	1	1	1	1	1	2	1	2	2	1	1	1	2	1	2	1	2	1	1	1	2	1	1	2	2	1	2	1	2	1	2	2	1	1	2	1
36	1	1	1	1	1	1	1	2	1	1	2	2	1	1	1	2	2	2	2	1	2	2	1	1	2	1	1	1	2	1	1	2	2	1	1	1	1	1	1	2	1	2	1	1	1	1	2	2	2	1	2	1	1	1	2	1	1	1	2	2	1	1	1	1	2	2	1	1	2	1
37	1	1	1	1	1	1	1	2	2	2	1	1	1	1	1	1	2	2	2	1	2	1	1	1	2	1	1	1	2	1	1	2	2	1	1	1	1	2	1	2	2	2	1	1	1	1	2	2	2	1	2	1	1	1	2	1	1	1	2	1	1	1	1	2	2	2	1	2	2	1
37	1	1	1	1	1	1	1	2	1	1	2	2	1	1	1	2	2	1	2	1	1	2	1	1	2	1	1	1	2	1	1	2	2	1	2	1	1	1	1	2	2	2	1	1	2	1	2	1	2	1	1	1	2	1	2	1	1	1	2	1	1	1	1	1	2	2	1	1	2	1
38	1	1	1	1	1	1	1	2	1	1	2	1	1	1	2	1	1	2	2	1	2	2	0	0	0	0	0	0	0	0	0	0	0	0	0	0	0	0	0	0	0	0	0	0	0	0	0	0	0	0	0	0	0	0	0	0	0	0	0	0	0	0	0	0	0	0	0	0	0	0
38	1	1	1	1	1	1	2	2	1	1	2	2	1	1	2	1	2	2	2	1	2	1	0	0	0	0	0	0	0	0	0	0	0	0	0	0	0	0	0	0	0	0	0	0	0	0	0	0	0	0	0	0	0	0	0	0	0	0	0	0	0	0	0	0	0	0	0	0	0	0
38	2	1	1	2	1	1	2	2	1	1	1	2	1	1	1	2	1	2	2	1	2	2	0	0	0	0	0	0	0	0	0	0	0	0	0	0	0	0	0	0	0	0	0	0	0	0	0	0	0	0	0	0	0	0	0	0	0	0	0	0	0	0	0	0	0	0	0	0	0	0
39	1	1	2	1	2	1	2	2	2	1	1	2	1	1	1	2	2	2	2	2	2	2	1	2	2	1	1	1	1	1	1	2	1	1	2	1	1	1	1	1	2	2	1	0	2	1	2	1	2	1	2	1	1	1	2	2	1	2	1	1	1	2	2	1	2	2	2	2	2	2
39	1	1	2	1	1	1	2	1	1	2	1	2	1	1	1	2	2	2	2	2	2	2	1	1	2	1	2	1	2	1	1	2	2	1	2	1	1	1	1	2	1	2	2	1	2	1	2	1	2	1	2	1	1	1	2	1	1	2	1	1	1	2	1	1	2	2	2	2	2	1
39	1	1	1	1	1	1	2	2	1	1	2	1	1	1	2	2	1	2	2	2	2	2	1	2	2	1	1	1	2	1	1	2	1	1	2	1	1	1	1	1	1	2	1	1	1	1	2	1	2	1	2	1	1	1	2	1	2	2	2	2	1	2	1	1	2	2	2	2	2	2
40	1	2	2	1	1	1	2	2	1	1	1	2	1	2	2	2	1	2	2	2	2	2	1	2	2	1	1	1	2	1	1	2	1	1	2	1	1	2	1	2	1	2	1	1	1	1	2	2	2	1	2	1	1	1	2	2	1	2	1	1	1	2	2	1	2	2	2	2	2	2
40	1	1	2	1	2	1	2	2	1	1	1	1	1	1	2	1	2	2	2	2	2	2	1	2	2	1	1	1	1	2	1	2	1	1	2	1	1	1	1	2	1	1	1	1	2	1	2	2	2	1	2	1	1	1	2	2	1	2	1	2	1	2	1	1	2	2	2	2	2	1
40	1	2	2	2	1	1	2	2	1	1	1	2	1	1	2	2	1	1	2	2	2	2	1	2	2	1	1	1	2	1	1	2	1	1	2	1	1	1	1	2	2	2	1	1	1	1	2	1	2	1	2	1	1	1	2	2	1	2	1	1	1	2	1	1	2	2	2	2	2	2
41	1	1	1	1	1	1	2	2	2	1	2	2	1	1	2	1	1	2	2	2	2	2	1	1	2	1	1	1	2	1	1	2	2	1	2	1	2	2	2	1	2	2	1	1	1	1	2	1	2	1	2	1	1	1	2	2	1	2	1	1	2	2	1	2	2	2	1	2	1	0
41	1	1	1	1	1	1	2	2	1	1	2	1	1	2	2	2	2	2	2	1	2	2	1	1	2	1	1	1	2	1	1	1	2	1	2	1	1	1	1	1	1	2	1	1	1	1	2	2	2	1	2	1	1	1	2	1	2	2	1	2	1	2	1	1	2	2	1	2	2	2
41	1	1	1	1	1	1	1	2	2	1	2	2	1	2	1	2	1	2	2	1	2	2	1	2	2	0	1	1	2	1	1	2	2	1	2	1	1	2	1	2	1	2	2	1	1	1	2	2	2	1	2	1	1	2	2	1	1	2	2	1	2	2	1	1	2	2	2	1	2	2
42	1	1	2	2	2	1	2	2	2	1	2	1	1	1	2	2	1	2	2	2	2	2	1	1	2	1	1	2	1	1	1	2	1	1	1	1	1	2	1	2	2	2	2	1	1	1	2	1	2	1	2	1	1	1	2	2	1	2	1	2	2	2	1	1	2	2	2	2	2	1
42	1	1	2	1	2	1	1	2	2	2	2	1	1	2	2	2	2	2	2	2	2	2	1	1	2	1	2	1	2	1	1	2	2	1	1	2	1	2	2	2	1	2	2	1	1	1	2	1	2	1	2	1	1	1	2	2	1	2	1	1	1	2	1	2	2	2	1	2	2	2
42	1	1	2	2	2	1	1	2	2	1	2	2	1	2	2	2	2	2	2	2	2	2	1	1	2	2	1	1	1	1	1	2	1	1	1	1	1	2	1	2	2	2	2	1	1	1	2	1	2	1	2	1	1	2	2	1	1	2	1	1	1	2	1	1	2	2	2	1	2	1
43	1	1	2	1	1	1	2	2	1	1	2	1	1	1	2	1	2	2	2	2	2	2	1	1	2	1	1	2	2	1	1	2	1	1	1	1	1	2	2	2	1	2	1	1	2	1	2	2	2	1	2	1	1	2	2	1	1	2	2	2	2	2	1	1	2	2	2	2	2	1
43	1	1	1	1	2	1	2	2	1	1	2	1	1	1	2	2	2	2	2	2	1	2	1	1	2	1	1	1	1	1	1	2	1	1	2	1	1	2	1	2	1	2	1	1	1	1	2	1	2	1	2	1	1	2	2	1	1	2	2	1	1	2	1	2	2	2	2	2	2	1
43	1	1	1	1	2	2	1	2	2	1	2	1	1	1	2	2	1	2	2	2	2	2	1	1	2	1	1	1	2	1	1	2	2	1	1	1	1	2	1	2	1	2	1	1	1	1	2	2	2	1	2	1	1	1	2	1	1	2	1	2	1	2	1	2	2	2	2	2	2	2
44	1	1	2	1	1	1	2	2	2	1	2	2	1	1	2	1	2	2	2	2	2	2	1	1	2	1	2	1	2	1	1	2	2	1	1	1	1	1	1	2	1	2	1	1	1	1	1	1	2	1	2	1	1	1	2	1	1	2	1	1	1	2	1	1	2	2	2	2	2	2
44	1	1	2	1	2	1	2	2	2	2	2	2	1	1	2	1	1	2	1	1	2	2	1	1	2	1	1	1	1	1	1	2	2	1	1	1	1	1	1	1	2	2	1	1	1	1	2	1	2	1	2	1	1	1	2	1	1	2	1	1	1	1	1	1	1	2	1	2	2	1
44	1	1	2	2	1	1	1	2	2	1	2	2	2	2	2	1	2	1	2	2	2	2	1	1	2	1	1	1	2	1	1	2	2	1	1	1	1	2	1	2	2	2	2	1	1	1	2	2	2	1	1	1	1	1	2	1	1	2	1	2	2	2	1	1	2	2	1	2	2	2
45	1	1	2	1	2	1	1	2	2	2	2	1	1	1	2	1	1	2	1	2	2	2	1	1	1	1	1	1	2	1	1	2	2	1	1	2	1	2	1	2	1	2	2	1	2	1	2	1	2	1	2	1	1	1	2	1	1	2	1	1	1	1	2	1	1	2	1	2	2	2
45	2	1	2	1	2	1	1	2	2	1	2	1	1	1	2	2	1	2	2	2	2	2	1	1	2	1	1	1	2	1	1	2	2	1	1	2	1	2	1	2	1	2	2	2	1	1	2	2	2	1	2	1	1	1	2	1	1	2	2	1	1	2	1	1	2	2	1	2	2	0
46	1	1	1	1	1	1	1	2	2	2	2	1	1	1	2	1	2	2	0	2	2	2	1	0	2	1	1	1	2	1	1	2	2	1	1	1	1	2	1	2	1	2	2	1	2	1	2	2	2	1	2	1	1	1	2	1	1	2	2	2	1	2	1	1	2	2	1	2	1	2
46	2	1	1	1	1	1	2	2	2	2	1	2	1	2	2	2	2	1	2	2	2	2	1	2	2	1	1	1	2	1	1	2	1	1	1	1	1	2	1	2	1	2	1	1	1	1	2	1	2	1	2	1	2	1	2	1	1	2	2	2	2	2	1	1	2	2	2	2	2	2
46	1	1	2	1	2	1	1	2	1	2	1	2	1	2	2	1	2	1	1	2	2	2	1	2	2	1	1	1	2	1	1	2	2	1	1	1	1	2	1	2	2	2	2	1	1	1	2	1	2	1	2	1	2	1	2	1	1	2	1	1	1	2	1	1	2	2	2	2	2	2
47	1	2	1	1	2	1	1	2	1	1	2	2	1	1	1	2	2	2	2	2	2	1	1	2	2	1	1	1	2	1	2	2	2	2	1	1	1	2	1	2	1	2	1	1	1	1	2	2	2	1	2	1	2	1	2	1	1	1	2	1	1	1	1	1	1	2	1	2	2	2
47	1	2	1	1	2	1	1	2	1	1	2	1	1	1	1	2	1	1	2	2	2	2	1	2	2	1	1	1	1	1	2	2	1	1	1	1	1	2	1	2	1	2	1	1	1	1	2	1	2	1	2	2	1	1	2	1	2	2	2	1	1	2	1	1	2	2	1	2	2	2
47	1	1	1	1	1	1	2	2	2	1	0	2	1	1	1	2	2	2	2	2	2	2	1	1	2	1	1	1	1	1	2	2	2	1	1	1	2	1	1	2	1	2	2	1	1	1	2	2	2	1	2	1	2	1	2	1	1	2	1	1	1	2	1	1	2	2	1	2	2	2
48	1	1	2	1	2	1	1	2	1	2	2	2	1	2	1	2	1	1	2	2	2	2	1	2	2	1	1	1	2	1	1	2	1	1	2	1	1	2	1	2	1	2	1	1	1	1	2	1	2	1	2	1	1	1	2	1	1	2	2	1	1	2	1	1	1	2	2	2	2	2
48	1	1	2	1	2	1	2	2	2	1	1	2	1	1	2	1	2	2	2	2	2	2	1	1	2	1	1	1	2	1	1	2	2	1	2	2	1	2	1	2	1	2	1	1	1	1	2	1	2	1	2	1	1	1	2	2	1	2	1	1	1	2	1	1	2	2	2	2	1	2
48	1	1	1	1	2	1	2	2	1	1	1	1	1	1	1	2	2	2	2	2	2	2	1	2	2	1	1	1	2	1	1	2	1	1	2	2	1	1	1	1	1	2	1	1	1	1	2	2	1	1	2	1	1	1	2	2	1	2	1	2	1	1	1	2	2	2	0	2	0	0
49	1	2	1	2	2	1	1	2	2	2	2	2	1	2	2	2	2	2	2	2	2	2	1	2	2	1	1	1	2	1	1	2	2	1	2	1	1	2	1	2	1	2	1	1	1	1	2	2	2	1	2	1	1	1	2	2	1	2	2	1	1	2	1	2	2	2	2	2	2	2
49	1	1	0	2	2	1	2	2	1	1	2	1	1	2	2	2	2	2	2	2	2	2	1	2	2	1	1	1	1	1	1	2	2	1	2	2	1	2	2	2	1	2	1	1	1	1	2	1	2	1	2	1	1	1	2	1	1	2	1	1	1	2	2	1	2	2	2	2	2	1
49	1	1	1	1	2	1	1	2	1	1	2	2	1	1	2	1	1	2	2	2	2	2	1	2	1	2	1	1	1	1	1	2	2	1	2	2	1	1	1	2	1	2	1	1	2	1	2	2	2	1	2	1	1	1	2	1	1	2	2	1	1	2	1	2	2	2	2	2	1	2
50	1	1	2	1	1	1	1	2	2	1	1	2	1	2	2	2	2	2	2	2	2	1	1	1	2	2	1	1	2	1	1	2	1	1	2	1	1	1	1	2	1	2	1	1	1	1	2	1	2	1	2	1	1	1	2	2	1	2	1	1	1	2	1	1	1	2	1	2	2	2
50	1	1	1	1	2	1	2	2	1	1	2	1	1	1	2	1	2	2	2	2	2	2	1	2	2	1	1	1	1	1	1	2	1	1	2	1	1	2	1	1	1	2	1	1	2	1	2	1	2	1	2	1	1	1	2	1	1	2	1	1	1	1	1	1	2	2	2	2	2	1
50	1	1	2	1	2	1	1	1	1	1	2	1	1	1	2	2	2	2	2	2	2	2	1	1	2	1	1	1	1	1	1	2	1	1	2	2	1	2	1	1	2	2	1	1	1	1	2	0	2	1	2	1	1	1	2	1	1	2	1	1	1	2	1	1	1	2	2	2	2	1
51	1	2	2	2	1	2	2	2	2	1	2	1	1	1	2	2	2	2	2	2	2	2	1	1	2	1	1	1	2	1	1	2	2	1	1	1	1	2	2	2	2	2	2	1	1	1	2	2	2	1	2	1	1	1	2	2	1	2	1	2	1	2	1	1	2	2	2	2	2	2
51	1	1	1	1	1	1	1	2	2	1	2	1	1	2	2	2	2	2	2	1	2	2	1	1	2	1	1	1	2	1	1	2	2	1	1	1	1	2	1	2	1	2	1	1	1	1	2	2	2	1	2	1	1	1	2	2	1	2	1	1	1	2	2	2	2	2	1	2	2	2
52	1	1	2	1	1	1	2	2	1	1	2	1	1	1	2	1	1	2	2	2	2	2	1	1	2	1	1	2	2	1	1	2	2	1	2	1	1	2	1	1	2	2	2	1	1	1	2	2	2	1	2	1	1	1	2	1	1	2	1	1	2	2	1	1	2	2	1	2	2	1
52	1	1	1	2	2	1	1	2	1	1	2	1	1	2	2	2	2	2	2	2	2	2	1	1	2	1	2	1	1	1	1	2	1	1	1	1	1	1	1	2	2	2	1	1	1	1	2	1	1	1	2	1	1	2	2	1	1	2	2	1	1	2	1	1	2	2	1	2	2	1
52	1	1	1	1	1	1	1	2	2	1	2	1	1	1	2	2	1	2	2	2	2	2	1	1	2	1	1	1	2	1	1	2	1	1	1	1	1	1	1	2	1	2	1	1	2	1	2	1	2	1	2	1	1	1	2	1	1	2	2	1	1	2	1	2	1	2	2	2	2	2
53	1	1	1	1	2	1	1	2	1	1	2	1	1	1	2	1	2	2	2	1	2	2	1	1	2	1	1	1	2	1	1	2	1	1	2	1	1	2	1	2	1	2	2	1	1	1	2	1	2	1	2	1	1	1	2	1	1	2	1	2	2	2	1	1	2	2	1	2	2	2
53	1	1	1	1	1	1	1	2	1	1	2	1	1	1	2	1	2	1	2	2	2	2	1	1	2	1	1	1	2	1	1	2	2	1	1	1	1	1	1	2	1	2	2	1	1	1	2	1	2	1	2	1	1	1	2	1	1	2	2	1	2	2	1	1	2	2	1	2	2	1
54	2	2	1	0	1	1	2	2	1	1	2	1	1	2	2	2	2	2	2	1	2	2	1	1	2	1	1	1	2	1	1	2	1	1	2	1	1	0	1	2	1	2	2	1	1	1	2	2	2	1	2	1	2	1	2	1	1	2	2	1	1	1	2	1	2	2	1	2	1	1
54	2	2	2	1	1	1	2	2	1	1	2	1	2	2	2	1	2	1	2	2	2	2	1	1	2	1	1	1	1	1	1	2	1	1	1	1	1	1	1	2	2	2	1	1	1	1	2	2	1	1	2	1	1	1	2	1	1	1	2	1	1	1	1	1	2	2	2	2	2	2
54	2	2	1	1	1	1	2	2	1	2	2	1	1	1	2	1	2	2	2	1	2	2	1	1	2	1	1	1	2	1	1	2	1	1	2	1	1	1	1	1	1	1	2	1	2	1	2	1	2	1	2	1	1	1	2	1	1	1	2	2	2	2	1	1	2	2	2	2	1	1
55	1	2	1	1	2	1	1	2	2	1	2	1	1	1	2	1	2	1	2	1	2	2	1	1	2	1	1	1	1	1	1	2	2	1	1	1	1	2	1	2	1	2	2	1	2	1	2	1	2	1	1	1	1	1	2	1	1	2	1	2	1	1	1	1	2	2	1	2	2	2
55	2	1	2	2	1	1	2	2	2	1	2	1	1	1	2	2	2	2	2	1	2	2	1	1	2	1	1	1	2	1	1	2	2	1	2	1	1	1	1	2	1	2	2	1	2	1	2	2	2	1	2	1	2	1	2	1	1	1	2	2	2	2	1	1	2	2	1	1	2	2
55	1	1	1	1	1	1	1	1	1	1	2	1	2	1	2	1	2	2	2	1	2	2	1	1	2	1	1	1	1	1	1	2	2	1	1	1	1	1	1	2	1	2	1	1	1	1	2	2	2	2	2	1	1	1	2	1	1	1	2	1	1	1	1	1	2	2	2	2	2	2
56	1	1	1	1	1	1	1	2	1	1	1	2	1	1	1	1	1	2	2	1	2	1	1	1	2	1	1	1	2	1	1	2	2	1	1	1	1	1	1	2	1	2	2	1	1	1	2	1	2	1	2	2	2	1	2	1	1	2	1	1	1	1	1	2	1	2	1	1	2	1
56	1	1	1	1	1	1	1	2	2	1	1	2	1	1	1	1	2	1	2	2	2	2	1	1	2	1	1	1	2	1	1	2	2	1	2	1	1	1	1	2	1	2	1	1	1	1	2	2	2	1	2	1	1	1	2	1	1	2	1	1	1	1	1	1	2	2	1	2	2	1
57	1	1	1	1	1	1	1	2	2	1	1	2	1	1	1	1	1	2	2	1	2	1	1	1	2	1	1	1	1	1	1	1	2	1	1	1	1	1	1	2	1	2	2	1	1	1	2	2	2	1	1	2	2	1	2	1	1	2	2	1	1	2	1	2	2	2	1	1	2	2
57	1	1	1	1	1	1	1	2	1	1	1	2	1	1	1	1	2	1	2	1	2	2	1	1	2	1	1	1	1	1	1	2	1	1	2	1	1	1	1	2	1	2	2	1	1	1	2	2	1	1	2	1	1	1	2	1	2	1	2	1	1	2	1	1	1	2	1	1	2	2
58	2	1	1	1	1	2	2	2	1	2	2	2	1	1	1	1	1	2	2	1	2	2	1	1	2	1	1	1	2	1	1	2	2	1	2	1	1	2	1	2	2	2	1	1	1	1	2	2	2	1	2	1	1	2	2	1	2	2	2	1	1	1	1	1	2	2	1	2	2	2
58	1	1	1	1	1	2	2	2	1	1	1	1	2	1	1	2	1	2	2	1	2	2	1	2	2	1	1	1	2	1	1	2	2	1	2	1	1	2	1	2	2	2	2	1	1	1	2	1	2	1	2	2	2	2	2	1	2	2	2	1	1	1	1	1	2	2	1	2	2	2
59	1	1	2	1	2	1	2	2	2	2	2	2	1	2	1	1	1	2	2	2	2	2	1	2	2	1	1	1	2	1	1	2	1	2	2	1	1	2	1	2	1	2	1	1	1	1	2	2	2	2	2	1	1	1	2	1	1	2	1	1	1	2	1	2	2	2	1	2	2	2
59	1	2	2	2	2	1	2	2	1	1	2	2	2	2	2	1	2	2	2	2	2	2	1	2	2	1	1	1	2	2	1	2	2	1	2	2	2	2	1	2	2	2	1	1	1	1	2	2	2	1	2	1	1	1	2	2	1	2	1	1	1	2	1	1	2	2	2	2	2	2
60	1	1	1	2	1	1	1	2	1	1	1	2	1	2	1	2	2	1	2	2	2	2	1	2	2	1	1	1	2	2	1	2	1	1	2	2	1	2	2	2	1	2	1	1	1	1	2	1	2	1	2	1	1	1	2	1	1	2	1	1	2	2	2	1	1	2	1	2	2	2
60	1	1	1	2	2	1	2	2	1	1	1	2	1	2	2	1	2	1	1	2	2	2	1	2	2	2	1	1	2	1	1	2	2	2	2	1	1	2	1	1	1	2	2	1	1	1	2	2	2	1	2	1	1	1	2	1	1	2	1	1	1	2	1	1	2	2	2	2	2	2
60	1	1	1	2	1	1	2	2	1	1	2	2	1	2	2	1	1	2	2	2	2	2	1	2	2	1	1	1	2	1	1	2	2	2	2	1	1	1	1	2	1	2	2	1	1	1	2	2	1	1	2	1	1	1	2	1	1	2	1	1	1	2	1	1	1	2	1	2	2	1
61	1	2	1	2	2	1	1	2	1	1	2	1	1	2	1	1	1	2	2	2	2	2	1	2	2	1	1	1	1	1	1	2	1	1	2	1	1	2	2	2	1	2	2	1	1	1	2	1	1	1	2	1	1	1	2	1	1	2	1	1	1	2	2	1	2	2	2	1	2	2
61	1	1	1	1	2	1	1	2	2	1	2	2	1	1	1	2	2	2	2	2	2	2	1	1	2	1	1	1	2	1	1	2	1	1	2	1	1	2	1	2	1	2	1	1	1	1	2	2	2	1	2	1	1	1	2	1	1	2	1	2	1	2	2	2	2	2	2	2	1	1
61	1	2	1	2	2	1	1	2	1	1	2	1	1	1	2	2	2	2	2	2	2	2	1	2	2	1	1	1	2	1	1	2	2	1	2	1	1	2	2	1	1	2	2	1	1	1	2	2	1	1	2	1	2	1	2	2	2	2	1	1	1	1	2	2	2	2	2	2	2	2
62	1	1	2	2	2	1	1	2	2	1	2	1	1	2	1	1	1	2	2	2	2	2	1	2	1	1	1	1	2	1	1	2	1	1	2	2	1	2	2	2	1	2	2	1	2	1	2	1	2	1	2	1	2	1	2	1	1	2	1	1	1	1	1	1	2	1	2	2	2	1
62	1	2	1	1	1	1	2	2	1	1	2	1	1	1	2	1	2	2	2	2	2	2	1	2	1	1	1	1	2	1	1	2	1	1	2	1	1	2	1	2	1	2	2	1	2	1	2	2	2	1	2	1	1	1	2	1	1	2	2	2	1	1	2	1	2	2	2	2	2	1
62	1	2	1	1	2	1	2	2	2	1	1	1	1	2	2	2	2	2	2	2	2	2	1	1	2	1	1	2	2	1	1	2	2	1	2	1	1	1	2	2	1	2	1	2	2	1	2	1	2	1	2	1	2	1	0	1	1	2	1	1	2	2	2	1	2	2	1	1	2	2
63	1	2	2	1	1	1	2	2	2	1	2	2	1	1	2	1	2	2	2	2	2	2	1	1	2	2	1	1	1	1	1	2	2	1	1	1	1	2	1	2	1	2	2	1	1	1	2	1	2	1	1	1	1	1	2	2	1	2	1	1	1	1	1	1	2	2	2	2	2	2
63	1	1	1	1	1	1	1	2	1	1	2	1	1	1	2	1	2	2	2	2	2	2	1	1	1	1	1	1	2	1	1	2	1	1	1	1	1	2	1	2	2	1	1	1	1	1	2	2	2	1	2	1	1	1	2	1	1	2	2	1	1	2	1	2	2	2	2	2	2	2
63	1	1	1	1	2	2	2	2	1	1	2	2	1	2	2	2	2	2	2	1	2	2	1	1	2	2	1	1	2	1	1	2	1	1	2	1	1	2	1	2	2	2	2	2	1	1	2	2	2	1	2	1	1	1	2	1	2	2	2	2	1	2	1	1	1	2	2	1	2	2
64	1	1	1	2	2	1	1	2	1	2	2	2	1	1	2	2	2	2	2	2	2	2	1	1	2	1	1	1	1	1	1	2	2	1	1	1	1	2	1	2	1	2	1	1	1	1	2	1	2	1	2	1	1	0	2	1	1	2	1	1	1	2	2	1	2	2	2	2	2	2
64	1	1	1	1	1	1	1	2	2	1	2	2	1	1	2	2	1	2	1	2	2	2	1	1	1	2	1	1	2	1	1	2	1	1	1	1	1	2	1	2	1	2	1	1	1	2	2	2	2	1	2	1	1	1	2	1	1	2	1	2	1	2	1	1	2	2	2	2	2	2
64	1	1	1	1	2	1	2	2	2	2	2	1	1	2	2	2	2	2	2	2	2	2	1	1	2	1	1	1	1	1	1	2	2	1	2	1	1	1	1	2	1	2	1	1	1	1	2	1	2	1	1	1	1	2	2	2	1	2	2	1	1	2	1	1	2	2	1	2	2	2
65	2	1	1	1	1	1	1	2	1	1	2	2	1	1	2	2	2	1	2	2	2	2	1	1	1	1	1	1	1	1	1	2	2	1	1	1	1	1	1	2	1	2	2	1	2	1	2	1	2	1	1	1	2	1	2	1	1	2	1	1	2	1	1	2	2	2	1	2	2	1
65	1	2	1	1	1	1	1	2	1	1	2	2	1	1	2	2	2	2	2	1	2	2	1	1	2	1	1	1	1	1	1	1	2	1	1	1	1	1	1	1	1	1	2	1	1	1	2	1	2	1	2	1	1	1	2	1	1	1	2	1	1	2	1	1	2	2	1	2	2	2
65	2	2	1	1	1	1	1	2	1	2	2	2	1	1	2	2	2	1	2	2	2	2	1	1	1	1	2	1	1	1	2	1	2	1	2	1	1	1	1	2	1	2	1	1	1	1	2	2	2	1	2	1	2	1	2	1	2	2	1	2	2	1	1	1	2	2	2	2	2	1
66	1	2	1	1	1	1	2	2	2	1	2	1	1	1	2	1	2	1	2	1	2	2	1	1	2	1	1	1	1	1	1	2	2	1	2	1	1	2	2	2	1	0	2	1	1	1	2	1	2	1	2	1	1	1	2	1	1	2	2	2	1	2	1	1	2	2	2	2	2	2
66	2	1	1	1	2	1	2	2	2	2	2	2	2	1	2	2	2	1	2	1	2	2	1	1	2	1	1	1	2	1	1	2	2	1	1	1	1	1	1	2	1	2	2	1	1	1	2	2	2	1	2	1	2	1	2	1	1	2	2	2	1	2	1	2	2	2	1	1	2	1
66	2	1	1	1	1	1	2	2	1	1	2	2	1	1	2	2	2	1	2	2	2	2	1	1	2	1	1	1	2	1	1	2	1	2	2	1	1	1	1	2	1	2	1	1	1	1	2	1	2	1	1	1	2	1	2	1	1	2	1	2	1	2	1	1	2	2	2	1	1	1
67	1	1	2	1	1	1	2	2	1	1	2	2	1	1	2	1	1	1	2	1	2	2	1	1	2	1	1	1	2	1	1	2	2	1	1	1	1	1	1	2	1	2	2	1	1	1	2	2	2	1	1	1	1	1	2	1	1	2	2	1	1	1	1	2	2	2	0	1	2	2
67	1	2	2	1	1	1	2	2	1	1	2	1	2	1	2	1	2	2	2	2	2	1	1	1	2	1	1	1	1	1	1	1	2	1	1	1	1	1	1	2	1	1	2	1	1	1	2	1	2	1	2	1	2	1	2	1	1	2	2	1	2	1	1	0	2	2	1	0	0	0
68	1	1	1	1	2	1	2	2	2	2	1	2	2	2	1	2	1	1	2	2	2	2	1	2	1	1	1	1	2	1	1	2	2	1	1	2	1	1	1	2	1	2	2	1	1	1	2	1	2	1	2	2	2	1	2	1	1	2	2	1	1	0	2	1	2	2	2	2	2	2
68	1	1	1	1	1	1	1	2	1	1	1	2	1	0	1	2	2	1	2	2	2	2	1	1	2	1	1	1	1	1	2	2	2	1	1	1	1	1	1	2	1	2	2	1	1	1	2	1	2	1	2	2	2	1	2	1	1	2	1	1	1	1	2	1	2	2	1	1	2	1
69	2	1	1	1	1	1	1	2	2	2	1	1	1	1	1	1	1	1	2	1	2	1	1	1	2	1	1	1	2	1	1	1	2	1	2	1	1	1	1	2	1	2	2	1	1	1	2	1	2	1	2	2	2	1	2	1	2	2	2	1	1	2	1	2	2	2	1	2	2	2
69	1	2	1	1	1	1	1	2	1	1	1	1	2	1	1	1	1	1	2	1	2	1	1	2	1	1	1	1	2	1	1	1	2	1	2	1	1	1	1	1	1	1	2	1	1	1	2	1	2	2	1	2	2	2	2	1	1	2	1	1	1	1	1	1	2	2	1	2	2	2
70	1	1	1	1	1	2	2	2	1	1	1	1	2	2	1	1	1	1	2	1	2	2	1	1	2	1	1	1	1	1	1	1	2	2	1	1	2	1	1	2	1	2	1	2	1	1	2	2	1	1	2	1	1	1	2	1	2	2	1	1	1	1	1	2	2	2	1	2	2	1
70	2	1	1	1	1	2	2	2	1	1	1	2	1	1	1	1	2	1	2	1	2	2	1	2	2	1	1	1	1	1	1	1	2	1	1	1	1	1	1	2	1	2	2	1	1	1	2	2	2	1	2	2	2	1	2	1	1	2	1	1	1	2	1	1	2	2	1	2	2	1
70	1	1	1	1	1	2	2	2	2	1	1	1	1	1	1	1	2	2	2	1	2	1	1	2	2	1	1	1	2	1	1	1	1	1	1	1	1	1	1	2	1	2	2	2	1	1	2	2	2	1	2	2	2	2	2	1	1	2	1	2	1	1	1	2	2	2	1	0	2	2
71	2	1	1	1	1	2	2	2	1	2	2	1	2	1	1	1	2	1	2	1	2	1	1	1	2	1	1	1	2	2	1	1	2	1	1	1	2	1	1	2	1	2	1	2	1	1	2	1	2	1	2	2	2	1	2	1	2	2	1	1	1	2	1	1	2	2	1	2	2	2
71	2	1	1	1	1	2	2	2	1	2	2	1	2	1	1	1	2	1	2	1	2	1	1	1	2	1	1	1	2	2	1	1	2	1	1	1	2	1	1	2	1	2	1	2	1	1	2	1	2	1	2	2	2	1	2	1	2	2	1	1	1	2	1	1	2	2	1	2	2	2
71	2	1	1	1	1	2	2	2	1	2	2	1	2	1	1	1	2	1	2	1	2	1	1	1	2	1	1	1	2	2	1	1	2	1	1	1	2	1	1	2	1	2	1	2	1	1	2	1	2	1	2	2	2	1	2	1	2	2	1	1	1	2	1	1	2	2	1	2	2	2
72	1	1	1	2	2	1	1	2	1	2	2	2	1	2	2	2	2	2	1	2	2	2	1	2	2	1	1	1	2	1	1	2	2	1	2	1	1	1	1	1	1	2	2	1	2	1	2	1	2	1	2	1	2	1	2	2	1	2	1	1	1	1	1	1	2	2	2	1	2	2
72	1	1	2	2	1	1	1	2	2	2	2	1	1	1	2	2	1	1	2	2	2	2	1	2	2	1	1	1	2	1	1	2	1	1	2	1	1	2	1	2	1	2	2	1	2	1	2	2	2	1	2	1	1	1	2	1	2	2	1	1	1	1	1	2	2	2	2	2	2	2
72	1	2	1	2	1	1	1	2	2	1	2	2	1	1	2	2	2	2	2	2	2	2	1	1	1	1	2	1	2	1	1	2	1	1	2	1	1	2	1	2	1	2	1	1	2	1	2	1	2	1	2	1	1	1	2	2	1	2	1	1	1	2	1	1	2	2	2	2	2	2
73	1	2	2	2	2	1	2	2	1	1	1	2	1	1	2	2	1	2	2	2	2	2	1	2	2	1	1	1	2	1	1	2	1	1	2	1	1	1	1	1	1	2	0	1	2	1	2	1	2	1	2	1	1	1	2	2	1	2	1	1	1	2	2	1	2	2	1	2	2	1
73	1	1	2	1	2	1	2	2	2	1	2	1	1	2	1	2	2	2	2	2	2	2	1	2	2	1	1	1	1	1	1	2	1	2	2	1	1	2	1	1	1	2	2	1	2	1	2	2	2	1	2	1	1	1	2	1	1	2	1	1	1	2	1	2	2	2	2	2	2	2
73	1	1	1	1	1	1	1	2	1	1	2	1	1	2	2	1	2	2	2	2	2	2	1	1	2	1	1	1	2	1	1	2	2	1	2	1	1	1	1	2	2	2	1	1	2	1	2	1	2	1	2	1	1	1	2	2	1	2	2	1	1	2	1	1	2	2	2	2	2	2
74	1	2	1	1	2	1	2	2	2	1	1	2	1	1	2	1	1	1	2	2	2	2	1	1	2	1	1	2	2	1	1	1	2	1	2	1	1	2	1	2	1	2	2	1	1	1	2	1	2	1	2	1	1	1	2	2	1	2	1	1	1	2	1	1	2	2	2	1	2	2
74	1	1	1	1	2	1	1	2	1	1	2	1	1	2	2	1	2	2	2	2	2	2	1	2	1	1	1	1	1	1	1	1	2	1	2	2	1	2	1	2	1	2	2	2	1	1	2	1	2	1	2	1	1	1	2	2	2	2	1	1	1	2	1	1	2	2	1	2	2	2
74	1	2	1	1	1	1	1	2	1	1	1	2	1	1	2	1	2	2	2	2	2	2	1	2	1	1	1	1	2	2	1	2	2	1	2	1	1	1	1	2	2	2	2	2	1	1	2	1	2	1	2	1	1	1	2	1	2	2	1	1	1	2	1	1	2	2	2	2	2	1
75	1	1	1	1	2	1	1	2	2	2	2	2	1	1	1	2	2	2	2	2	2	2	1	2	2	1	1	1	2	1	1	1	2	1	2	1	1	1	1	2	1	2	1	1	1	1	2	1	2	1	2	1	1	1	2	1	1	2	2	1	1	1	1	1	1	2	1	2	1	2
75	1	1	2	1	1	1	2	2	2	1	2	2	1	1	2	2	2	2	2	2	2	2	1	1	2	1	1	1	2	1	1	2	1	1	2	1	1	2	1	2	2	2	2	1	1	1	2	2	2	1	2	1	1	1	2	1	1	2	1	2	1	2	1	1	2	2	1	2	2	1
75	1	1	2	1	1	1	1	2	1	1	1	1	1	2	2	2	1	2	2	2	2	2	1	2	1	1	1	1	2	1	1	2	2	1	2	1	1	1	1	2	1	2	1	1	1	1	2	1	2	1	2	1	1	1	2	1	1	2	1	1	1	1	1	1	2	2	1	2	2	2
76	1	1	1	2	2	1	2	2	1	1	2	1	1	1	2	1	1	2	2	2	2	2	1	1	1	1	1	1	1	1	1	2	1	1	1	1	1	1	1	2	1	2	2	1	1	1	2	2	2	1	2	1	1	1	2	2	1	2	1	1	1	1	1	1	2	2	2	2	2	1
76	1	1	1	1	2	1	1	2	2	1	2	2	1	1	2	1	1	2	2	2	2	2	1	1	1	1	1	1	1	1	1	2	1	1	1	2	1	2	1	1	1	2	2	1	2	1	2	2	2	1	1	1	1	1	2	2	1	2	1	1	1	2	1	1	2	2	2	2	2	2
76	1	2	1	1	2	1	1	2	1	2	2	2	1	1	2	1	2	2	2	2	2	2	1	1	2	1	1	1	2	1	1	1	2	1	1	1	1	1	1	1	1	2	2	1	2	1	2	2	2	1	2	1	1	1	2	2	1	2	1	2	1	2	1	1	2	2	2	2	2	1
77	1	1	1	2	1	1	1	2	1	2	2	1	1	1	2	2	1	2	2	2	2	2	1	1	2	1	1	1	2	1	1	1	2	1	2	0	1	1	1	2	1	2	2	1	2	1	2	1	2	1	2	1	1	1	2	1	1	2	1	2	1	1	1	1	2	2	1	2	2	1
77	1	1	1	2	1	1	2	2	1	1	2	2	2	1	2	1	2	2	2	2	2	2	1	1	2	1	1	1	1	1	1	2	2	1	2	0	1	1	1	2	1	2	2	1	2	1	2	1	2	1	1	1	1	1	2	1	1	2	2	2	2	1	1	1	2	2	1	2	2	2
77	1	1	1	1	1	2	2	2	1	1	2	1	1	1	2	2	2	1	2	1	2	1	1	1	0	1	1	1	2	1	1	1	2	2	1	1	1	1	2	2	1	2	1	1	1	1	2	2	1	2	1	1	1	2	1	1	2	1	1	1	1	1	1	1	2	2	2	2	2	0
78	1	1	1	1	1	1	2	1	1	2	2	2	1	2	2	1	2	2	2	2	2	2	1	1	2	1	1	1	1	1	1	1	2	1	1	1	1	2	1	2	1	2	1	1	2	1	2	1	2	1	2	1	1	2	2	1	1	2	2	1	1	2	1	1	2	2	1	2	2	1
78	1	1	2	1	1	1	1	2	1	2	2	2	1	1	2	2	2	2	2	2	2	2	1	1	2	1	1	1	2	1	1	1	2	1	2	1	1	2	1	2	1	2	1	2	1	1	2	1	2	1	2	1	1	1	2	1	1	1	2	1	1	2	1	1	2	2	1	2	2	2
78	1	1	1	1	1	2	1	2	1	1	2	2	1	1	2	1	1	2	2	2	2	2	1	1	2	1	1	1	2	1	1	1	2	1	1	1	1	2	2	1	1	2	1	1	1	1	2	1	2	1	2	2	1	1	2	1	1	2	1	1	1	2	1	1	1	2	1	2	2	2
79	1	1	1	1	1	1	1	2	2	1	2	1	1	1	2	2	1	1	2	1	2	1	1	1	1	1	1	1	2	1	1	1	2	1	2	1	1	1	1	2	1	2	2	1	2	1	2	1	2	1	2	1	1	1	2	1	1	1	2	2	1	1	1	1	2	2	2	2	2	2
79	2	1	1	2	1	1	2	2	2	1	2	1	1	1	2	1	2	1	1	1	2	1	1	1	2	1	1	1	2	1	1	1	1	1	2	1	1	1	1	2	1	1	2	1	1	1	2	1	2	1	2	1	1	1	2	1	1	2	2	1	1	1	1	1	2	2	1	1	2	2
79	2	1	1	1	1	1	2	2	1	1	2	2	1	1	2	2	1	1	1	1	2	2	1	1	1	1	1	1	1	1	1	2	1	1	2	1	1	1	1	2	1	2	1	1	2	1	2	2	2	1	1	1	1	1	2	1	1	2	1	1	2	1	2	1	2	2	1	2	2	1
80	1	1	1	2	1	1	2	2	2	2	2	1	2	1	2	2	2	1	2	1	2	2	1	1	2	1	1	2	1	1	1	0	2	1	2	1	1	1	1	2	1	2	2	2	1	1	2	2	2	1	2	1	2	1	2	1	1	2	2	1	1	1	1	2	2	2	1	2	2	2
80	2	1	1	1	1	1	2	2	1	1	2	1	1	1	2	2	2	1	2	1	2	2	1	1	2	1	1	1	1	1	1	2	2	1	2	1	1	1	1	2	1	2	2	2	0	1	2	2	2	1	2	1	2	2	2	1	1	2	2	1	1	1	1	1	2	1	2	2	2	1
80	2	1	1	2	1	2	2	2	2	1	2	1	1	1	2	2	2	2	2	1	2	1	1	1	2	1	1	1	1	1	1	2	2	1	1	1	1	1	1	2	1	2	2	1	1	1	2	2	2	1	2	1	2	1	2	1	1	1	2	1	1	1	1	2	2	2	2	2	2	1
81	1	1	1	1	2	2	2	2	1	1	1	1	2	1	1	2	2	1	2	2	2	1	1	1	2	1	1	1	2	1	1	2	2	1	2	1	1	1	1	2	1	2	2	2	1	1	2	2	2	1	2	1	1	1	2	1	2	2	2	1	1	1	1	1	2	2	2	1	2	2
81	2	2	1	1	1	2	2	2	2	1	1	1	2	1	1	1	2	1	2	1	2	1	1	2	2	1	1	1	2	1	1	2	2	1	1	1	1	1	1	2	1	2	2	2	1	1	2	2	2	1	2	2	2	1	2	1	2	2	2	2	1	1	1	2	1	1	2	2	1	2
81	1	1	1	1	1	2	1	2	1	1	1	1	2	1	1	1	2	1	2	1	2	1	1	1	2	1	1	1	2	1	1	2	2	1	1	1	1	1	1	2	1	1	2	2	2	1	2	2	1	2	2	1	1	1	2	1	2	2	2	2	1	2	1	1	1	1	0	2	2	2
82	1	1	1	2	1	2	2	2	1	1	1	1	2	1	1	2	1	2	2	1	2	2	1	2	2	1	1	1	1	1	1	2	2	1	1	1	2	1	1	2	1	2	1	1	1	1	2	2	2	1	2	2	2	2	2	1	1	1	2	1	1	1	1	0	2	2	1	2	2	1
82	1	1	1	1	1	2	2	2	1	2	1	1	2	1	1	2	2	1	2	1	2	2	1	2	2	1	1	1	2	1	1	2	2	1	2	1	2	1	1	2	1	2	1	1	2	1	2	1	2	1	2	1	1	1	2	1	2	1	2	1	1	1	1	1	2	2	1	2	2	1
82	1	1	1	2	2	2	2	2	1	2	1	1	2	1	1	1	1	2	2	1	2	2	1	2	2	1	1	1	1	1	1	2	2	1	1	1	1	1	1	2	1	2	1	2	1	2	2	2	2	1	2	1	1	2	2	1	2	1	2	1	1	2	1	2	2	2	0	2	1	1
83	2	1	1	1	1	2	2	2	1	2	1	2	2	1	1	1	2	1	2	2	2	1	1	2	2	1	1	2	1	1	1	1	1	1	2	1	1	1	2	2	1	1	2	2	1	1	2	2	2	1	1	1	1	1	2	1	1	2	2	1	1	1	2	1	2	2	0	2	2	1
83	2	1	1	2	1	2	2	2	1	2	1	1	2	1	1	2	1	1	2	2	2	1	1	2	2	1	1	2	1	1	1	2	2	1	2	1	1	1	2	2	1	1	1	2	1	1	2	2	2	1	2	1	1	2	2	1	2	2	2	1	1	1	2	1	2	2	0	2	2	1
83	2	1	1	2	1	2	2	2	1	2	1	1	2	1	1	2	2	1	2	2	2	1	1	1	2	1	2	2	1	1	1	2	2	1	2	1	1	1	2	2	1	2	2	2	1	1	2	2	2	1	2	1	1	2	2	1	2	2	2	1	1	1	1	2	2	2	1	2	1	1
84	1	1	1	1	2	1	2	2	2	1	1	1	1	2	2	1	2	2	2	2	1	2	1	2	2	1	2	1	2	1	1	2	1	1	2	1	1	1	1	2	1	2	2	1	1	2	2	1	2	1	2	1	1	1	2	2	1	2	1	1	1	1	2	1	2	2	2	2	2	2
84	1	1	1	1	1	1	1	2	1	1	2	2	1	2	2	2	2	2	2	2	2	2	1	1	2	1	1	1	1	1	1	2	1	1	2	1	1	2	1	2	1	2	1	1	2	1	2	1	2	1	2	1	1	1	2	2	2	2	1	1	1	2	1	1	2	2	1	2	1	2
84	1	1	1	1	1	1	1	2	1	2	2	1	1	1	1	2	1	2	2	2	2	2	1	2	2	1	2	1	2	1	1	2	2	1	2	1	1	2	1	2	1	2	1	1	2	1	2	1	2	1	2	1	1	1	2	2	1	2	1	1	2	2	1	1	2	2	2	2	2	2
85	1	1	1	1	2	1	1	2	1	2	1	1	1	2	1	2	2	2	2	2	2	2	1	2	2	1	1	1	2	1	1	2	1	2	2	1	1	2	2	2	1	2	1	1	2	1	2	1	2	1	2	1	1	1	2	1	1	2	2	2	1	2	1	1	2	2	2	2	2	1
85	1	1	2	1	1	1	1	2	1	2	1	1	1	1	1	2	1	2	2	2	2	2	1	2	2	1	1	2	2	1	1	2	2	2	2	1	1	2	1	2	1	2	1	1	2	1	2	1	2	1	2	1	1	1	2	1	1	2	2	2	1	1	1	2	1	2	2	2	2	2
85	1	2	1	1	2	1	1	2	1	2	2	1	1	2	1	2	2	2	2	1	2	2	1	2	2	1	2	1	2	1	1	2	2	1	2	1	1	1	1	1	1	2	2	1	2	1	2	1	2	1	2	1	1	1	2	2	1	2	1	1	1	2	1	1	2	2	2	2	2	2
86	1	1	1	1	1	1	1	2	1	1	2	2	1	1	2	1	2	2	2	2	2	2	1	1	2	1	1	1	2	1	1	2	2	1	2	1	1	2	2	2	1	2	1	1	1	1	2	2	2	1	2	1	1	1	2	1	1	1	2	0	1	2	1	1	2	2	2	2	2	2
86	1	1	1	1	1	1	2	2	1	1	1	1	1	1	2	1	2	2	2	2	2	2	1	1	1	1	1	1	2	1	1	2	1	1	2	2	1	2	1	1	1	2	1	1	1	1	2	2	2	1	2	1	1	1	2	1	1	2	1	1	1	2	1	1	2	2	2	2	2	2
86	1	1	1	1	2	1	1	2	1	1	2	1	1	1	2	1	1	2	2	2	2	2	1	1	1	1	1	1	2	1	1	2	2	1	2	1	1	1	2	2	1	2	1	1	1	1	2	2	2	1	2	1	2	1	2	0	1	2	2	1	1	2	1	1	2	2	2	2	2	2
87	1	2	2	1	1	1	1	2	2	1	2	2	1	2	1	1	2	2	2	1	2	2	0	0	0	0	0	0	0	0	0	0	0	0	0	0	0	0	0	0	0	0	0	0	0	0	0	0	0	0	0	0	0	0	0	0	0	0	0	0	0	0	0	0	0	0	0	0	0	0
87	1	1	1	2	1	1	2	2	1	1	2	1	1	2	1	2	1	2	2	2	2	2	0	0	0	0	0	0	0	0	0	0	0	0	0	0	0	0	0	0	0	0	0	0	0	0	0	0	0	0	0	0	0	0	0	0	0	0	0	0	0	0	0	0	0	0	0	0	0	0
87	1	1	1	2	1	1	1	2	2	1	2	1	1	2	1	2	1	2	2	2	2	2	0	0	0	0	0	0	0	0	0	0	0	0	0	0	0	0	0	0	0	0	0	0	0	0	0	0	0	0	0	0	0	0	0	0	0	0	0	0	0	0	0	0	0	0	0	0	0	0
88	1	1	1	2	1	1	1	2	1	1	1	1	1	1	2	2	1	2	2	2	2	2	0	0	0	0	0	0	0	0	0	0	0	0	0	0	0	0	0	0	0	0	0	0	0	0	0	0	0	0	0	0	0	0	0	0	0	0	0	0	0	0	0	0	0	0	0	0	0	0
88	1	1	1	1	1	1	2	2	1	1	2	1	1	1	1	2	1	1	2	2	2	2	0	0	0	0	0	0	0	0	0	0	0	0	0	0	0	0	0	0	0	0	0	0	0	0	0	0	0	0	0	0	0	0	0	0	0	0	0	0	0	0	0	0	0	0	0	0	0	0
88	2	2	1	1	1	1	2	2	2	2	2	2	1	2	2	2	1	2	2	1	2	2	0	0	0	0	0	0	0	0	0	0	0	0	0	0	0	0	0	0	0	0	0	0	0	0	0	0	0	0	0	0	0	0	0	0	0	0	0	0	0	0	0	0	0	0	0	0	0	0
89	1	1	1	1	2	1	1	2	1	1	2	1	1	1	1	1	1	2	2	2	2	2	0	0	0	0	0	0	0	0	0	0	0	0	0	0	0	0	0	0	0	0	0	0	0	0	0	0	0	0	0	0	0	0	0	0	0	0	0	0	0	0	0	0	0	0	0	0	0	0
89	1	2	2	1	2	1	2	2	1	1	1	2	1	1	1	1	2	1	2	2	2	2	0	0	0	0	0	0	0	0	0	0	0	0	0	0	0	0	0	0	0	0	0	0	0	0	0	0	0	0	0	0	0	0	0	0	0	0	0	0	0	0	0	0	0	0	0	0	0	0
89	1	2	1	1	2	1	1	2	1	1	1	1	1	1	1	1	1	2	2	2	2	2	0	0	0	0	0	0	0	0	0	0	0	0	0	0	0	0	0	0	0	0	0	0	0	0	0	0	0	0	0	0	0	0	0	0	0	0	0	0	0	0	0	0	0	0	0	0	0	0
90	1	1	1	2	2	1	1	2	1	1	2	1	1	1	2	2	2	2	2	2	2	2	1	1	2	1	1	1	2	1	1	2	1	1	1	1	1	2	1	2	1	1	1	1	1	1	2	2	2	1	2	1	1	1	2	1	1	2	1	1	1	2	1	1	2	2	1	2	2	2
90	1	1	1	1	1	1	1	2	2	1	2	2	1	1	2	1	2	2	2	2	2	2	1	1	1	1	1	1	2	1	1	1	2	1	2	1	1	2	1	2	1	2	2	1	1	1	2	1	2	1	2	1	2	1	2	1	2	2	1	1	1	2	1	2	2	2	1	2	2	2
90	1	2	1	1	1	1	2	2	1	1	2	1	1	1	2	2	2	2	2	2	2	2	1	1	2	1	1	1	2	1	1	2	2	1	1	1	1	1	1	2	2	1	1	1	1	1	2	2	1	1	2	1	1	1	2	1	1	2	1	1	2	2	1	1	2	2	1	2	2	2
91	1	1	1	1	1	1	2	2	1	1	2	1	1	1	2	2	1	1	2	1	2	2	1	1	2	1	1	1	2	1	1	1	2	1	1	1	1	1	1	2	2	1	2	1	2	1	2	2	1	1	1	1	1	1	2	1	2	2	2	1	1	1	1	1	2	2	1	2	2	1
91	2	2	1	1	1	1	2	2	1	1	2	2	1	1	2	1	2	2	2	2	2	2	1	1	2	1	1	1	2	1	1	2	1	1	1	1	1	1	2	2	1	2	2	1	1	1	2	2	2	1	2	1	1	1	2	1	1	2	2	1	1	2	1	1	2	2	2	1	2	2
91	2	1	1	1	1	1	2	2	1	1	2	1	1	1	2	1	2	1	2	1	2	2	1	1	2	1	1	1	2	1	1	2	2	1	1	1	1	1	1	2	1	2	2	1	2	1	2	1	2	1	2	2	1	1	2	1	1	2	2	1	1	2	1	1	2	2	1	2	2	1
92	2	1	1	1	1	1	1	2	1	1	2	2	1	1	2	1	1	1	2	1	2	1	1	1	2	1	1	1	1	1	1	1	2	1	1	1	1	1	1	2	1	1	2	1	1	1	2	1	2	1	2	1	1	2	2	1	1	1	2	1	1	2	1	1	2	2	0	1	2	1
92	1	2	1	1	1	1	2	2	2	1	2	1	1	1	2	1	2	1	1	1	2	1	1	1	2	1	1	1	2	1	1	1	2	1	1	1	1	1	1	2	1	2	2	1	1	2	2	2	2	1	2	2	1	2	2	1	1	1	2	1	1	2	1	1	2	2	0	1	2	2
92	2	1	1	2	1	1	2	2	1	1	2	1	2	1	2	1	2	1	2	1	2	1	1	1	1	1	1	1	1	1	1	2	2	1	1	1	1	1	1	2	1	2	1	1	1	1	2	2	2	2	2	2	2	1	2	1	1	1	2	1	1	2	1	1	2	2	0	2	2	2
93	2	1	1	1	1	1	2	2	1	1	2	1	1	1	2	2	2	1	2	1	2	2	1	1	2	1	1	1	2	1	1	1	2	1	2	1	2	1	1	2	1	2	2	1	1	1	2	1	1	1	1	1	1	1	2	1	1	2	2	2	1	1	1	2	2	1	1	2	2	2
93	2	2	1	1	1	1	2	2	1	1	2	2	1	2	2	1	1	1	2	1	2	1	1	1	1	1	1	1	2	1	1	2	2	1	2	1	1	2	1	2	1	2	1	1	1	1	2	1	2	1	2	1	2	2	2	1	1	2	1	1	2	1	1	2	2	1	2	1	2	1
93	1	1	1	1	1	1	2	2	1	2	2	2	2	1	2	2	1	1	2	1	2	2	1	1	2	1	1	1	2	1	1	1	1	1	2	1	1	1	1	2	1	2	2	1	1	1	2	1	2	1	1	1	2	2	2	1	1	2	2	1	2	1	1	1	2	2	1	2	2	1
94	1	1	1	2	1	2	2	2	1	1	2	2	2	2	1	1	1	1	2	1	2	1	1	2	1	1	1	1	1	1	1	2	2	1	2	1	1	1	1	2	1	2	2	1	1	2	2	1	1	1	2	1	1	1	2	1	2	1	2	1	1	1	1	2	2	2	1	1	2	2
94	1	1	1	2	1	2	2	2	1	1	1	2	2	1	1	1	1	2	2	1	2	2	1	1	2	1	1	1	1	1	1	2	2	2	2	1	1	1	1	1	1	1	2	2	1	2	2	2	2	1	2	2	2	2	1	1	1	1	2	1	1	2	1	2	2	2	1	2	2	2
94	1	1	1	1	1	2	2	2	1	1	1	2	2	1	1	1	2	2	2	1	2	2	1	2	2	1	1	1	2	1	1	2	2	1	2	1	1	1	1	2	1	1	2	1	1	1	2	2	1	1	2	1	1	2	1	1	2	1	2	1	1	2	1	1	2	2	2	1	2	2
95	1	2	1	1	1	1	1	2	2	1	2	2	1	2	1	2	2	2	2	1	2	2	1	1	1	1	1	1	1	1	1	2	2	1	2	1	1	2	1	2	2	2	2	1	2	1	2	2	2	1	2	1	1	1	2	1	1	2	2	1	1	2	2	2	2	2	2	2	2	2
95	1	1	1	1	1	1	1	2	1	2	1	2	1	2	2	1	1	2	2	2	2	2	1	1	2	1	1	1	2	1	1	2	1	1	2	1	1	2	1	2	2	1	2	1	1	1	2	1	2	1	2	1	2	1	2	1	1	2	1	1	1	2	1	1	2	2	2	2	2	2
95	1	2	1	2	2	1	2	2	2	1	1	2	1	1	1	2	2	2	2	2	2	2	1	1	2	1	1	1	2	1	1	2	2	1	2	1	1	1	1	2	1	2	1	1	2	1	2	2	2	1	2	1	1	1	2	1	1	2	2	1	1	1	1	1	2	2	2	2	2	1
96	1	1	2	2	1	1	1	2	1	1	2	1	1	2	1	2	2	2	2	2	2	2	1	2	2	1	1	1	2	1	1	2	1	1	2	1	1	2	1	2	1	2	1	1	2	1	2	2	2	1	2	2	1	1	2	1	1	2	1	1	1	2	1	1	2	2	2	2	2	2
96	1	1	2	1	1	1	2	2	2	1	2	1	1	1	2	2	1	2	2	2	2	2	1	2	2	1	1	1	2	2	1	2	2	1	2	1	1	2	1	1	1	2	1	1	1	1	2	1	2	1	2	1	1	2	2	2	1	2	1	2	2	2	1	1	2	2	2	2	2	1
96	1	2	2	1	1	1	2	2	1	1	2	1	1	2	1	1	1	2	2	2	2	2	1	2	2	1	1	1	2	1	1	2	2	1	2	1	1	2	1	2	1	2	1	1	1	1	2	2	2	1	2	2	1	1	2	1	1	2	2	2	1	2	1	1	2	2	2	2	2	2
97	1	2	1	1	1	1	2	2	2	1	2	1	1	2	2	2	1	2	2	1	2	2	1	1	2	1	1	1	2	1	1	2	1	1	2	1	1	2	1	2	1	2	1	2	1	2	2	1	2	1	2	1	1	1	2	1	1	2	2	2	1	2	1	1	2	2	2	1	2	0
97	1	2	1	1	1	1	2	2	1	1	1	1	1	1	2	1	2	2	1	2	2	2	1	2	2	1	1	1	1	1	1	2	2	1	2	2	1	2	1	2	1	2	1	1	1	2	2	1	1	1	2	1	1	1	2	1	1	2	1	1	2	2	1	1	2	2	1	1	2	1
97	1	2	1	1	1	1	2	2	1	1	1	1	1	1	2	1	2	2	1	2	2	2	1	2	2	1	1	1	1	1	1	2	2	1	2	2	1	2	1	2	1	2	1	1	1	2	2	1	1	1	2	1	1	1	2	1	1	2	1	1	2	2	1	1	2	2	1	1	2	1
98	1	1	2	2	1	2	1	2	1	1	2	1	1	1	2	2	2	2	2	2	2	2	0	0	0	0	0	0	0	0	0	0	0	0	0	0	0	0	0	0	0	0	0	0	0	0	0	0	0	0	0	0	0	0	0	0	0	0	0	0	0	0	0	0	0	0	0	0	0	0
98	1	1	2	2	1	1	1	2	1	1	2	1	1	2	2	1	2	2	2	2	2	2	0	0	0	0	0	0	0	0	0	0	0	0	0	0	0	0	0	0	0	0	0	0	0	0	0	0	0	0	0	0	0	0	0	0	0	0	0	0	0	0	0	0	0	0	0	0	0	0
98	1	2	1	1	1	2	1	2	1	1	2	1	1	1	1	2	2	1	2	2	2	2	0	0	0	0	0	0	0	0	0	0	0	0	0	0	0	0	0	0	0	0	0	0	0	0	0	0	0	0	0	0	0	0	0	0	0	0	0	0	0	0	0	0	0	0	0	0	0	0
99	1	1	2	1	1	1	2	2	1	1	1	0	1	1	1	1	1	2	2	1	2	2	0	0	0	0	0	0	0	0	0	0	0	0	0	0	0	0	0	0	0	0	0	0	0	0	0	0	0	0	0	0	0	0	0	0	0	0	0	0	0	0	0	0	0	0	0	0	0	0
99	1	1	1	1	1	1	1	2	2	2	1	1	1	1	1	2	1	1	2	2	2	2	0	0	0	0	0	0	0	0	0	0	0	0	0	0	0	0	0	0	0	0	0	0	0	0	0	0	0	0	0	0	0	0	0	0	0	0	0	0	0	0	0	0	0	0	0	0	0	0
99	1	2	1	1	1	1	2	2	1	2	1	1	1	2	1	2	2	2	2	1	2	2	0	0	0	0	0	0	0	0	0	0	0	0	0	0	0	0	0	0	0	0	0	0	0	0	0	0	0	0	0	0	0	0	0	0	0	0	0	0	0	0	0	0	0	0	0	0	0	0
100	1	2	1	1	1	1	2	2	1	1	2	1	1	1	2	2	2	2	2	2	2	2	1	1	2	1	1	1	2	1	1	2	2	1	1	1	1	1	1	2	2	2	2	1	1	1	2	1	1	1	2	1	1	1	2	1	1	1	2	0	2	2	1	1	2	2	2	2	2	1
100	1	1	0	1	2	1	1	0	1	1	2	1	1	2	2	2	2	2	2	2	2	2	1	1	2	1	1	1	2	1	1	2	2	1	1	1	1	1	1	1	2	2	1	1	1	1	2	1	2	1	2	1	1	1	2	1	1	1	2	2	1	2	1	1	2	2	2	2	2	1
101	1	1	1	1	1	1	2	2	0	1	2	2	1	1	2	2	1	1	2	1	2	2	1	1	1	1	1	1	2	1	1	1	2	1	1	1	1	1	1	2	1	2	2	1	1	1	2	2	2	1	2	1	1	1	2	1	1	2	1	1	1	1	1	2	2	2	2	1	2	2
101	2	1	1	1	1	1	2	2	1	1	2	2	1	1	2	1	1	2	2	1	2	2	1	1	2	1	1	1	1	1	1	1	2	1	1	1	1	1	1	2	2	2	1	2	2	1	2	1	2	1	2	1	1	1	2	1	1	2	1	1	1	1	1	1	2	2	1	2	2	1
101	1	2	1	1	1	1	1	2	2	2	2	1	1	1	2	1	1	2	2	2	2	0	1	1	2	1	1	1	2	1	1	2	2	1	2	1	1	1	1	2	1	1	2	2	1	1	2	1	1	1	2	1	1	1	2	1	1	2	1	2	1	2	1	1	2	2	1	2	2	1
102	1	2	1	1	1	1	1	1	2	2	2	1	1	1	2	2	2	1	2	1	2	2	2	1	1	1	1	1	1	1	1	1	2	1	1	1	1	1	1	2	1	2	1	1	2	1	2	1	2	1	1	1	1	1	2	1	1	2	1	1	2	1	1	1	2	2	2	2	2	2
102	1	2	1	1	1	1	1	2	1	1	2	2	1	1	2	2	2	1	2	1	2	2	1	1	2	1	1	1	1	1	1	2	2	2	2	1	1	1	1	2	1	2	2	1	2	1	2	1	2	1	2	1	1	1	2	1	1	2	2	1	1	1	1	2	2	2	2	2	2	2
102	2	1	1	2	1	1	2	2	1	1	2	2	1	1	2	1	2	1	2	2	2	2	1	1	2	2	1	1	1	1	1	2	1	1	2	1	1	1	1	2	1	2	2	2	1	1	2	1	2	1	2	1	1	1	1	1	1	2	2	1	2	1	1	2	2	2	2	1	2	1
103	1	1	1	2	2	1	1	2	2	2	1	1	1	2	1	2	2	1	2	2	2	2	1	2	2	1	1	1	1	2	1	2	2	1	2	1	1	1	2	2	1	2	2	2	2	1	2	2	2	1	2	1	1	1	2	2	1	2	2	1	1	2	2	1	2	2	2	2	2	2
103	1	2	1	1	2	1	2	2	1	2	1	2	1	2	1	1	1	2	2	1	2	2	1	1	1	1	1	1	2	1	1	2	1	1	2	1	1	1	1	2	2	2	1	1	2	1	2	2	1	1	2	1	2	1	2	1	1	2	1	1	1	2	1	1	1	2	2	2	2	2
103	1	1	2	1	2	1	2	2	2	1	1	2	1	1	1	1	2	2	2	2	2	2	1	2	2	1	1	1	1	1	1	2	2	1	2	2	1	2	1	2	1	2	2	1	1	1	2	2	1	1	2	1	2	2	2	2	1	2	1	1	1	2	1	1	1	2	2	2	1	2
104	1	1	1	1	2	1	2	2	1	2	2	1	1	2	2	1	2	2	1	1	2	1	1	1	2	1	2	1	2	1	1	2	2	1	2	1	1	2	2	2	2	2	2	1	1	1	2	1	2	1	2	1	1	1	2	1	1	2	1	1	2	2	1	1	2	2	2	2	2	2
104	1	1	1	1	2	1	2	2	1	2	2	2	1	1	1	2	2	1	2	2	2	2	1	1	2	1	1	1	2	1	1	2	1	1	2	1	1	2	2	2	1	2	2	1	1	1	2	1	2	1	2	1	1	1	2	1	1	2	1	1	1	2	1	1	2	2	2	2	2	2
105	1	1	1	1	1	1	1	2	1	1	2	1	1	1	2	2	1	2	2	2	2	2	1	1	2	1	1	1	2	1	1	1	2	2	2	1	1	1	1	2	2	2	1	2	1	1	2	1	2	1	2	1	1	2	2	1	1	2	1	1	2	1	1	1	2	2	1	2	2	1
105	1	1	1	1	1	1	1	2	2	1	2	1	1	1	2	2	2	1	2	1	2	1	1	1	2	1	1	1	2	1	1	1	2	1	1	1	1	1	1	2	1	0	2	1	2	1	2	2	2	1	2	1	1	1	2	1	1	1	1	1	2	2	1	1	2	2	1	2	2	2
105	1	2	1	1	2	1	1	2	1	1	2	2	1	1	2	1	1	2	2	1	2	2	1	1	2	1	1	1	1	1	1	2	2	2	2	1	1	1	1	2	1	2	1	2	1	1	2	1	2	1	2	1	1	1	2	1	1	2	2	2	1	1	1	1	2	2	2	2	2	2
106	1	1	1	2	1	1	1	2	2	1	2	1	1	1	2	1	1	1	2	1	2	2	2	1	2	1	1	1	2	1	1	2	2	1	2	1	1	1	1	2	1	2	2	1	1	1	2	1	2	1	1	1	1	1	2	1	1	1	2	1	1	1	1	1	2	2	1	2	2	1
106	1	1	1	1	1	1	2	2	1	1	2	2	1	1	2	1	1	1	2	2	2	1	1	1	1	1	1	1	2	1	1	1	2	1	1	1	1	1	1	2	1	2	2	1	1	1	2	1	2	1	2	1	1	1	2	1	1	1	2	2	1	1	1	1	2	2	0	1	2	2
106	2	1	1	1	1	1	1	2	0	1	2	2	2	1	2	2	1	2	1	1	2	2	2	1	2	1	1	1	2	1	1	2	2	1	2	1	1	1	1	1	1	1	0	1	1	1	2	1	2	1	1	1	1	1	2	1	1	2	2	1	1	1	1	1	2	2	1	2	2	1
107	1	1	2	1	1	1	1	2	2	1	1	1	1	2	1	2	2	2	1	2	2	2	1	1	2	1	1	1	2	1	1	2	2	1	2	1	1	1	2	2	1	2	2	1	1	1	2	1	2	1	2	1	2	1	2	1	1	2	2	1	1	1	2	1	2	2	2	2	2	2
107	1	1	2	1	2	1	1	2	1	2	2	1	1	2	2	2	1	2	1	2	2	2	1	2	2	1	1	1	1	1	1	2	1	1	2	1	1	1	1	1	2	2	1	1	1	1	2	1	2	1	2	1	1	1	2	1	1	2	2	1	1	2	1	1	2	2	2	2	1	2
107	1	1	2	1	1	1	2	2	1	1	2	1	1	1	1	2	2	2	2	2	2	2	1	2	2	1	1	1	2	1	1	2	2	1	2	1	1	1	1	1	1	2	1	1	1	1	2	2	2	1	2	1	1	1	2	1	2	2	2	1	1	2	1	1	2	2	2	2	2	2
108	1	2	1	2	1	1	1	2	2	1	1	2	1	2	1	2	2	2	2	2	2	2	1	1	2	1	1	1	2	1	1	2	2	1	2	1	1	1	2	2	1	2	2	1	1	1	2	2	2	1	2	1	1	1	2	1	1	2	1	1	1	2	2	1	2	2	2	2	2	2
108	1	1	1	1	2	1	2	2	2	1	2	2	1	2	2	1	1	2	2	2	2	2	1	2	2	1	1	1	1	1	1	2	2	1	2	1	1	2	2	2	2	2	1	1	1	2	2	1	2	1	2	1	1	1	2	1	1	2	2	2	2	2	2	1	2	2	2	2	2	2
109	1	1	2	1	1	1	1	2	2	1	1	2	1	1	1	1	2	2	2	2	2	2	0	0	0	0	0	0	0	0	0	0	0	0	0	0	0	0	0	0	0	0	0	0	0	0	0	0	0	0	0	0	0	0	0	0	0	0	0	0	0	0	0	0	0	0	0	0	0	0
109	1	1	1	1	1	1	1	2	1	1	1	2	1	2	2	2	2	2	2	2	2	2	0	0	0	0	0	0	0	0	0	0	0	0	0	0	0	0	0	0	0	0	0	0	0	0	0	0	0	0	0	0	0	0	0	0	0	0	0	0	0	0	0	0	0	0	0	0	0	0
109	1	1	2	1	1	1	2	2	1	2	2	1	1	0	2	1	1	2	1	2	2	2	0	0	0	0	0	0	0	0	0	0	0	0	0	0	0	0	0	0	0	0	0	0	0	0	0	0	0	0	0	0	0	0	0	0	0	0	0	0	0	0	0	0	0	0	0	0	0	0
110	1	2	2	1	1	1	1	2	2	1	2	2	1	1	1	1	1	2	2	2	2	2	1	2	2	1	1	1	2	1	1	1	2	1	2	1	1	2	1	2	1	2	2	1	2	1	2	2	2	1	2	1	1	1	2	1	1	2	2	1	1	2	1	1	2	2	2	2	2	2
110	1	2	2	1	1	1	1	2	1	1	2	2	1	1	1	1	2	2	1	2	2	2	1	2	2	1	2	1	2	1	1	2	1	1	2	1	1	2	1	2	1	2	1	1	2	1	2	2	2	1	2	1	1	1	2	2	1	2	2	1	1	2	2	1	2	2	0	2	2	2
110	1	2	2	1	1	1	1	2	2	1	2	2	1	1	1	1	1	2	2	2	2	2	1	2	2	1	1	1	2	1	1	1	2	1	2	1	1	2	1	2	1	2	2	1	2	1	2	2	2	1	2	1	1	1	2	1	1	2	2	1	1	2	1	1	2	2	2	2	2	2
111	1	1	1	2	2	1	1	2	1	1	2	2	1	2	1	2	2	2	2	2	2	2	1	1	2	1	1	1	1	1	1	2	2	2	2	1	1	1	1	2	1	2	2	1	2	2	2	2	2	1	2	1	1	1	2	1	1	2	1	2	1	2	1	1	2	2	1	2	2	2
111	1	2	1	1	1	1	1	2	1	1	2	1	1	1	1	1	2	2	1	2	2	2	1	2	2	1	1	1	1	1	1	2	1	1	2	2	1	2	1	2	1	2	2	1	1	1	2	2	2	1	2	1	2	2	1	1	1	2	2	1	1	1	2	1	2	2	1	2	2	1
112	1	1	1	2	1	1	1	2	2	2	2	2	1	2	1	2	2	2	2	2	2	2	0	0	0	0	0	0	0	0	0	0	0	0	0	0	0	0	0	0	0	0	0	0	0	0	0	0	0	0	0	0	0	0	0	0	0	0	0	0	0	0	0	0	0	0	0	0	0	0
112	1	1	1	2	1	1	2	2	2	2	2	2	1	1	1	2	2	2	1	2	2	2	0	0	0	0	0	0	0	0	0	0	0	0	0	0	0	0	0	0	0	0	0	0	0	0	0	0	0	0	0	0	0	0	0	0	0	0	0	0	0	0	0	0	0	0	0	0	0	0
112	1	1	1	1	2	1	1	2	2	2	2	1	1	1	2	2	1	2	2	1	2	2	0	0	0	0	0	0	0	0	0	0	0	0	0	0	0	0	0	0	0	0	0	0	0	0	0	0	0	0	0	0	0	0	0	0	0	0	0	0	0	0	0	0	0	0	0	0	0	0
113	1	1	2	1	1	1	2	2	1	2	0	1	1	1	2	2	2	2	2	2	2	2	0	0	0	0	0	0	0	0	0	0	0	0	0	0	0	0	0	0	0	0	0	0	0	0	0	0	0	0	0	0	0	0	0	0	0	0	0	0	0	0	0	0	0	0	0	0	0	0
113	1	2	2	1	1	1	0	2	2	1	1	2	1	1	2	1	2	2	2	2	2	2	0	0	0	0	0	0	0	0	0	0	0	0	0	0	0	0	0	0	0	0	0	0	0	0	0	0	0	0	0	0	0	0	0	0	0	0	0	0	0	0	0	0	0	0	0	0	0	0
113	1	1	2	1	1	1	1	2	1	1	2	2	1	2	1	2	2	2	2	2	2	2	0	0	0	0	0	0	0	0	0	0	0	0	0	0	0	0	0	0	0	0	0	0	0	0	0	0	0	0	0	0	0	0	0	0	0	0	0	0	0	0	0	0	0	0	0	0	0	0
114	1	2	1	1	2	1	2	2	1	1	1	1	1	1	1	2	2	2	2	2	2	2	0	0	0	0	0	0	0	0	0	0	0	0	0	0	0	0	0	0	0	0	0	0	0	0	0	0	0	0	0	0	0	0	0	0	0	0	0	0	0	0	0	0	0	0	0	0	0	0
114	1	2	2	1	1	1	1	2	1	2	1	2	1	1	2	2	2	2	2	1	2	2	0	0	0	0	0	0	0	0	0	0	0	0	0	0	0	0	0	0	0	0	0	0	0	0	0	0	0	0	0	0	0	0	0	0	0	0	0	0	0	0	0	0	0	0	0	0	0	0
114	1	2	1	1	2	1	2	2	1	1	1	1	1	1	1	2	2	2	2	2	2	2	0	0	0	0	0	0	0	0	0	0	0	0	0	0	0	0	0	0	0	0	0	0	0	0	0	0	0	0	0	0	0	0	0	0	0	0	0	0	0	0	0	0	0	0	0	0	0	0
115	1	1	1	1	2	1	1	2	1	1	1	1	1	2	1	2	2	2	2	2	2	2	1	1	2	1	1	1	2	1	1	1	1	1	2	1	1	2	1	2	2	2	1	1	2	1	2	1	2	1	2	1	1	1	2	1	1	2	2	1	1	2	1	1	2	2	2	2	2	2
115	1	1	1	1	1	1	2	2	1	1	1	1	1	2	1	2	2	2	2	1	2	2	1	1	2	1	1	1	2	1	1	2	2	1	2	2	1	1	1	2	2	2	2	1	2	1	2	1	2	1	2	1	1	1	2	1	1	2	2	2	1	2	1	1	2	2	2	2	2	1
115	1	1	2	2	2	1	1	2	2	1	2	1	1	2	1	2	1	2	2	1	2	2	1	1	2	1	1	1	2	1	1	0	2	1	2	2	1	2	1	2	2	2	1	1	2	1	2	2	2	2	2	1	1	1	2	1	1	2	1	2	2	1	2	1	2	2	2	2	2	2
116	1	1	1	1	2	1	2	2	2	1	2	1	1	2	2	1	1	2	2	2	2	2	1	2	1	1	1	1	1	1	1	2	2	1	1	1	1	2	1	2	1	2	1	1	2	1	2	1	2	1	2	1	1	1	2	1	1	2	1	1	1	2	1	1	2	2	2	2	2	1
116	1	1	1	1	1	1	2	2	2	1	1	2	1	2	2	2	2	2	1	2	2	2	1	2	2	1	1	1	2	1	1	2	1	1	2	1	1	1	2	2	1	2	1	1	2	1	2	2	2	1	2	1	1	1	2	1	1	2	2	1	1	1	2	1	2	2	2	2	2	1
116	1	1	1	2	2	1	1	2	1	2	2	2	1	1	1	2	1	2	2	2	2	2	1	2	2	1	1	1	1	1	1	2	2	1	1	1	1	2	1	1	1	2	1	1	2	1	2	1	2	1	2	1	1	1	2	1	2	2	2	2	1	2	2	1	2	2	1	2	2	1
117	1	2	1	1	2	1	1	2	1	1	2	1	1	2	1	2	1	2	2	2	2	2	1	2	2	1	2	1	2	1	1	2	1	1	1	1	1	1	1	2	1	2	1	1	2	2	2	2	1	1	2	1	1	1	2	2	1	2	1	2	1	1	2	2	2	2	2	2	2	1
117	1	1	1	1	2	1	2	2	1	1	1	1	1	1	1	1	2	2	2	2	1	2	1	2	2	1	1	1	2	1	1	2	1	1	1	1	1	1	1	1	1	2	2	1	1	1	2	2	2	1	2	1	1	1	2	1	1	1	2	2	1	2	1	2	1	2	2	1	2	1
117	1	2	2	1	2	1	1	2	2	2	2	1	1	2	2	1	1	2	2	2	2	2	1	2	2	1	1	1	1	1	1	2	2	1	1	1	1	1	1	2	1	2	1	1	1	2	2	2	2	1	2	1	1	1	2	1	1	1	2	1	1	2	1	1	1	2	2	2	2	1
118	1	1	1	1	2	1	1	2	2	1	2	2	1	1	1	2	2	2	2	2	2	2	0	0	0	0	0	0	0	0	0	0	0	0	0	0	0	0	0	0	0	0	0	0	0	0	0	0	0	0	0	0	0	0	0	0	0	0	0	0	0	0	0	0	0	0	0	0	0	0
118	1	1	1	1	1	1	1	2	1	1	2	1	1	2	2	2	2	2	2	2	2	1	0	0	0	0	0	0	0	0	0	0	0	0	0	0	0	0	0	0	0	0	0	0	0	0	0	0	0	0	0	0	0	0	0	0	0	0	0	0	0	0	0	0	0	0	0	0	0	0
118	1	2	1	1	1	1	1	2	1	1	2	1	1	1	2	2	2	1	2	2	2	2	0	0	0	0	0	0	0	0	0	0	0	0	0	0	0	0	0	0	0	0	0	0	0	0	0	0	0	0	0	0	0	0	0	0	0	0	0	0	0	0	0	0	0	0	0	0	0	0
119	1	1	1	1	2	1	1	2	2	1	2	1	1	2	2	1	2	2	2	2	2	2	1	2	2	1	1	1	1	1	1	2	1	1	1	1	1	1	1	2	1	2	2	1	2	1	2	1	2	1	2	1	1	1	2	1	1	2	1	1	1	2	1	1	2	2	2	2	1	1
119	1	1	2	2	2	1	2	2	1	1	2	1	1	2	1	2	2	2	2	2	2	2	1	1	2	1	1	2	2	1	1	2	1	1	2	1	1	2	1	2	1	2	2	1	1	1	2	1	1	1	2	1	1	1	2	1	1	2	2	1	1	2	1	1	2	1	1	2	2	1
119	1	2	1	2	2	1	2	2	2	1	2	1	1	2	1	2	2	1	2	2	2	2	1	1	2	1	1	1	2	1	1	2	1	1	1	1	1	1	1	2	1	2	1	1	2	2	2	1	2	1	2	1	1	1	2	1	1	2	2	2	1	1	1	1	2	2	2	2	2	1
120	1	1	2	1	2	1	2	2	1	2	1	1	1	2	2	2	2	2	2	2	2	2	1	2	2	1	2	1	2	1	1	2	2	1	1	1	1	2	1	1	1	2	1	1	2	2	2	2	2	1	2	2	1	1	2	1	1	2	2	2	1	2	2	2	2	2	1	2	2	1
120	1	1	1	1	2	1	2	2	2	1	1	1	1	2	2	2	1	2	1	2	2	2	1	2	2	1	1	1	2	1	1	2	2	1	1	1	1	2	1	1	2	2	1	1	1	1	2	2	1	1	2	2	1	1	2	1	1	2	2	1	1	2	2	2	2	2	2	2	2	1
120	1	1	2	1	2	1	2	2	2	1	1	1	1	2	2	2	2	2	2	2	2	2	1	2	2	1	1	1	2	1	1	2	2	1	1	1	1	2	1	2	1	2	2	1	2	2	2	1	2	1	2	1	1	1	2	2	1	2	1	1	1	2	2	1	2	2	1	2	2	1
121	1	2	1	1	2	1	1	2	1	1	2	2	1	2	2	1	2	2	2	1	2	2	0	0	0	0	0	0	0	0	0	0	0	0	0	0	0	0	0	0	0	0	0	0	0	0	0	0	0	0	0	0	0	0	0	0	0	0	0	0	0	0	0	0	0	0	0	0	0	0
121	1	1	1	1	1	1	2	2	1	1	2	2	1	1	1	1	2	2	2	1	2	2	0	0	0	0	0	0	0	0	0	0	0	0	0	0	0	0	0	0	0	0	0	0	0	0	0	0	0	0	0	0	0	0	0	0	0	0	0	0	0	0	0	0	0	0	0	0	0	0
121	1	1	1	2	2	1	1	2	1	1	1	1	1	2	1	1	2	2	2	1	2	2	0	0	0	0	0	0	0	0	0	0	0	0	0	0	0	0	0	0	0	0	0	0	0	0	0	0	0	0	0	0	0	0	0	0	0	0	0	0	0	0	0	0	0	0	0	0	0	0
122	1	1	1	1	1	1	2	2	1	1	2	2	1	1	1	2	1	2	2	2	1	2	1	2	2	1	1	1	2	1	1	2	2	1	2	1	1	1	1	2	2	1	1	1	1	1	2	1	2	1	2	1	1	1	2	1	1	1	2	1	1	2	2	1	2	2	2	2	1	1
122	1	1	1	2	1	1	2	2	1	1	2	1	1	2	2	2	2	2	1	2	2	2	1	2	2	1	1	1	2	1	1	2	1	1	1	1	1	2	2	2	1	2	2	2	2	2	1	2	2	1	2	2	1	1	2	1	1	2	2	1	1	2	2	1	2	2	2	2	2	1
122	1	1	1	2	2	1	1	1	1	1	1	1	1	2	2	2	2	2	2	2	2	2	1	2	2	1	1	1	2	1	1	2	1	1	1	1	1	2	1	2	1	2	1	1	2	1	1	2	2	1	2	1	1	1	2	2	1	2	2	1	1	2	1	1	2	2	2	2	2	1
123	1	1	1	1	2	1	1	2	2	2	2	2	1	2	1	2	2	2	2	1	2	2	1	2	2	1	2	1	2	1	1	2	1	1	1	1	1	1	1	2	2	2	1	1	1	1	2	2	2	2	2	1	1	1	2	1	1	2	2	1	1	2	1	1	1	2	2	2	2	1
123	1	1	1	2	2	1	1	2	1	2	2	1	1	2	1	1	1	2	2	2	2	2	1	1	2	1	1	1	2	1	1	2	1	1	1	2	1	1	1	2	1	2	1	1	2	2	2	2	2	1	2	1	1	1	2	1	1	2	2	1	1	2	2	1	1	2	1	1	2	1
123	1	1	1	1	1	1	2	1	1	2	2	1	1	2	1	2	2	2	2	1	2	2	1	1	1	1	1	1	2	1	2	2	1	1	1	1	1	1	1	2	1	2	2	1	1	2	2	2	2	1	2	1	1	1	2	1	1	2	1	1	2	2	1	1	2	2	2	2	2	1
124	1	2	1	0	1	1	2	2	1	2	2	1	1	1	2	1	2	2	1	1	2	2	1	2	2	1	1	1	2	1	1	2	2	1	1	1	1	2	1	2	1	2	1	1	2	1	2	1	2	1	2	1	1	1	2	1	1	2	1	2	2	2	1	1	2	2	1	2	2	1
124	1	2	1	1	1	1	2	2	1	2	1	2	1	1	2	1	2	2	2	2	2	2	1	2	2	1	1	1	2	1	1	2	1	1	1	1	1	2	1	2	1	2	1	1	1	1	2	1	2	1	2	1	1	1	2	1	1	2	1	1	1	2	1	1	2	2	2	2	2	1
124	1	1	2	1	1	1	1	2	1	1	1	1	1	2	1	2	2	2	1	2	2	2	1	1	2	1	1	1	2	1	1	2	2	1	2	1	1	2	1	2	1	2	1	1	1	1	2	2	2	1	2	1	1	1	2	2	2	2	1	2	1	2	1	2	2	2	2	2	2	1
125	1	1	2	1	1	1	2	2	1	1	2	1	1	2	2	1	1	2	2	2	2	2	0	0	0	0	0	0	0	0	0	0	0	0	0	0	0	0	0	0	0	0	0	0	0	0	0	0	0	0	0	0	0	0	0	0	0	0	0	0	0	0	0	0	0	0	0	0	0	0
125	1	1	1	2	2	1	1	2	2	1	1	1	1	1	2	1	1	2	2	1	2	2	0	0	0	0	0	0	0	0	0	0	0	0	0	0	0	0	0	0	0	0	0	0	0	0	0	0	0	0	0	0	0	0	0	0	0	0	0	0	0	0	0	0	0	0	0	0	0	0
125	1	1	1	1	2	1	1	2	1	1	1	1	1	1	2	2	1	2	2	2	2	2	0	0	0	0	0	0	0	0	0	0	0	0	0	0	0	0	0	0	0	0	0	0	0	0	0	0	0	0	0	0	0	0	0	0	0	0	0	0	0	0	0	0	0	0	0	0	0	0
126	1	0	1	1	2	1	1	2	1	1	2	1	1	1	1	2	1	2	2	2	2	2	1	2	2	1	2	1	2	1	1	2	2	1	1	2	1	1	1	2	1	2	1	1	1	1	2	2	2	1	2	1	1	1	2	1	1	2	2	1	1	2	1	1	2	2	1	2	2	1
126	1	1	1	1	1	1	1	2	2	1	0	2	1	1	2	1	2	2	2	2	2	2	1	2	2	1	1	1	1	1	1	2	2	1	1	1	1	1	1	2	1	2	1	1	2	1	2	2	1	1	2	1	1	1	2	1	1	2	2	1	1	2	1	1	2	2	1	2	1	2
126	1	1	2	1	1	1	1	2	1	1	2	2	1	2	2	1	1	2	2	2	2	2	1	1	1	1	2	1	2	1	1	2	1	1	2	1	1	1	1	1	1	2	2	1	2	1	2	1	2	1	2	1	1	1	2	1	1	2	1	1	1	2	1	1	2	2	2	2	1	1
127	1	2	1	2	2	1	2	2	2	1	2	1	1	1	2	2	2	2	2	1	2	2	1	2	2	1	1	1	1	1	1	2	1	1	1	1	1	1	1	2	1	2	2	1	1	1	2	2	2	1	2	1	1	1	2	2	1	2	2	1	1	2	2	1	2	2	2	2	2	1
127	1	1	1	2	1	2	1	2	1	1	2	2	1	1	2	1	2	1	2	1	2	2	1	1	1	1	1	1	1	1	1	2	2	1	1	1	1	1	1	2	1	2	2	1	2	1	2	1	2	1	2	1	1	1	2	1	1	1	2	1	1	2	1	1	2	2	1	2	2	1
127	1	1	1	2	1	1	1	2	1	1	1	2	1	2	2	1	2	2	2	2	2	2	1	2	2	1	1	1	1	1	1	2	2	1	1	2	2	1	1	2	1	2	1	1	1	1	2	1	2	1	2	1	1	1	2	1	1	2	1	1	1	2	1	1	2	2	2	2	2	1
128	1	1	1	1	1	1	1	2	1	2	1	1	1	1	2	2	2	2	2	2	2	2	1	1	2	1	1	1	1	1	1	2	2	1	1	1	1	1	1	2	1	2	2	1	2	1	2	1	2	1	2	1	1	1	2	2	1	2	2	1	1	1	1	2	2	2	1	2	2	1
128	1	1	2	1	2	2	1	2	2	1	2	1	1	2	1	2	1	2	2	2	2	2	1	2	1	1	1	1	2	1	1	1	2	1	2	1	1	1	1	2	1	2	1	1	2	1	2	2	2	1	2	1	1	1	2	1	1	2	1	2	1	2	1	1	2	2	2	2	1	1
128	1	1	1	1	2	1	1	2	1	1	1	2	1	2	1	1	2	1	2	2	2	2	1	2	2	1	1	1	2	1	1	2	1	1	1	2	2	1	1	2	1	1	1	1	1	2	2	1	2	1	2	1	1	1	2	1	1	0	2	2	1	2	1	1	2	2	1	2	1	1
129	1	2	1	2	1	1	1	2	1	1	2	1	1	2	2	2	1	2	2	2	2	2	0	0	0	0	0	0	0	0	0	0	0	0	0	0	0	0	0	0	0	0	0	0	0	0	0	0	0	0	0	0	0	0	0	0	0	0	0	0	0	0	0	0	0	0	0	0	0	0
129	1	2	1	1	1	1	1	2	1	2	1	1	1	1	1	2	2	2	2	2	2	2	0	0	0	0	0	0	0	0	0	0	0	0	0	0	0	0	0	0	0	0	0	0	0	0	0	0	0	0	0	0	0	0	0	0	0	0	0	0	0	0	0	0	0	0	0	0	0	0
129	1	2	2	2	1	1	1	2	2	1	2	1	1	2	2	1	2	2	2	2	2	2	0	0	0	0	0	0	0	0	0	0	0	0	0	0	0	0	0	0	0	0	0	0	0	0	0	0	0	0	0	0	0	0	0	0	0	0	0	0	0	0	0	0	0	0	0	0	0	0
130	1	1	1	1	2	1	2	2	2	2	1	2	1	2	2	2	1	2	2	2	2	2	1	1	2	1	2	1	2	1	1	2	2	2	1	1	1	2	1	2	1	2	1	1	1	1	2	2	2	1	2	1	1	1	2	2	1	2	1	1	1	2	1	2	2	2	2	2	2	1
130	1	2	1	1	1	1	1	2	1	2	2	2	1	1	1	2	1	2	2	2	2	2	1	2	2	1	1	1	2	1	1	2	2	1	2	1	1	1	1	2	2	2	1	1	1	1	2	2	2	1	2	2	1	1	2	1	1	2	1	1	1	2	1	1	2	2	2	2	2	1
130	1	1	1	2	2	1	2	2	1	1	2	1	1	2	1	2	1	2	2	2	2	2	1	2	2	1	1	1	1	1	1	2	2	2	1	1	1	1	1	1	1	2	1	1	1	1	2	2	2	1	2	1	1	1	2	2	1	2	1	1	1	2	1	1	2	2	2	2	2	1
131	1	1	1	1	2	1	1	2	2	1	1	2	1	2	1	1	2	2	2	2	2	2	1	2	2	1	1	1	1	1	1	2	2	2	2	1	1	1	1	2	2	2	1	1	1	1	2	2	2	1	2	1	1	1	2	1	1	1	2	1	1	1	1	0	2	2	2	2	1	1
131	1	2	1	1	1	1	2	2	2	1	2	1	1	1	1	2	2	2	2	2	2	2	1	1	2	1	1	1	2	1	1	2	2	2	2	1	1	2	1	1	2	2	2	1	1	1	2	1	2	1	2	1	1	1	2	1	1	2	1	1	2	1	1	1	2	2	1	2	2	1
131	1	1	2	1	1	1	2	2	2	1	2	2	1	2	1	1	2	2	2	2	2	2	1	1	2	1	1	1	1	1	1	2	2	1	1	1	1	2	1	2	1	2	1	1	1	1	2	1	2	1	2	1	1	1	2	2	1	2	2	1	1	1	1	1	2	2	2	2	1	1
132	1	2	2	1	1	1	1	2	1	1	1	1	1	1	1	2	2	2	2	2	2	2	1	2	2	1	2	1	2	1	1	2	2	1	1	1	1	1	2	1	2	2	2	1	1	1	2	1	2	1	2	1	1	1	1	1	1	2	1	2	1	2	1	1	2	2	1	2	2	1
132	1	2	2	1	2	1	2	2	1	1	1	1	1	2	2	1	2	2	2	2	2	2	1	2	1	1	1	1	2	1	1	1	2	1	1	1	1	1	2	2	2	2	2	1	2	1	1	2	2	1	2	1	1	1	2	1	2	2	2	1	1	2	1	2	2	2	1	1	2	1
132	1	1	2	1	2	1	2	2	1	1	1	2	1	2	2	1	2	2	2	2	2	2	1	2	2	1	1	1	2	1	1	2	1	1	2	1	1	2	2	2	1	2	2	1	1	1	2	2	2	1	2	1	1	1	2	1	1	2	1	1	1	2	1	2	2	2	2	2	2	1
133	1	1	1	1	1	1	1	2	1	1	1	2	1	1	2	1	1	2	2	2	2	2	1	1	2	1	1	1	2	1	1	2	1	1	1	1	1	2	1	2	1	2	2	1	1	1	2	1	2	1	2	1	2	1	2	1	1	2	1	2	1	2	2	1	1	2	2	1	2	2
133	1	1	1	1	2	1	1	2	1	1	1	1	1	1	2	2	2	2	2	2	2	2	1	2	1	1	1	1	2	1	1	2	2	1	1	1	1	1	1	1	1	1	1	1	1	1	1	1	2	1	1	1	1	1	2	1	1	2	1	1	1	2	1	1	2	2	2	2	2	1
133	1	1	1	1	2	1	2	2	2	1	2	2	1	2	2	2	2	2	2	2	2	2	1	1	2	1	1	1	2	1	1	2	2	1	2	1	1	1	1	1	1	0	2	1	1	1	2	1	2	1	2	1	1	1	2	1	1	2	1	1	1	2	2	1	2	2	2	2	2	1
134	1	2	1	2	2	1	1	2	1	2	2	1	1	1	1	2	2	2	2	2	2	2	0	0	0	0	0	0	0	0	0	0	0	0	0	0	0	0	0	0	0	0	0	0	0	0	0	0	0	0	0	0	0	0	0	0	0	0	0	0	0	0	0	0	0	0	0	0	0	0
134	1	1	1	1	2	1	1	2	1	1	2	1	1	2	2	1	1	2	2	2	2	2	0	0	0	0	0	0	0	0	0	0	0	0	0	0	0	0	0	0	0	0	0	0	0	0	0	0	0	0	0	0	0	0	0	0	0	0	0	0	0	0	0	0	0	0	0	0	0	0
134	1	2	1	2	2	1	1	2	2	2	1	1	1	0	1	2	1	1	2	2	2	2	0	0	0	0	0	0	0	0	0	0	0	0	0	0	0	0	0	0	0	0	0	0	0	0	0	0	0	0	0	0	0	0	0	0	0	0	0	0	0	0	0	0	0	0	0	0	0	0
135	1	1	1	1	2	1	1	2	1	1	1	2	1	2	1	2	2	1	2	2	2	2	0	0	0	0	0	0	0	0	0	0	0	0	0	0	0	0	0	0	0	0	0	0	0	0	0	0	0	0	0	0	0	0	0	0	0	0	0	0	0	0	0	0	0	0	0	0	0	0
135	1	2	1	2	1	1	1	2	1	1	2	1	1	2	2	1	2	2	2	1	2	2	0	0	0	0	0	0	0	0	0	0	0	0	0	0	0	0	0	0	0	0	0	0	0	0	0	0	0	0	0	0	0	0	0	0	0	0	0	0	0	0	0	0	0	0	0	0	0	0
135	1	2	2	1	1	1	1	2	2	2	2	1	1	1	2	2	2	1	2	2	2	1	0	0	0	0	0	0	0	0	0	0	0	0	0	0	0	0	0	0	0	0	0	0	0	0	0	0	0	0	0	0	0	0	0	0	0	0	0	0	0	0	0	0	0	0	0	0	0	0
136	1	1	2	1	2	1	2	2	1	1	1	2	1	2	2	1	2	2	2	2	2	2	1	2	2	1	1	1	2	1	1	2	1	1	2	1	1	1	1	1	1	2	2	1	1	1	2	2	2	1	2	1	1	1	2	1	0	2	1	1	1	1	1	1	2	2	2	2	2	1
136	1	2	1	2	2	1	2	2	1	2	1	2	1	1	2	1	2	2	2	2	2	2	1	1	1	1	1	1	2	1	1	2	1	2	1	1	1	2	1	2	1	2	1	2	1	1	2	2	2	1	2	1	1	1	2	1	1	2	2	1	1	2	1	1	2	1	1	2	2	1
137	1	1	2	2	1	1	1	2	1	1	2	1	1	2	1	1	2	2	2	2	2	2	0	0	0	0	0	0	0	0	0	0	0	0	0	0	0	0	0	0	0	0	0	0	0	0	0	0	0	0	0	0	0	0	0	0	0	0	0	0	0	0	0	0	0	0	0	0	0	0
137	1	2	2	2	2	1	1	2	1	1	1	2	1	1	2	2	2	2	2	1	2	2	0	0	0	0	0	0	0	0	0	0	0	0	0	0	0	0	0	0	0	0	0	0	0	0	0	0	0	0	0	0	0	0	0	0	0	0	0	0	0	0	0	0	0	0	0	0	0	0
