64	98	2	1
ACA_AAC_1.0
ACA_AAC_2.0
ACA_AAC_3.0
ACA_AAC_4.0
ACA_AAC_5.0
ACA_AAC_6.0
ACA_AAC_7.0
ACA_AAC_8.0
ACA_AAC_9.0
ACA_AAC_10.0
ACA_AAC_11.0
ACA_AAC_12.0
ACA_AAC_13.0
ACA_AAC_14.0
ACA_AAC_15.0
ACA_AAC_16.0
ACA_AAC_17.0
ACA_AAC_18.0
ACA_AAC_19.0
ACA_AAC_20.0
ACA_AAC_21.0
ACA_AAC_22.0
ACA_AAC_23.0
ACA_AAC_24.0
ACA_AAC_25.0
ACA_AAC_26.0
ACA_AAC_27.0
ACA_AAC_28.0
ACA_AAC_29.0
ACA_AAC_30.0
ACA_AAC_31.0
ACA_AAC_32.0
ACA_AAC_33.0
ACA_ACG_1.0
ACA_ACG_2.0
ACA_ACG_3.0
ACA_ACG_4.0
ACA_ACG_5.0
ACA_ACG_6.0
ACA_ACG_7.0
ACA_ACG_8.0
ACA_ACG_9.0
ACA_ACG_9.1
ACA_ACG_10.0
ACA_ACG_11.0
ACA_ACG_12.0
ACA_ACG_13.0
ACA_ACG_14.0
ACA_ACG_15.0
ACA_ACG_16.0
ACA_ACG_17.0
ACA_ACG_18.0
ACA_ACG_19.0
ACA_AGC_0.0
ACA_AGC_1.0
ACA_AGC_1.1
ACA_AGC_2.0
ACA_AGC_3.0
ACA_AGC_3.1
ACA_AGC_4.0
ACA_AGC_5.0
ACA_AGC_6.0
ACA_AGC_7.0
ACA_AGC_8.0
ACA_AGC_9.0
ACA_AGC_9.1
ACA_AGC_10.0
ACA_AGC_11.0
ACA_AGC_12.0
ACA_AGC_13.0
ACA_AGC_13.1
ACA_AGC_14.0
ACA_AGC_15.0
ACA_AGC_16.0
ACA_AGC_16.1
ACA_AGC_17.0
ACA_AGC_18.0
ACA_AGC_19.0
ACA_AGC_20.0
ACA_AGC_21.0
ACA_AGC_22.0
ACA_AGC_23.0
ACA_AGC_24.0
ACA_AGC_25.0
ACA_AGC_25.1
ACA_AGC_26.0
ACA_AGC_27.0
ACA_AGC_28.0
ACA_AGC_29.0
ACA_AGC_30.0
ACA_AGC_31.0
ACA_AGC_32.0
ACA_AGC_33.0
ACA_AGC_34.0
ACA_AGC_35.0
ACA_AGC_36.0
ACA_AGC_37.0
ACA_AGC_37.0.1
1	1	1	1	2	2	1	1	2	2	1	1	1	1	2	2	1	2	1	1	1	1	2	2	2	2	1	1	1	1	1	2	2	2	2	2	2	2	2	1	1	2	1	1	1	2	1	2	2	1	1	1	2	2	1	2	1	1	1	2	1	2	2	2	1	2	1	2	1	1	1	1	2	0	1	2	1	2	2	2	1	2	2	1	2	1	2	2	1	1	1	1	2	1	1	2	2	2	2
1	1	1	1	2	1	1	1	1	2	1	1	1	2	2	2	2	2	1	1	1	1	2	2	2	2	1	1	1	2	1	1	2	2	2	2	1	2	2	1	1	2	1	1	1	2	1	2	2	2	1	1	2	2	1	2	1	1	1	2	1	2	2	2	1	2	1	2	1	1	1	1	2	2	1	2	1	2	1	2	1	2	2	1	2	1	2	2	1	1	1	1	2	2	1	2	2	2	2
1	1	1	1	2	2	1	1	1	2	1	1	1	2	2	2	1	2	2	1	1	1	2	2	2	2	1	1	1	2	1	2	2	2	2	2	1	2	2	1	2	2	1	1	1	2	1	2	1	1	1	1	2	2	1	2	1	1	1	2	2	2	2	2	1	2	1	0	1	1	2	1	2	2	1	2	1	2	1	2	1	2	2	1	2	1	2	2	1	1	1	2	2	1	1	2	2	2	2
2	1	1	1	2	2	1	1	1	2	1	1	1	1	2	2	1	1	2	1	1	1	2	2	2	2	1	1	1	1	1	1	1	2	2	2	2	1	1	1	1	1	1	1	1	2	1	2	1	1	1	1	1	2	1	2	1	1	1	2	1	2	2	2	1	2	1	2	1	1	1	1	2	1	1	2	1	2	2	2	1	1	1	2	2	1	2	2	1	1	1	2	2	1	1	1	1	2	2
2	1	1	2	2	1	1	2	2	0	1	1	1	1	2	2	2	1	2	1	1	1	2	2	2	2	1	1	1	1	2	1	1	2	2	1	2	1	2	1	1	1	1	1	1	2	1	2	1	1	1	1	1	2	1	2	1	1	2	2	1	2	2	2	1	2	1	2	1	1	2	1	2	1	1	2	1	2	2	2	1	1	1	1	2	1	2	1	1	1	2	1	2	1	1	1	1	1	1
2	1	1	1	2	2	1	1	1	1	1	1	1	1	1	2	2	1	2	1	1	1	2	2	2	2	1	1	1	1	1	1	1	2	2	2	2	1	2	2	1	1	1	1	1	2	1	1	1	1	2	2	2	2	1	0	1	1	2	2	1	0	2	1	1	2	1	1	1	1	1	1	2	1	1	1	1	2	2	2	1	1	1	1	2	1	2	2	1	1	1	2	2	1	1	1	1	1	1
3	2	1	1	2	1	1	1	2	2	1	2	1	1	2	2	1	2	1	1	1	1	2	2	2	2	1	1	1	1	1	2	2	2	2	1	2	1	2	1	1	2	1	1	1	2	2	2	1	1	2	2	2	2	1	2	1	1	1	2	1	2	2	2	1	2	1	2	1	1	2	1	2	1	1	2	1	2	1	2	1	2	2	2	2	1	2	2	2	2	1	2	2	1	2	2	1	2	2
3	1	1	1	2	2	1	1	1	2	1	2	2	1	2	2	1	1	2	1	1	2	2	2	2	2	1	1	2	1	1	2	2	2	2	1	2	1	2	1	1	2	2	1	1	2	1	2	2	1	2	2	2	2	1	2	1	1	1	2	2	2	2	2	1	2	1	1	1	1	2	1	2	1	1	2	1	2	2	2	1	1	2	2	2	1	2	2	1	2	1	2	2	1	2	1	1	2	2
3	1	1	1	2	1	1	1	1	2	1	1	1	1	2	2	1	1	1	1	1	1	1	2	2	2	1	1	1	2	1	1	2	1	2	1	2	1	2	2	1	2	1	1	1	2	1	1	1	1	2	2	2	2	1	2	1	1	1	2	2	2	2	2	1	2	1	2	1	2	2	1	2	2	1	2	1	2	2	1	1	1	2	2	2	2	2	2	1	2	1	2	2	1	2	1	1	2	2
4	1	1	2	2	1	1	1	1	2	1	2	1	1	2	2	1	1	2	1	1	1	2	2	2	2	1	1	1	2	2	1	2	2	2	2	2	1	2	2	1	1	2	1	1	2	1	2	2	1	2	2	2	2	2	2	1	1	2	2	2	2	1	1	1	1	1	1	1	1	2	1	1	2	1	2	1	1	2	2	1	1	2	2	2	1	2	2	1	1	1	2	2	1	1	1	2	2	2
4	1	1	2	2	1	1	1	1	2	1	1	1	1	2	2	1	2	2	1	2	1	2	2	2	2	1	1	1	1	2	2	2	2	2	2	2	1	2	1	2	2	1	1	1	2	1	2	2	1	2	2	2	2	2	2	1	1	2	2	2	2	2	2	1	2	1	2	1	1	2	2	2	2	1	2	1	2	2	2	1	2	2	2	2	2	2	2	1	1	1	2	2	2	1	1	2	2	2
4	1	1	1	2	1	1	1	1	2	1	1	1	1	2	2	1	2	1	1	1	1	2	2	2	2	1	1	1	1	1	2	1	2	2	2	2	2	2	2	1	1	1	1	1	2	1	2	1	1	1	1	2	2	1	2	1	1	1	2	1	2	2	2	1	2	1	2	1	1	2	1	2	0	1	2	1	2	2	2	1	2	2	1	0	1	2	2	1	2	1	2	0	1	1	1	2	2	2
5	1	1	1	2	2	1	1	2	2	1	1	1	1	2	2	1	1	1	1	1	1	1	2	2	2	1	1	1	1	1	1	2	2	0	0	0	0	0	0	0	0	0	0	0	0	0	0	0	0	0	0	0	0	1	1	1	1	1	2	1	1	2	2	1	1	1	2	1	1	1	1	1	2	1	2	1	2	2	2	1	1	1	2	1	2	1	2	1	2	2	2	2	1	1	1	1	1	1
5	1	1	1	1	1	1	2	1	2	1	1	1	1	2	2	1	2	2	1	1	1	2	2	2	2	2	1	1	2	1	2	2	2	2	2	2	2	2	1	2	1	2	1	1	2	1	2	1	1	2	2	2	2	1	2	1	1	1	2	1	2	2	2	1	2	1	2	1	1	2	1	2	1	1	2	1	2	2	2	1	2	1	2	2	1	2	2	1	2	1	2	2	1	1	1	1	2	2
6	1	1	1	2	1	1	1	1	2	1	1	1	1	2	2	1	1	1	1	1	1	2	2	2	2	1	1	1	2	1	1	1	1	2	1	2	1	2	2	1	1	1	1	1	2	1	2	1	1	2	2	2	2	1	2	1	1	1	2	1	2	2	2	1	2	1	2	1	2	2	1	2	2	1	2	1	2	2	1	1	1	1	2	2	1	2	2	1	1	1	2	2	1	1	1	1	2	2
6	1	1	1	2	1	1	1	2	1	1	1	1	1	2	2	1	1	1	1	1	1	2	2	2	2	1	1	1	2	1	1	1	2	2	1	2	1	2	0	1	1	1	1	1	2	1	2	1	1	1	1	1	1	1	2	1	1	1	2	2	2	2	2	1	2	1	2	1	1	2	1	2	1	1	2	1	1	2	2	1	1	1	2	2	1	2	1	1	1	1	2	2	2	1	1	1	1	1
6	1	1	1	2	1	1	1	2	2	1	1	1	1	2	2	2	2	2	1	2	1	2	2	2	2	1	1	1	1	2	1	2	2	2	2	2	2	2	2	1	2	1	1	2	2	1	2	1	1	1	1	2	2	1	2	1	1	1	2	1	2	2	2	1	2	1	2	1	1	1	1	2	2	1	2	1	2	1	2	1	2	2	2	2	1	2	2	1	1	1	2	2	1	1	1	1	2	2
7	2	1	1	2	1	1	1	1	2	1	1	1	1	2	2	2	1	2	1	1	1	2	2	2	2	1	1	1	2	1	1	2	2	0	0	0	0	0	0	0	0	0	0	0	0	0	0	0	0	0	0	0	0	0	0	0	0	0	0	0	0	0	0	0	0	0	0	0	0	0	0	0	0	0	0	0	0	0	0	0	0	0	0	0	0	0	0	0	0	0	0	0	0	0	0	0	0	2
7	0	1	1	0	1	1	2	0	2	1	1	1	1	2	1	2	1	0	1	2	0	2	2	2	2	1	1	0	2	0	0	0	0	0	0	0	0	0	0	0	0	0	0	0	0	0	0	0	0	0	0	0	0	0	0	0	0	0	0	0	0	0	0	0	0	0	0	0	0	0	0	0	0	0	0	0	0	0	0	0	0	0	0	0	0	0	0	0	0	0	0	0	0	0	0	0	0	2
7	1	1	1	2	1	1	1	1	2	1	1	1	1	2	2	2	1	2	1	1	1	2	2	2	2	1	1	1	2	1	1	2	2	0	0	0	0	0	0	0	0	0	0	0	0	0	0	0	0	0	0	0	0	0	0	0	0	0	0	0	0	0	0	0	0	0	0	0	0	0	0	0	0	0	0	0	0	0	0	0	0	0	0	0	0	0	0	0	0	0	0	0	0	0	0	0	0	1
8	2	1	1	2	1	1	1	1	2	1	1	1	1	2	2	1	1	1	1	2	1	2	2	2	2	1	1	1	2	1	2	2	2	0	0	0	0	0	0	0	0	0	0	0	0	0	0	0	0	0	0	0	0	0	0	0	0	0	0	0	0	0	0	0	0	0	0	0	0	0	0	0	0	0	0	0	0	0	0	0	0	0	0	0	0	0	0	0	0	0	0	0	0	0	0	0	0	2
8	2	1	1	2	1	1	1	2	2	1	1	1	2	2	2	2	1	1	1	1	1	2	2	2	2	1	1	2	2	1	2	2	2	0	0	0	0	0	0	0	0	0	0	0	0	0	0	0	0	0	0	0	0	0	0	0	0	0	0	0	0	0	0	0	0	0	0	0	0	0	0	0	0	0	0	0	0	0	0	0	0	0	0	0	0	0	0	0	0	0	0	0	0	0	0	0	0	2
8	1	1	1	2	2	1	1	1	2	1	1	1	2	2	2	2	1	2	1	2	1	2	2	2	2	1	1	1	2	1	2	2	2	0	0	0	0	0	0	0	0	0	0	0	0	0	0	0	0	0	0	0	0	0	0	0	0	0	0	0	0	0	0	0	0	0	0	0	0	0	0	0	0	0	0	0	0	0	0	0	0	0	0	0	0	0	0	0	0	0	0	0	0	0	0	0	0	2
9	1	1	1	2	1	1	1	2	1	1	2	1	2	2	1	2	1	2	1	1	1	2	2	2	2	1	1	1	2	1	1	2	2	2	1	2	1	2	1	1	1	2	1	1	2	1	2	1	1	2	2	2	2	1	2	1	1	1	2	1	2	2	2	1	2	1	2	1	1	2	1	2	1	1	2	2	2	2	2	1	1	2	2	2	1	2	2	1	2	2	2	2	1	1	2	1	2	2
9	1	1	1	2	1	1	2	1	2	1	1	1	2	2	1	1	2	1	1	1	1	2	2	2	2	1	1	1	2	1	1	2	2	2	2	2	1	2	1	1	1	1	1	1	2	1	2	1	1	2	2	2	2	1	2	1	1	1	2	2	2	2	2	1	2	1	2	1	1	2	1	1	2	1	2	2	2	2	2	1	1	1	2	2	1	2	2	1	1	2	2	2	1	1	1	1	2	2
9	2	1	1	2	1	1	1	1	2	1	1	1	1	2	1	1	2	1	1	1	1	2	2	2	2	1	1	2	2	1	1	2	2	2	1	2	1	2	1	1	1	1	1	2	2	1	2	1	1	2	2	2	2	1	2	1	1	1	2	1	2	2	2	1	2	1	2	1	1	2	1	2	2	1	2	2	2	1	1	1	2	2	2	2	1	2	2	1	2	1	2	2	1	1	1	1	2	2
10	1	1	1	2	1	1	2	2	2	1	1	1	1	2	2	1	2	1	1	1	1	2	2	2	2	1	1	2	2	1	1	2	2	2	1	2	1	2	1	2	1	2	1	1	2	1	2	1	1	2	2	1	2	1	2	1	2	1	2	2	2	2	2	1	2	1	2	1	1	2	1	2	1	1	2	2	2	2	2	1	1	2	2	2	1	2	2	1	1	1	2	2	1	1	2	1	2	2
10	1	1	1	2	1	1	1	1	2	1	1	1	2	2	2	2	2	1	1	1	1	2	2	2	2	1	1	1	1	1	2	2	2	2	1	2	1	2	1	1	2	1	1	1	2	1	2	1	1	1	1	2	2	1	2	1	1	1	2	1	2	2	2	1	2	1	2	1	1	1	1	2	1	1	2	2	2	2	2	1	2	2	2	2	1	2	2	1	1	1	2	2	1	2	1	1	2	2
10	2	1	1	2	2	1	1	1	2	1	2	1	1	2	2	1	2	1	1	1	2	2	2	2	2	1	1	1	1	1	2	2	1	2	1	2	1	2	1	1	2	1	1	1	2	1	2	1	1	1	1	2	2	1	2	1	1	1	2	1	2	2	2	1	2	1	2	1	2	1	1	2	1	1	2	2	1	2	2	1	2	2	2	2	1	2	2	1	2	1	2	2	2	1	1	1	2	2
11	1	1	1	2	1	1	1	1	2	2	1	1	1	2	2	2	1	1	1	1	1	2	2	2	2	1	1	1	2	1	1	2	2	2	2	1	2	2	1	1	1	2	1	1	2	1	2	2	1	2	2	1	1	1	2	1	2	1	2	2	2	2	2	1	2	1	1	1	1	1	1	2	1	1	2	1	2	2	1	1	1	1	1	2	1	2	2	1	1	1	2	2	2	1	1	1	2	2
11	1	1	1	2	1	1	1	1	2	1	1	1	1	2	2	2	1	1	1	1	1	2	2	2	2	1	1	1	2	1	2	2	2	2	2	1	1	2	1	1	2	1	1	1	2	1	2	2	1	1	1	2	2	1	1	1	2	1	2	1	2	2	2	1	2	1	1	1	1	1	1	2	1	1	2	1	2	2	2	1	2	1	2	2	1	2	2	1	1	1	2	2	1	1	1	1	2	2
11	1	1	1	2	2	1	1	1	1	1	1	1	1	2	2	1	2	1	1	1	1	2	2	2	2	1	1	1	1	1	1	2	2	2	2	1	1	2	1	1	2	1	1	1	2	1	2	2	1	1	1	2	1	1	2	1	1	1	2	2	2	2	1	1	2	1	1	1	1	2	1	2	1	1	2	1	2	2	1	1	1	1	2	2	1	2	1	1	1	1	2	2	1	1	1	1	2	2
12	2	1	1	2	1	1	1	1	2	1	1	1	1	2	2	1	2	1	1	1	1	2	2	2	2	1	1	1	2	1	2	2	2	2	2	1	1	2	1	2	2	1	1	1	2	1	2	1	1	2	2	2	2	1	2	1	1	1	2	1	2	2	2	1	2	1	2	1	1	2	1	2	2	1	2	1	2	2	2	1	2	2	2	2	1	2	2	1	1	1	1	2	1	2	1	1	2	2
12	1	1	1	2	1	1	1	1	2	1	1	1	1	2	1	1	1	1	1	1	1	2	2	2	2	1	1	1	1	1	1	2	2	2	2	2	1	2	1	1	1	1	1	1	2	1	2	1	1	2	2	2	2	1	2	1	1	1	2	2	2	2	2	1	2	1	1	1	1	2	1	2	2	1	2	1	2	2	1	1	1	2	2	2	1	2	2	2	1	2	2	2	1	2	1	1	2	2
12	1	1	1	2	1	1	1	2	1	1	1	1	1	2	2	1	1	1	1	1	1	2	2	1	2	1	1	1	1	1	1	2	2	2	2	2	1	1	1	1	1	1	1	1	1	1	2	1	1	2	2	2	2	1	1	1	1	1	2	1	2	2	2	1	2	1	1	1	1	2	1	1	1	1	2	1	1	2	1	1	1	2	2	2	1	2	2	1	1	1	2	2	1	1	1	2	1	2
13	1	1	1	2	2	1	1	2	2	1	1	1	1	2	2	2	2	2	1	1	1	2	2	2	2	1	1	1	2	2	1	2	2	2	2	2	1	2	1	2	2	1	1	1	2	1	2	2	1	2	2	2	2	1	2	1	1	1	2	1	2	2	2	1	2	1	2	1	1	2	1	2	2	1	2	2	2	1	2	1	2	2	2	2	1	2	2	1	1	1	2	2	1	1	1	1	2	2
13	1	1	1	2	1	1	1	1	2	1	1	1	1	2	2	1	1	2	1	1	1	2	2	2	2	1	1	1	2	1	1	2	1	2	2	2	1	2	1	1	2	1	1	1	2	1	2	1	1	2	2	2	2	1	2	1	1	1	2	1	2	2	2	1	2	1	1	1	1	2	1	2	2	1	2	1	2	2	2	1	1	1	2	2	1	2	2	1	1	1	2	1	1	1	1	1	1	1
14	1	1	1	2	1	1	1	1	2	1	2	1	1	2	1	1	1	1	1	1	1	2	2	2	2	1	1	1	2	1	1	2	2	0	0	0	0	0	0	0	0	0	0	0	0	0	0	0	0	0	0	0	0	0	0	0	0	0	0	0	0	0	0	0	0	0	0	0	0	0	0	0	0	0	0	0	0	0	0	0	0	0	0	0	0	0	0	0	0	0	0	0	0	0	0	0	0	2
14	2	1	1	2	2	1	1	1	2	1	1	2	1	2	2	1	1	2	1	1	1	2	2	2	2	1	1	1	2	2	2	2	2	0	0	0	0	0	0	0	0	0	0	0	0	0	0	0	0	0	0	0	0	0	0	0	0	0	0	0	0	0	0	0	0	0	0	0	0	0	0	0	0	0	0	0	0	0	0	0	0	0	0	0	0	0	0	0	0	0	0	0	0	0	0	0	0	1
14	2	1	1	2	1	1	1	1	2	1	1	1	1	2	2	1	1	2	1	2	1	2	2	2	2	1	1	1	2	2	2	2	2	0	0	0	0	0	0	0	0	0	0	0	0	0	0	0	0	0	0	0	0	0	0	0	0	0	0	0	0	0	0	0	0	0	0	0	0	0	0	0	0	0	0	0	0	0	0	0	0	0	0	0	0	0	0	0	0	0	0	0	0	0	0	0	0	2
15	1	1	1	2	2	1	1	1	2	1	1	1	1	2	1	1	1	2	1	1	2	2	2	2	2	1	1	1	2	1	1	1	2	0	0	0	0	0	0	0	0	0	0	0	0	0	0	0	0	0	0	0	0	0	0	0	0	0	0	0	0	0	0	0	0	0	0	0	0	0	0	0	0	0	0	0	0	0	0	0	0	0	0	0	0	0	0	0	0	0	0	0	0	0	0	0	0	2
15	2	1	1	2	2	1	1	1	2	1	1	1	1	2	1	1	2	2	1	1	1	2	2	2	2	1	1	1	2	1	1	1	2	0	0	0	0	0	0	0	0	0	0	0	0	0	0	0	0	0	0	0	0	0	0	0	0	0	0	0	0	0	0	0	0	0	0	0	0	0	0	0	0	0	0	0	0	0	0	0	0	0	0	0	0	0	0	0	0	0	0	0	0	0	0	0	0	2
15	2	1	1	2	2	1	1	2	2	1	1	1	1	2	1	1	2	2	1	1	1	2	2	2	2	1	1	1	2	1	1	1	2	0	0	0	0	0	0	0	0	0	0	0	0	0	0	0	0	0	0	0	0	0	0	0	0	0	0	0	0	0	0	0	0	0	0	0	0	0	0	0	0	0	0	0	0	0	0	0	0	0	0	0	0	0	0	0	0	0	0	0	0	0	0	0	0	2
16	2	1	1	2	1	1	1	1	2	1	1	1	2	2	2	1	1	1	1	2	1	2	2	0	0	0	0	0	0	0	0	0	0	2	2	2	1	2	2	1	2	2	1	1	2	1	2	1	1	2	2	2	2	1	2	1	1	1	2	2	2	2	2	1	2	1	2	1	1	2	1	2	2	1	2	1	2	1	2	1	2	2	2	2	1	2	2	1	1	2	2	2	1	1	1	1	2	2
16	2	1	1	2	1	1	2	1	2	1	1	1	1	2	2	1	1	1	1	1	1	2	2	2	2	1	1	1	2	1	1	2	2	2	2	2	1	2	1	1	2	1	1	1	2	1	2	2	1	2	2	2	2	1	2	1	1	1	2	1	2	2	2	1	2	1	1	1	1	2	1	2	2	1	2	2	2	1	2	1	2	2	2	2	1	2	2	2	1	2	2	2	1	1	2	1	2	2
16	1	1	1	2	1	1	1	1	2	1	2	1	1	2	2	1	2	1	1	1	1	2	2	2	2	1	1	2	1	1	2	2	2	2	2	2	1	2	1	1	2	1	1	1	2	1	2	1	1	2	2	2	2	1	2	1	1	1	2	1	2	2	2	1	2	1	2	1	1	2	1	2	2	1	2	1	2	2	2	1	2	2	2	2	1	2	2	1	1	2	2	2	1	1	2	1	2	2
17	1	1	1	2	1	1	2	1	2	1	2	1	2	2	2	1	2	1	1	1	1	2	2	2	2	1	1	1	1	1	1	2	2	2	0	2	1	2	1	2	2	1	1	1	2	1	2	1	1	2	2	2	2	1	2	1	1	1	2	1	2	2	2	1	2	1	2	2	1	2	1	2	2	1	2	2	2	2	2	1	1	2	2	2	1	2	2	1	1	1	2	2	1	2	2	1	2	1
17	1	1	1	2	1	1	1	1	2	1	1	1	2	2	2	1	2	1	1	1	1	2	2	2	2	1	1	1	1	1	1	2	2	2	1	2	1	2	1	1	1	1	1	1	2	1	2	1	1	2	2	2	1	1	2	1	1	1	2	1	2	2	2	1	2	1	1	1	1	2	1	2	2	1	2	1	2	2	1	1	1	2	1	0	1	2	2	2	1	1	2	2	1	1	1	1	2	2
17	2	1	1	2	1	1	1	1	2	1	2	1	1	2	1	1	2	1	1	1	1	2	2	2	2	1	1	2	2	1	1	2	2	2	2	1	1	2	1	1	1	1	1	1	2	1	2	1	1	2	2	2	1	1	2	1	1	1	2	1	2	2	2	1	2	1	2	1	1	2	1	2	2	1	2	2	2	1	1	1	2	2	1	2	1	2	2	1	1	2	2	2	1	2	1	1	1	2
18	2	1	1	2	2	1	1	2	2	1	1	1	1	2	0	2	1	1	1	1	1	2	2	2	2	1	1	1	2	1	1	1	2	2	2	2	1	2	1	1	2	1	1	1	2	1	2	2	1	2	2	2	2	1	2	1	1	1	2	1	2	2	1	1	2	1	2	1	1	1	1	2	1	1	2	1	2	1	2	1	2	1	2	2	1	2	2	1	1	1	2	2	1	1	1	1	2	2
18	2	1	1	2	1	1	1	1	1	1	2	1	1	2	1	1	1	1	1	1	1	2	2	2	2	1	1	1	2	1	2	2	2	2	1	2	1	2	1	1	2	1	1	2	2	1	2	2	1	2	2	2	2	1	2	1	1	1	2	2	2	2	2	1	2	1	1	1	1	2	1	2	1	1	2	1	2	1	1	1	2	1	1	2	1	2	2	1	2	1	2	2	1	1	1	2	2	2
18	2	1	1	2	2	1	1	2	1	1	1	1	1	2	1	1	1	1	1	1	1	2	2	2	2	1	1	1	2	1	1	2	2	2	2	2	1	2	1	1	1	1	1	1	1	1	2	1	1	2	2	2	2	1	1	1	1	1	2	2	2	2	1	1	2	1	1	1	1	0	1	2	1	1	2	2	2	2	2	1	2	2	2	2	1	2	2	1	1	1	2	2	1	1	1	2	2	2
19	1	1	1	2	1	1	1	1	2	1	1	1	1	2	2	1	1	2	1	1	1	2	2	2	2	1	1	1	2	2	2	2	2	2	2	2	1	2	1	1	2	1	1	1	2	1	2	2	1	2	2	2	2	1	2	1	1	1	2	1	2	2	2	1	2	1	2	1	1	2	1	2	2	1	2	1	2	2	2	1	2	1	2	2	1	2	2	1	1	1	2	2	1	1	1	1	2	1
19	1	1	2	2	1	1	1	1	2	1	1	1	1	2	2	1	1	2	1	1	1	2	2	2	2	1	1	1	1	1	2	2	2	2	2	2	1	2	1	2	2	1	1	1	2	1	2	2	1	2	2	2	2	1	2	1	1	1	2	2	2	2	2	1	2	1	2	1	1	2	1	2	2	1	2	1	2	0	2	1	2	0	2	2	1	2	2	1	1	1	2	2	1	1	1	1	2	2
19	2	1	1	2	1	1	1	1	2	1	1	1	1	2	2	1	1	2	1	1	1	2	2	2	2	1	1	1	2	1	2	1	2	2	2	2	1	2	1	1	2	1	1	1	2	1	2	2	1	1	1	2	2	1	2	1	1	1	2	2	2	2	2	1	2	1	2	1	1	2	1	2	2	1	2	1	2	1	2	1	2	2	2	2	1	1	2	1	1	1	2	2	1	1	1	1	2	2
20	2	1	1	2	1	1	1	2	1	1	1	1	1	2	2	1	1	2	1	1	1	2	2	2	2	1	1	1	2	1	2	2	2	2	2	2	2	2	1	1	1	1	1	1	2	1	2	2	1	2	2	2	2	1	2	1	1	1	2	1	1	2	2	1	2	1	2	1	1	2	1	2	1	1	2	1	2	1	1	1	1	2	0	0	1	2	2	1	1	1	2	2	1	1	1	1	1	2
20	1	1	1	1	1	1	1	1	2	1	1	1	1	2	2	1	1	1	1	1	0	0	2	0	0	0	0	0	0	0	0	0	0	0	0	0	0	0	0	0	0	0	0	0	0	0	0	0	0	0	0	0	0	1	1	1	1	1	1	1	2	2	2	1	2	1	2	1	1	1	1	2	2	1	2	1	2	2	2	1	1	1	2	2	1	1	2	1	1	1	2	2	1	1	1	1	2	2
21	1	1	1	2	1	1	1	1	1	1	1	1	1	2	2	2	1	1	1	1	1	0	2	0	0	0	0	0	0	0	0	0	0	0	0	0	0	0	0	0	0	0	0	0	0	0	0	0	0	0	0	0	0	1	1	1	2	1	2	1	0	2	0	1	0	1	2	1	2	0	1	2	0	1	2	1	2	2	2	1	1	2	1	2	1	2	2	1	1	1	2	2	1	1	1	1	2	2
21	1	1	1	2	1	1	1	1	2	1	2	1	1	2	2	1	1	1	1	1	1	2	2	2	2	1	1	1	2	2	1	2	2	2	1	0	1	2	1	1	2	1	1	1	1	1	2	2	1	1	2	2	2	1	2	1	2	1	2	1	2	2	2	1	2	1	2	1	1	2	1	2	2	1	2	1	2	2	2	1	2	2	1	2	1	2	2	1	1	1	2	2	1	1	1	2	2	2
21	1	1	1	2	2	1	1	1	1	1	1	1	1	2	2	1	2	1	1	1	1	2	2	2	2	1	1	1	1	2	1	2	2	0	0	0	0	0	0	0	0	0	0	0	0	0	0	0	0	0	0	0	0	1	2	1	1	1	2	1	2	2	2	1	1	1	2	1	1	1	1	2	1	1	2	1	2	2	2	1	2	1	2	2	1	2	1	1	1	1	2	2	1	1	1	2	1	1
22	2	1	1	2	2	1	1	1	2	1	1	1	1	2	1	2	2	1	1	1	1	2	2	2	2	1	1	1	2	2	2	2	2	0	0	0	0	0	0	0	0	0	0	0	0	0	0	0	0	0	0	0	0	0	0	0	0	0	0	0	0	0	0	0	0	0	0	0	0	0	0	0	0	0	0	0	0	0	0	0	0	0	0	0	0	0	0	0	0	0	0	0	0	0	0	0	0	2
22	1	1	1	2	1	1	1	1	2	1	1	1	1	2	1	1	1	2	1	2	1	2	2	2	2	1	2	2	2	2	1	2	2	0	0	0	0	0	0	0	0	0	0	0	0	0	0	0	0	0	0	0	0	0	0	0	0	0	0	0	0	0	0	0	0	0	0	0	0	0	0	0	0	0	0	0	0	0	0	0	0	0	0	0	0	0	0	0	0	0	0	0	0	0	0	0	0	2
22	1	1	1	2	2	1	1	1	2	1	1	1	1	2	1	1	1	2	1	1	2	2	2	2	2	1	1	1	2	2	2	1	2	0	0	0	0	0	0	0	0	0	0	0	0	0	0	0	0	0	0	0	0	0	0	0	0	0	0	0	0	0	0	0	0	0	0	0	0	0	0	0	0	0	0	0	0	0	0	0	0	0	0	0	0	0	0	0	0	0	0	0	0	0	0	0	0	2
23	2	1	1	2	1	1	1	2	2	1	1	1	1	2	2	1	1	1	1	1	1	2	2	2	2	1	1	2	2	2	1	2	2	2	1	2	1	2	1	1	1	2	1	1	2	1	2	2	1	1	2	2	2	1	2	1	1	1	2	1	2	2	2	1	1	1	2	1	1	1	1	2	1	1	2	1	2	2	2	1	2	1	2	2	1	1	2	2	1	1	2	2	1	1	1	2	2	1
23	2	1	1	2	1	1	1	2	2	1	1	1	1	2	1	2	1	1	1	1	1	2	2	2	2	1	1	1	2	2	1	2	2	2	1	1	1	2	1	2	1	1	1	1	2	2	2	2	1	1	1	2	2	1	2	1	1	1	2	1	2	2	2	1	2	1	2	1	1	1	1	2	1	1	2	2	2	2	2	2	2	2	2	2	1	1	2	1	1	1	2	2	1	2	1	2	2	2
23	1	1	1	2	1	1	1	1	2	1	1	1	2	2	1	1	1	1	1	2	1	2	2	2	2	1	1	1	2	2	2	2	2	2	1	2	1	1	1	1	1	1	1	1	2	1	2	2	1	2	2	1	2	1	1	1	1	1	2	2	1	2	2	1	2	1	2	1	1	1	1	2	1	1	2	2	2	2	2	1	2	1	0	2	1	2	2	1	1	1	2	2	1	1	2	1	2	2
24	2	1	1	2	1	1	1	2	2	1	1	1	1	2	2	2	2	1	1	1	1	2	2	2	2	1	1	1	1	2	1	2	2	2	1	1	1	2	1	2	2	1	1	1	2	1	2	2	1	2	2	2	2	1	2	1	1	1	2	2	2	2	2	1	2	1	2	2	2	2	1	2	2	2	2	2	2	2	2	1	2	1	2	2	1	2	2	1	1	2	2	2	1	1	2	1	2	2
24	1	1	1	2	1	1	1	2	2	1	1	1	1	2	2	1	1	1	1	1	1	2	2	2	2	1	1	1	2	2	2	2	2	2	1	2	1	2	1	1	2	2	1	1	2	2	2	2	1	1	2	2	2	1	2	1	1	1	2	1	2	2	2	1	2	1	2	1	1	2	1	2	2	1	2	2	2	2	2	1	2	1	2	2	1	2	2	1	1	2	2	2	1	1	2	1	2	2
25	2	1	1	2	2	1	1	1	2	1	2	1	1	2	2	2	1	1	2	1	1	2	2	2	2	1	1	1	2	1	1	2	2	2	1	1	1	2	1	1	1	1	2	1	2	1	2	1	1	1	1	2	2	1	2	1	1	1	2	2	2	2	2	1	2	1	1	1	1	2	1	2	2	1	2	2	2	2	2	1	2	2	1	2	1	2	2	1	2	1	1	2	1	1	1	1	2	2
25	2	1	1	2	1	1	1	1	2	1	2	1	1	2	2	2	1	1	2	1	1	2	1	2	2	1	1	1	1	1	2	2	2	2	1	2	1	2	1	1	1	1	1	1	2	1	2	1	1	2	2	2	2	1	2	1	1	1	2	1	2	2	2	1	2	1	2	1	1	2	1	2	2	1	2	1	2	2	2	1	2	2	1	2	1	2	2	1	2	1	2	2	1	1	1	1	2	2
25	2	1	1	2	2	1	2	1	2	1	1	1	2	2	2	1	2	2	1	1	2	2	1	2	2	1	1	1	2	2	1	2	2	2	1	1	1	2	1	2	1	2	1	1	2	1	2	1	2	2	2	2	2	1	2	1	1	1	2	2	2	2	2	1	2	1	2	2	1	2	1	2	2	1	2	2	2	1	2	1	2	2	1	2	1	2	2	1	1	1	1	2	1	1	2	1	2	2
26	2	1	1	2	1	1	1	2	2	1	1	1	1	2	2	1	1	2	1	1	1	1	2	2	2	1	1	1	2	1	2	2	2	2	1	2	1	2	1	1	2	1	1	1	2	1	2	1	1	1	2	1	2	1	2	1	1	1	2	2	2	2	2	1	2	1	2	1	1	2	1	2	2	1	2	2	2	2	2	1	1	2	2	2	1	2	2	1	1	1	2	2	2	1	1	2	2	2
26	1	1	1	2	1	1	1	1	2	1	1	1	1	2	1	1	2	1	1	2	1	2	2	2	2	1	1	1	2	1	1	2	2	2	1	2	1	2	1	1	1	1	1	1	2	1	2	2	1	2	2	2	2	1	2	1	1	1	2	2	2	2	1	1	2	1	2	1	1	2	1	2	2	1	2	1	1	2	0	1	2	1	1	2	1	2	2	1	1	1	2	2	1	1	1	1	0	2
26	1	1	1	2	1	1	1	2	2	1	0	1	1	2	2	1	2	2	1	1	1	2	2	2	2	1	1	1	2	1	2	2	2	2	2	2	1	2	1	1	2	1	1	1	2	2	2	2	1	2	2	2	2	1	2	1	1	1	2	2	2	2	2	1	2	1	2	1	1	2	1	2	2	1	2	1	2	2	2	1	2	1	2	2	1	2	2	1	1	2	2	2	1	1	1	2	2	2
27	2	1	1	2	1	1	1	1	2	1	1	1	2	2	2	2	1	2	1	1	1	2	2	2	2	1	1	1	2	1	1	2	2	2	2	2	1	2	1	1	2	1	1	1	2	1	2	2	1	2	2	2	2	1	2	1	1	1	2	1	2	2	2	1	2	1	2	1	1	2	1	2	2	1	2	1	2	2	2	1	2	2	2	2	1	2	2	1	2	1	2	2	2	1	1	1	2	2
27	2	1	1	2	1	1	1	2	2	1	1	1	1	2	1	1	1	2	1	1	1	2	2	2	2	1	1	1	2	1	1	2	2	2	2	2	1	2	1	1	1	1	1	1	2	1	2	2	1	2	2	2	2	1	2	1	1	1	2	2	2	2	2	1	2	1	2	1	1	2	1	2	2	1	2	2	2	1	2	1	2	2	2	2	1	2	2	1	1	2	2	2	1	1	1	2	2	2
28	2	1	1	2	1	1	1	2	2	1	1	1	2	2	1	2	1	1	1	1	1	2	2	2	2	1	1	1	2	1	1	2	2	2	1	2	1	2	1	1	1	2	2	1	2	1	2	2	1	2	2	2	2	1	2	1	1	1	2	1	2	2	2	1	2	1	2	1	1	2	1	2	1	1	2	2	2	2	2	1	2	2	2	2	1	2	2	1	1	1	2	2	1	1	1	1	2	2
28	1	1	1	2	1	1	1	1	2	1	1	1	2	2	2	1	1	2	1	1	1	2	2	2	2	1	1	1	1	1	2	2	2	2	1	2	1	2	1	2	2	2	1	1	2	1	2	2	1	2	2	2	2	1	2	1	1	1	2	2	2	2	2	1	2	1	2	1	1	2	1	2	1	1	2	2	2	2	2	1	2	2	2	2	1	2	2	1	2	1	2	2	1	1	1	2	2	1
28	1	1	1	2	1	1	1	1	1	1	1	1	1	2	2	1	1	2	1	1	1	2	2	2	2	1	1	1	1	2	1	2	2	2	1	2	1	2	2	2	2	1	1	1	2	1	2	2	1	1	2	2	2	1	2	1	1	1	2	1	1	2	2	1	2	1	2	1	1	2	1	2	1	1	2	2	2	2	2	1	1	2	1	2	1	2	2	2	2	1	2	2	1	1	1	1	2	2
29	2	1	1	2	1	2	1	1	2	1	1	1	1	2	2	2	2	2	1	1	1	2	2	2	2	1	1	1	2	2	1	2	2	0	0	0	0	0	0	0	0	0	0	0	0	0	0	0	0	0	0	0	0	0	0	0	0	0	0	0	0	0	0	0	0	0	0	0	0	0	0	0	0	0	0	0	0	0	0	0	0	0	0	0	0	0	0	0	0	0	0	0	0	0	0	0	0	2
29	2	1	1	2	1	1	1	1	2	1	1	1	1	2	2	1	2	2	1	1	1	2	2	2	2	1	1	1	1	1	1	2	2	0	0	0	0	0	0	0	0	0	0	0	0	0	0	0	0	0	0	0	0	0	0	0	0	0	0	0	0	0	0	0	0	0	0	0	0	0	0	0	0	0	0	0	0	0	0	0	0	0	0	0	0	0	0	0	0	0	0	0	0	0	0	0	0	2
29	1	1	1	2	1	1	1	2	2	1	1	1	1	2	2	1	2	1	1	1	1	2	2	2	2	1	2	2	2	2	1	2	2	0	0	0	0	0	0	0	0	0	0	0	0	0	0	0	0	0	0	0	0	0	0	0	0	0	0	0	0	0	0	0	0	0	0	0	0	0	0	0	0	0	0	0	0	0	0	0	0	0	0	0	0	0	0	0	0	0	0	0	0	0	0	0	0	2
30	2	1	1	2	1	1	1	1	2	1	1	1	2	2	2	1	1	1	1	2	1	2	2	2	2	1	1	2	2	1	1	2	2	0	0	0	0	0	0	0	0	0	0	0	0	0	0	0	0	0	0	0	0	0	0	0	0	0	0	0	0	0	0	0	0	0	0	0	0	0	0	0	0	0	0	0	0	0	0	0	0	0	0	0	0	0	0	0	0	0	0	0	0	0	0	0	0	2
30	1	1	1	2	1	1	1	1	2	1	1	1	2	2	1	1	1	1	1	1	1	2	2	2	2	1	1	1	2	1	1	2	2	0	0	0	0	0	0	0	0	0	0	0	0	0	0	0	0	0	0	0	0	0	0	0	0	0	0	0	0	0	0	0	0	0	0	0	0	0	0	0	0	0	0	0	0	0	0	0	0	0	0	0	0	0	0	0	0	0	0	0	0	0	0	0	0	2
30	1	1	1	2	1	1	1	1	2	1	1	1	2	2	2	1	1	1	1	1	1	2	2	2	2	1	1	1	1	1	1	2	2	0	0	0	0	0	0	0	0	0	0	0	0	0	0	0	0	0	0	0	0	0	0	0	0	0	0	0	0	0	0	0	0	0	0	0	0	0	0	0	0	0	0	0	0	0	0	0	0	0	0	0	0	0	0	0	0	0	0	0	0	0	0	0	0	2
31	2	1	1	2	1	1	1	1	2	1	2	2	2	2	2	1	2	1	1	1	2	2	2	1	2	1	1	1	2	1	2	2	2	2	1	0	1	2	1	1	2	2	2	1	2	1	2	2	1	2	2	2	2	0	0	0	0	0	0	0	0	0	0	0	0	0	0	0	0	0	0	0	0	0	0	0	0	0	0	0	0	0	0	0	0	0	0	0	0	0	0	0	0	0	0	0	0	1
31	2	1	1	2	1	1	1	2	2	1	1	1	2	2	1	1	1	1	1	1	1	2	2	2	2	1	1	1	2	1	2	2	2	2	1	2	1	2	1	2	2	1	1	1	2	1	2	2	1	2	1	2	2	0	0	0	0	0	0	0	0	0	0	0	0	0	0	0	0	0	0	0	0	0	0	0	0	0	0	0	0	0	0	0	0	0	0	0	0	0	0	0	0	0	0	0	0	1
31	2	1	1	2	1	1	1	1	2	1	1	1	2	2	2	1	2	1	1	1	1	2	2	2	2	1	1	1	2	2	2	2	2	2	1	2	1	2	1	2	2	1	1	1	2	1	2	2	1	2	2	2	2	1	2	1	1	1	2	2	2	2	2	1	2	1	2	1	1	2	1	2	2	1	2	1	2	1	2	1	2	2	2	2	1	2	2	1	1	2	2	2	1	1	2	2	2	2
32	1	2	1	2	1	1	1	1	2	1	1	2	2	2	2	1	2	1	1	1	1	2	2	2	2	1	1	1	2	2	2	2	2	2	1	2	1	2	1	1	2	1	1	1	2	1	2	2	1	2	2	2	2	1	2	1	1	1	2	2	2	2	1	1	2	1	2	1	1	2	1	2	2	1	2	2	2	2	2	1	2	2	2	2	1	2	2	1	1	2	1	2	1	1	1	0	2	2
32	1	1	1	2	1	1	1	1	2	1	1	1	1	2	2	1	2	1	1	1	1	2	2	2	2	1	1	1	2	2	2	2	2	2	1	2	1	2	1	2	1	1	1	2	1	2	2	2	1	2	2	2	2	1	2	1	1	1	2	2	2	2	2	1	2	1	2	1	1	2	1	2	2	1	2	2	2	2	2	1	2	1	2	2	1	2	2	1	1	1	2	2	2	2	2	2	2	2
32	2	1	1	2	2	1	1	2	2	1	1	1	2	2	2	1	2	1	1	1	1	2	2	2	2	1	1	2	2	2	2	2	2	2	1	2	1	2	1	1	2	1	1	1	2	2	2	2	1	2	2	2	2	1	2	1	1	1	2	1	2	2	2	1	2	1	2	1	1	2	1	2	2	1	2	2	2	2	2	2	2	2	2	2	1	1	2	1	1	1	2	2	1	1	2	2	2	2
33	2	1	1	2	1	1	1	1	2	1	2	1	2	2	2	2	2	1	1	1	1	2	1	2	2	1	1	1	1	2	2	2	2	2	1	1	1	2	1	2	2	1	1	1	2	1	2	1	1	2	2	2	2	1	2	1	1	1	2	2	2	2	2	1	2	1	2	1	2	2	1	2	2	1	2	2	2	2	2	1	2	1	1	2	1	2	2	1	2	2	2	2	1	1	1	2	2	2
33	2	1	1	2	2	1	1	2	2	1	2	1	2	2	2	2	2	2	1	2	1	2	1	2	2	1	1	1	2	2	1	2	2	2	1	1	1	2	1	2	1	2	1	1	2	1	2	1	1	1	1	2	2	1	2	1	1	1	2	2	2	2	2	1	2	1	2	1	1	2	1	2	1	1	2	2	2	1	2	1	2	1	2	2	1	2	2	1	1	1	2	2	1	1	2	2	2	1
33	2	1	1	2	2	1	1	1	2	1	1	1	1	2	2	1	2	1	1	2	1	2	1	2	2	1	1	1	2	1	1	2	2	2	1	2	2	2	1	2	1	1	1	1	2	1	2	1	1	2	2	2	2	1	2	2	1	1	2	2	2	2	2	1	2	1	2	1	2	2	1	2	1	1	2	2	2	2	2	1	2	2	1	2	1	2	2	1	2	2	1	2	1	1	2	2	2	1
34	2	1	1	2	2	1	2	2	2	2	1	1	2	2	2	2	2	2	1	1	1	2	1	2	2	1	1	1	2	1	1	2	2	0	0	0	0	0	0	0	0	0	0	0	0	0	0	0	0	0	0	0	0	0	0	0	0	0	0	0	0	0	0	0	0	0	0	0	0	0	0	0	0	0	0	0	0	0	0	0	0	0	0	0	0	0	0	0	0	0	0	0	0	0	0	0	0	2
34	2	1	1	2	2	1	1	1	2	1	1	1	2	2	2	2	1	1	1	1	1	2	2	2	2	1	1	1	1	2	2	2	2	0	0	0	0	0	0	0	0	0	0	0	0	0	0	0	0	0	0	0	0	0	0	0	0	0	0	0	0	0	0	0	0	0	0	0	0	0	0	0	0	0	0	0	0	0	0	0	0	0	0	0	0	0	0	0	0	0	0	0	0	0	0	0	0	2
34	2	1	1	2	1	2	2	1	2	2	0	1	2	2	1	2	1	2	1	1	1	2	1	2	2	1	1	1	2	1	2	2	2	0	0	0	0	0	0	0	0	0	0	0	0	0	0	0	0	0	0	0	0	0	0	0	0	0	0	0	0	0	0	0	0	0	0	0	0	0	0	0	0	0	0	0	0	0	0	0	0	0	0	0	0	0	0	0	0	0	0	0	0	0	0	0	0	2
35	2	1	1	2	2	1	1	2	2	1	1	1	1	2	2	1	2	1	1	1	1	2	1	2	2	1	1	1	2	2	2	1	2	0	0	0	0	0	0	0	0	0	0	0	0	0	0	0	0	0	0	0	0	0	0	0	0	0	0	0	0	0	0	0	0	0	0	0	0	0	0	0	0	0	0	0	0	0	0	0	0	0	0	0	0	0	0	0	0	0	0	0	0	0	0	0	0	2
35	2	1	1	2	2	1	1	1	2	1	1	1	1	2	2	1	2	1	1	1	1	2	1	2	2	1	1	1	1	1	1	2	2	0	0	0	0	0	0	0	0	0	0	0	0	0	0	0	0	0	0	0	0	0	0	0	0	0	0	0	0	0	0	0	0	0	0	0	0	0	0	0	0	0	0	0	0	0	0	0	0	0	0	0	0	0	0	0	0	0	0	0	0	0	0	0	0	2
35	2	1	1	2	2	1	1	2	2	2	1	1	1	2	1	2	1	2	1	1	1	2	1	2	2	1	1	1	1	1	2	2	2	0	0	0	0	0	0	0	0	0	0	0	0	0	0	0	0	0	0	0	0	0	0	0	0	0	0	0	0	0	0	0	0	0	0	0	0	0	0	0	0	0	0	0	0	0	0	0	0	0	0	0	0	0	0	0	0	0	0	0	0	0	0	0	0	2
36	2	1	1	2	2	1	1	2	1	1	1	1	1	2	2	1	1	2	1	1	1	2	2	2	2	1	1	1	2	2	1	2	2	2	2	2	1	2	1	1	1	2	2	1	2	1	2	1	1	2	2	2	2	1	1	1	1	1	2	1	1	2	2	1	2	1	2	1	1	1	1	2	1	2	2	1	2	1	2	1	2	2	2	2	2	2	2	1	1	1	2	2	1	2	1	1	0	2
36	2	1	1	2	2	1	1	2	2	1	1	1	1	2	2	1	1	2	1	2	1	1	2	2	2	1	1	2	2	2	2	2	2	2	2	2	1	2	1	2	1	2	2	1	2	1	2	1	1	2	2	2	2	1	1	1	1	1	2	1	2	2	2	1	2	1	2	1	1	1	1	2	1	1	2	1	2	1	2	1	1	2	2	2	2	2	2	1	1	1	2	2	1	1	1	1	2	2
36	2	1	1	2	2	1	1	2	2	1	1	1	1	2	2	2	2	2	1	1	1	2	2	2	2	1	1	1	2	1	1	2	2	2	2	2	1	2	1	2	1	1	1	1	2	2	2	2	1	2	2	2	2	1	2	1	1	1	2	2	2	2	2	1	2	1	2	1	1	1	1	2	1	1	2	2	2	1	2	1	2	2	2	2	2	2	2	1	1	1	2	2	1	2	1	2	2	2
37	2	1	1	2	0	1	1	1	2	1	1	1	1	2	2	1	1	2	1	1	1	2	2	2	2	1	1	1	2	2	1	2	2	2	1	2	1	2	1	2	2	1	1	1	2	1	2	2	1	1	1	2	2	1	2	1	1	1	2	2	2	2	2	1	2	1	2	1	1	2	1	2	2	1	2	1	2	1	2	2	2	2	2	2	1	2	2	1	2	2	2	2	1	1	1	2	2	2
37	1	1	1	2	1	1	1	1	2	1	1	1	1	2	2	1	1	2	1	1	1	2	2	2	2	1	1	1	2	2	1	2	2	2	2	2	1	2	1	1	1	1	1	1	2	1	2	2	1	2	2	2	2	1	2	1	1	1	2	1	2	2	2	2	2	1	2	1	1	2	1	2	2	1	2	1	2	1	2	1	2	2	2	2	1	2	2	1	1	1	2	2	1	2	1	2	2	2
37	1	1	1	2	2	1	2	2	2	1	1	1	2	2	2	2	1	2	1	1	1	2	2	2	2	1	1	1	2	2	1	2	2	2	2	2	1	2	1	2	2	1	1	1	2	1	2	2	1	1	2	2	2	1	2	1	1	1	2	1	2	2	2	1	2	1	2	1	1	2	1	2	1	1	2	1	2	2	2	1	1	2	2	2	1	2	2	1	1	1	2	2	1	2	1	1	2	2
38	1	1	1	2	1	1	1	1	2	1	1	1	2	1	2	1	1	1	1	1	0	2	2	2	1	2	1	1	1	2	1	1	1	0	0	0	0	0	0	0	0	0	0	0	0	0	0	0	0	0	0	0	0	0	0	0	0	0	0	0	0	0	0	0	0	0	0	0	0	0	0	0	0	0	0	0	0	0	0	0	0	0	0	0	0	0	0	0	0	0	0	0	0	0	0	0	0	2
38	1	1	1	2	1	1	1	1	2	1	2	1	1	2	2	1	1	1	1	1	1	2	2	1	2	1	1	1	1	0	1	2	2	0	0	0	0	0	0	0	0	0	0	0	0	0	0	0	0	0	0	0	0	0	0	0	0	0	0	0	0	0	0	0	0	0	0	0	0	0	0	0	0	0	0	0	0	0	0	0	0	0	0	0	0	0	0	0	0	0	0	0	0	0	0	0	0	2
38	1	1	1	2	1	1	1	1	2	1	1	1	2	2	2	2	1	1	1	2	1	2	2	2	2	1	1	1	2	2	1	2	2	0	0	0	0	0	0	0	0	0	0	0	0	0	0	0	0	0	0	0	0	0	0	0	0	0	0	0	0	0	0	0	0	0	0	0	0	0	0	0	0	0	0	0	0	0	0	0	0	0	0	0	0	0	0	0	0	0	0	0	0	0	0	0	0	2
39	2	1	1	2	2	1	1	1	2	1	1	1	2	2	2	1	2	1	1	1	2	2	2	2	2	1	1	1	1	2	1	2	2	0	0	0	0	0	0	0	0	0	0	0	0	0	0	0	0	0	0	0	0	0	0	0	0	0	0	0	0	0	0	0	0	0	0	0	0	0	0	0	0	0	0	0	0	0	0	0	0	0	0	0	0	0	0	0	0	0	0	0	0	0	0	0	0	1
39	1	1	1	2	2	1	1	1	2	1	2	1	2	2	1	1	1	1	2	1	1	2	2	2	2	1	1	1	2	1	1	2	2	0	0	0	0	0	0	0	0	0	0	0	0	0	0	0	0	0	0	0	0	0	0	0	0	0	0	0	0	0	0	0	0	0	0	0	0	0	0	0	0	0	0	0	0	0	0	0	0	0	0	0	0	0	0	0	0	0	0	0	0	0	0	0	0	2
39	2	1	1	2	2	1	1	2	2	1	1	1	2	2	1	1	1	1	1	1	1	2	2	2	2	1	1	1	1	1	2	2	2	0	0	0	0	0	0	0	0	0	0	0	0	0	0	0	0	0	0	0	0	0	0	0	0	0	0	0	0	0	0	0	0	0	0	0	0	0	0	0	0	0	0	0	0	0	0	0	0	0	0	0	0	0	0	0	0	0	0	0	0	0	0	0	0	2
40	2	1	1	2	2	1	1	2	2	1	1	1	2	2	2	1	2	1	1	1	1	2	2	2	2	1	1	1	2	2	1	2	2	2	2	2	1	2	1	2	1	2	1	1	2	1	2	2	1	2	2	2	2	1	2	1	1	1	2	2	2	2	2	1	2	1	1	1	2	2	1	2	1	1	2	2	2	2	1	1	1	1	1	2	1	2	2	1	2	2	2	2	1	1	1	1	2	2
40	2	1	1	2	2	1	1	1	2	1	2	1	2	2	2	1	2	2	2	1	1	2	1	2	2	1	1	1	1	2	1	2	2	2	2	2	1	2	1	1	1	1	1	1	2	2	2	1	1	2	2	2	2	1	2	1	1	1	2	1	2	2	2	1	2	1	2	1	1	2	1	1	0	1	2	1	1	2	2	1	2	2	1	2	1	2	2	1	2	2	2	2	1	1	2	2	2	2
40	2	1	1	2	2	1	1	2	2	1	2	1	2	2	2	2	2	1	1	1	2	2	2	2	2	1	1	1	2	2	1	2	2	2	2	2	1	2	1	2	1	1	1	1	2	1	2	1	1	1	1	2	2	1	2	1	1	1	2	2	2	2	2	1	2	1	2	2	1	2	1	1	2	1	2	2	2	1	2	1	2	2	1	2	1	2	2	1	1	2	2	2	1	1	2	1	2	2
41	2	1	1	2	2	1	2	2	2	2	2	1	1	2	2	2	2	1	1	1	1	2	1	2	2	1	1	1	2	1	1	2	2	0	0	0	0	0	0	0	0	0	0	0	0	0	0	0	0	0	0	0	0	0	0	0	0	0	0	0	0	0	0	0	0	0	0	0	0	0	0	0	0	0	0	0	0	0	0	0	0	0	0	0	0	0	0	0	0	0	0	0	0	0	0	0	0	1
41	1	1	1	2	1	1	1	1	2	2	2	1	1	2	2	1	2	2	1	1	1	2	1	2	2	1	1	1	2	1	2	2	2	0	0	0	0	0	0	0	0	0	0	0	0	0	0	0	0	0	0	0	0	0	0	0	0	0	0	0	0	0	0	0	0	0	0	0	0	0	0	0	0	0	0	0	0	0	0	0	0	0	0	0	0	0	0	0	0	0	0	0	0	0	0	0	0	2
41	2	1	1	2	1	2	1	2	2	1	2	1	1	2	1	2	2	1	1	1	1	2	1	2	2	1	1	1	2	1	2	2	2	0	0	0	0	0	0	0	0	0	0	0	0	0	0	0	0	0	0	0	0	0	0	0	0	0	0	0	0	0	0	0	0	0	0	0	0	0	0	0	0	0	0	0	0	0	0	0	0	0	0	0	0	0	0	0	0	0	0	0	0	0	0	0	0	2
42	1	1	1	2	1	1	1	1	1	1	1	1	1	2	1	1	1	2	1	1	1	2	2	1	2	1	1	1	1	1	2	2	2	2	2	2	1	2	1	1	1	1	1	1	2	1	1	2	1	2	2	2	2	1	2	1	1	1	2	1	1	2	1	1	2	1	1	1	1	1	1	2	1	1	2	2	2	2	2	1	1	1	2	2	1	2	2	1	2	1	2	2	1	1	1	1	1	2
42	1	1	1	2	1	1	1	1	2	2	1	1	1	2	2	1	1	1	1	1	1	2	2	2	2	1	1	1	2	1	1	2	2	2	2	2	1	2	1	1	1	1	1	1	2	1	2	1	1	2	2	2	2	1	2	1	1	1	2	2	2	2	1	1	2	1	1	1	1	1	1	2	2	1	2	1	2	2	2	1	1	1	2	2	1	1	2	2	2	1	2	2	1	1	1	2	2	2
42	2	1	1	2	1	1	1	1	1	1	2	1	1	2	1	1	1	2	1	1	1	2	2	2	2	1	1	1	2	1	1	2	2	2	2	2	1	2	1	1	2	1	1	1	2	1	2	2	1	2	2	2	1	1	1	1	1	1	2	1	2	2	1	1	2	1	2	1	1	1	1	2	1	1	2	2	2	1	1	1	2	1	1	2	1	2	1	1	1	1	2	2	1	1	1	1	2	2
43	2	2	1	2	2	1	1	1	2	1	2	1	2	2	2	0	2	1	1	1	1	2	1	2	2	1	1	1	2	1	1	2	2	2	1	2	1	2	1	1	2	1	1	1	2	2	1	2	1	1	2	2	2	1	2	1	1	1	2	2	2	2	2	2	2	2	2	1	1	2	1	2	2	1	2	2	2	2	2	1	2	1	1	2	2	2	2	1	1	1	1	2	1	2	1	2	2	2
43	2	1	2	2	1	1	2	1	2	1	2	1	2	2	2	1	2	1	1	1	1	2	1	2	2	1	1	2	0	1	1	2	2	2	1	2	1	2	1	1	2	1	1	1	2	1	2	2	1	1	1	2	2	2	2	1	1	2	2	1	2	2	2	1	2	1	2	1	1	2	1	2	1	1	2	2	2	1	2	1	2	1	1	2	2	2	2	1	1	1	2	2	1	1	1	1	2	1
43	1	2	2	1	2	1	1	1	2	1	2	1	2	2	2	1	1	1	1	1	1	2	2	2	2	1	1	1	2	1	1	2	2	2	2	2	1	2	1	1	2	1	1	1	2	1	2	2	1	2	2	2	2	1	2	1	1	1	1	1	2	2	2	1	2	1	2	1	1	2	1	2	2	1	2	2	2	2	2	1	2	1	1	2	2	2	2	1	2	1	2	2	1	1	1	2	2	2
44	2	1	1	2	1	1	1	2	2	1	1	1	1	2	1	2	2	1	1	1	1	2	2	2	2	1	1	1	2	1	1	2	2	2	2	2	1	2	1	1	1	1	1	1	2	1	2	1	1	2	2	2	2	1	2	1	1	1	2	1	2	2	2	1	2	1	2	1	1	1	1	2	1	1	2	2	2	1	2	1	2	1	1	2	1	2	2	1	1	2	2	2	1	1	2	2	2	2
44	2	1	2	2	2	1	1	2	2	1	1	1	2	2	2	2	2	1	1	1	2	2	1	2	2	1	1	1	2	1	2	2	2	2	2	2	1	2	1	1	2	2	1	1	2	1	2	1	1	2	2	2	2	1	2	1	1	2	2	1	2	2	2	1	2	1	2	1	1	0	1	2	2	1	2	2	2	2	2	1	2	1	1	2	1	2	2	1	1	1	2	2	1	1	1	1	2	2
44	2	2	2	2	2	1	1	2	2	1	1	1	1	2	2	2	2	2	2	1	1	2	2	2	2	1	1	1	2	2	1	2	2	2	2	2	1	2	1	2	2	2	1	1	2	1	2	2	1	2	2	2	2	1	2	1	1	2	2	2	2	2	2	1	2	1	2	1	1	2	2	2	2	1	2	2	2	1	2	1	2	1	1	2	1	2	2	1	2	1	2	2	1	1	1	1	2	2
45	2	2	1	2	2	1	2	1	1	1	1	1	1	1	1	2	2	1	1	1	1	1	1	1	1	1	2	1	2	1	2	2	1	2	2	2	1	2	2	2	2	1	1	1	2	2	1	2	1	2	2	2	1	1	2	1	1	1	2	2	2	2	2	1	2	1	1	2	1	2	1	2	1	1	2	2	1	1	1	1	1	1	1	2	2	2	2	2	2	1	2	2	1	1	1	1	0	2
45	2	2	1	2	1	1	1	1	2	1	2	1	1	1	1	1	1	1	1	1	1	0	1	1	2	1	2	1	2	1	2	2	1	1	1	2	1	2	2	2	2	1	1	2	2	2	1	1	1	2	2	2	1	1	2	1	1	1	2	2	2	2	2	1	2	1	2	1	1	2	1	1	2	1	1	1	2	1	1	1	1	1	1	2	1	2	2	1	1	1	1	1	1	2	1	1	2	2
45	2	2	1	2	1	1	1	1	1	1	1	1	1	2	2	1	1	1	1	1	1	1	1	1	2	1	2	1	2	2	2	2	2	1	1	1	1	2	2	1	2	1	1	1	2	2	2	2	1	1	1	2	2	1	2	1	1	1	2	2	2	2	1	1	2	1	1	2	1	2	1	2	1	1	2	1	2	1	1	1	2	1	1	2	2	1	2	2	1	1	1	2	1	2	1	1	2	2
46	2	1	1	2	2	1	1	2	2	1	1	1	2	2	1	1	2	1	1	1	1	2	2	2	2	1	1	1	2	1	1	2	2	0	0	0	0	0	0	0	0	0	0	0	0	0	0	0	0	0	0	0	0	0	0	0	0	0	0	0	0	0	0	0	0	0	0	0	0	0	0	0	0	0	0	0	0	0	0	0	0	0	0	0	0	0	0	0	0	0	0	0	0	0	0	0	0	2
46	2	1	1	2	1	1	1	1	2	1	1	1	2	2	1	2	2	1	1	1	1	2	1	2	2	1	1	1	2	2	2	2	2	0	0	0	0	0	0	0	0	0	0	0	0	0	0	0	0	0	0	0	0	0	0	0	0	0	0	0	0	0	0	0	0	0	0	0	0	0	0	0	0	0	0	0	0	0	0	0	0	0	0	0	0	0	0	0	0	0	0	0	0	0	0	0	0	1
46	2	1	1	2	2	1	1	1	2	1	1	1	2	2	2	2	2	1	1	1	1	2	2	2	2	1	1	1	2	1	2	2	2	0	0	0	0	0	0	0	0	0	0	0	0	0	0	0	0	0	0	0	0	0	0	0	0	0	0	0	0	0	0	0	0	0	0	0	0	0	0	0	0	0	0	0	0	0	0	0	0	0	0	0	0	0	0	0	0	0	0	0	0	0	0	0	0	2
47	2	1	2	2	2	1	2	1	2	1	2	1	2	2	1	2	2	1	1	1	1	2	2	2	2	1	1	1	2	1	1	2	2	0	0	0	0	0	0	0	0	0	0	0	0	0	0	0	0	0	0	0	0	0	0	0	0	0	0	0	0	0	0	0	0	0	0	0	0	0	0	0	0	0	0	0	0	0	0	0	0	0	0	0	0	0	0	0	0	0	0	0	0	0	0	0	0	2
47	2	2	2	2	2	1	1	2	2	1	2	1	2	2	1	2	2	1	1	2	1	2	1	2	2	1	1	1	2	1	1	2	2	0	0	0	0	0	0	0	0	0	0	0	0	0	0	0	0	0	0	0	0	0	0	0	0	0	0	0	0	0	0	0	0	0	0	0	0	0	0	0	0	0	0	0	0	0	0	0	0	0	0	0	0	0	0	0	0	0	0	0	0	0	0	0	0	2
47	2	1	2	2	2	2	1	1	2	1	2	1	2	2	2	1	1	1	1	1	1	2	1	2	2	1	1	2	2	1	1	2	2	0	0	0	0	0	0	0	0	0	0	0	0	0	0	0	0	0	0	0	0	0	0	0	0	0	0	0	0	0	0	0	0	0	0	0	0	0	0	0	0	0	0	0	0	0	0	0	0	0	0	0	0	0	0	0	0	0	0	0	0	0	0	0	0	2
48	2	1	1	2	2	1	1	2	2	1	2	1	2	2	1	1	2	2	1	1	1	2	2	2	2	1	1	1	2	1	2	2	2	2	1	2	1	2	1	2	2	2	1	1	2	1	2	2	1	1	1	2	2	1	2	1	1	1	2	2	2	2	2	1	2	1	2	1	1	2	1	2	2	1	2	1	2	2	2	2	2	1	1	2	2	2	2	1	2	1	2	2	1	2	1	2	2	2
48	1	1	2	1	1	1	1	1	2	1	2	1	1	2	1	2	2	1	1	1	1	2	1	2	2	1	1	1	2	1	1	2	2	2	1	1	1	2	1	2	1	1	1	1	2	2	2	2	1	1	1	2	2	2	2	1	1	2	1	1	2	2	2	1	2	1	2	1	1	2	1	2	2	2	2	2	2	1	2	1	2	1	1	2	2	2	2	1	1	1	2	2	0	2	1	2	2	2
48	2	1	1	2	2	1	1	1	2	1	2	1	2	2	1	1	2	1	1	1	1	2	1	2	2	1	1	1	2	2	2	2	2	2	0	2	1	2	1	2	2	1	1	1	2	2	2	2	1	1	1	2	2	1	2	1	1	1	1	2	2	2	2	1	2	1	2	1	1	2	1	2	2	1	2	2	2	2	2	1	2	1	1	2	2	2	2	1	2	1	2	2	1	2	1	2	2	2
49	2	1	0	2	1	1	0	1	2	1	1	1	1	2	2	1	2	1	1	1	1	2	2	2	2	1	1	1	0	1	2	2	2	0	0	0	0	0	0	0	0	0	0	0	0	0	0	0	0	0	0	0	0	0	0	0	0	0	0	0	0	0	0	0	0	0	0	0	0	0	0	0	0	0	0	0	0	0	0	0	0	0	0	0	0	0	0	0	0	0	0	0	0	0	0	0	0	2
49	2	1	1	2	1	1	1	1	2	1	2	1	2	2	2	2	1	1	1	1	2	2	1	2	2	1	1	1	2	2	2	2	2	0	0	0	0	0	0	0	0	0	0	0	0	0	0	0	0	0	0	0	0	0	0	0	0	0	0	0	0	0	0	0	0	0	0	0	0	0	0	0	0	0	0	0	0	0	0	0	0	0	0	0	0	0	0	0	0	0	0	0	0	0	0	0	0	2
49	2	1	1	2	2	1	2	1	2	1	1	1	2	2	2	2	2	1	1	1	2	2	1	2	2	1	1	1	2	0	1	2	2	0	0	0	0	0	0	0	0	0	0	0	0	0	0	0	0	0	0	0	0	0	0	0	0	0	0	0	0	0	0	0	0	0	0	0	0	0	0	0	0	0	0	0	0	0	0	0	0	0	0	0	0	0	0	0	0	0	0	0	0	0	0	0	0	1
50	2	1	2	2	2	1	2	2	2	1	2	1	2	2	1	2	2	1	1	2	1	2	1	2	2	1	1	1	2	2	2	2	2	0	0	0	0	0	0	0	0	0	0	0	0	0	0	0	0	0	0	0	0	0	0	0	0	0	0	0	0	0	0	0	0	0	0	0	0	0	0	0	0	0	0	0	0	0	0	0	0	0	0	0	0	0	0	0	0	0	0	0	0	0	0	0	0	2
50	2	1	2	2	2	1	1	2	2	1	2	1	2	2	2	2	2	1	1	1	1	2	1	2	2	1	1	1	2	1	1	2	2	0	0	0	0	0	0	0	0	0	0	0	0	0	0	0	0	0	0	0	0	0	0	0	0	0	0	0	0	0	0	0	0	0	0	0	0	0	0	0	0	0	0	0	0	0	0	0	0	0	0	0	0	0	0	0	0	0	0	0	0	0	0	0	0	2
50	2	2	1	2	1	1	2	2	2	1	2	1	1	2	2	2	2	1	1	1	1	2	1	2	2	1	1	1	2	1	1	2	2	0	0	0	0	0	0	0	0	0	0	0	0	0	0	0	0	0	0	0	0	0	0	0	0	0	0	0	0	0	0	0	0	0	0	0	0	0	0	0	0	0	0	0	0	0	0	0	0	0	0	0	0	0	0	0	0	0	0	0	0	0	0	0	0	2
51	2	1	1	2	2	1	1	1	2	1	1	1	1	2	1	2	2	1	1	1	1	2	2	2	2	1	1	1	2	2	2	2	2	2	2	2	1	2	1	2	2	2	1	1	2	2	2	2	2	1	1	2	2	1	2	1	1	1	2	2	2	2	2	1	2	1	2	1	1	2	1	1	2	2	2	1	2	2	2	1	2	1	1	2	1	1	2	1	1	1	2	2	1	2	1	1	2	2
51	2	1	1	2	2	1	1	2	1	1	1	1	2	2	1	2	1	1	1	1	1	2	1	2	2	1	1	1	2	2	2	2	2	2	2	1	1	2	1	1	2	1	1	1	2	2	2	2	1	1	1	2	2	1	2	1	1	1	2	1	2	2	2	1	2	1	2	1	1	1	1	2	1	1	2	1	2	2	2	1	2	1	1	2	2	1	2	1	2	1	2	2	1	2	1	1	2	2
51	2	1	1	2	1	1	1	2	2	1	1	1	2	2	1	2	2	1	1	1	1	2	1	2	2	1	1	1	2	1	2	2	2	2	2	2	1	2	1	1	2	1	1	1	2	2	1	2	2	1	2	2	2	1	2	1	1	2	2	2	2	2	2	1	2	1	2	1	1	1	1	2	2	1	2	1	2	1	2	1	2	1	1	2	2	1	2	1	2	1	2	2	1	2	1	1	2	2
52	2	1	1	2	1	1	1	2	2	1	1	1	1	2	2	1	2	1	1	1	1	2	1	2	2	1	2	1	2	2	1	2	2	0	0	0	0	0	0	0	0	0	0	0	0	0	0	0	0	0	0	0	0	0	0	0	0	0	0	0	0	0	0	0	0	0	0	0	0	0	0	0	0	0	0	0	0	0	0	0	0	0	0	0	0	0	0	0	0	0	0	0	0	0	0	0	0	2
52	2	1	2	2	2	1	2	1	2	1	1	1	2	2	2	1	1	2	1	1	2	2	1	2	2	1	1	1	2	1	2	2	2	0	0	0	0	0	0	0	0	0	0	0	0	0	0	0	0	0	0	0	0	0	0	0	0	0	0	0	0	0	0	0	0	0	0	0	0	0	0	0	0	0	0	0	0	0	0	0	0	0	0	0	0	0	0	0	0	0	0	0	0	0	0	0	0	2
52	1	1	1	2	1	1	1	1	2	1	2	1	2	2	1	1	2	1	1	1	1	2	1	2	2	1	2	2	2	2	2	2	2	0	0	0	0	0	0	0	0	0	0	0	0	0	0	0	0	0	0	0	0	0	0	0	0	0	0	0	0	0	0	0	0	0	0	0	0	0	0	0	0	0	0	0	0	0	0	0	0	0	0	0	0	0	0	0	0	0	0	0	0	0	0	0	0	2
53	2	1	1	2	1	2	1	1	2	1	2	1	2	2	2	1	2	1	1	1	2	2	1	2	2	1	1	1	2	1	1	2	2	0	0	0	0	0	0	0	0	0	0	0	0	0	0	0	0	0	0	0	0	0	0	0	0	0	0	0	0	0	0	0	0	0	0	0	0	0	0	0	0	0	0	0	0	0	0	0	0	0	0	0	0	0	0	0	0	0	0	0	0	0	0	0	0	2
53	1	1	1	2	1	1	2	1	2	1	2	1	1	2	2	1	2	1	1	1	1	2	2	2	2	1	2	1	2	1	1	2	2	0	0	0	0	0	0	0	0	0	0	0	0	0	0	0	0	0	0	0	0	0	0	0	0	0	0	0	0	0	0	0	0	0	0	0	0	0	0	0	0	0	0	0	0	0	0	0	0	0	0	0	0	0	0	0	0	0	0	0	0	0	0	0	0	2
53	2	2	1	2	2	1	1	2	2	1	2	1	1	2	2	1	2	1	1	1	1	2	1	2	2	1	2	1	2	1	2	2	1	0	0	0	0	0	0	0	0	0	0	0	0	0	0	0	0	0	0	0	0	0	0	0	0	0	0	0	0	0	0	0	0	0	0	0	0	0	0	0	0	0	0	0	0	0	0	0	0	0	0	0	0	0	0	0	0	0	0	0	0	0	0	0	0	2
54	2	1	1	2	2	1	1	0	1	1	1	2	1	2	1	2	2	1	1	1	2	2	1	2	2	1	1	1	2	2	2	2	2	0	0	0	0	0	0	0	0	0	0	0	0	0	0	0	0	0	0	0	0	0	0	0	0	0	0	0	0	0	0	0	0	0	0	0	0	0	0	0	0	0	0	0	0	0	0	0	0	0	0	0	0	0	0	0	0	0	0	0	0	0	0	0	0	2
54	2	1	1	2	0	1	1	1	2	1	1	2	2	2	2	2	2	1	1	1	1	2	2	2	2	1	1	1	2	1	2	2	2	0	0	0	0	0	0	0	0	0	0	0	0	0	0	0	0	0	0	0	0	0	0	0	0	0	0	0	0	0	0	0	0	0	0	0	0	0	0	0	0	0	0	0	0	0	0	0	0	0	0	0	0	0	0	0	0	0	0	0	0	0	0	0	0	2
54	2	1	1	2	2	1	1	1	2	1	1	1	1	2	2	1	2	1	1	1	1	2	1	2	2	1	1	2	2	2	1	2	2	0	0	0	0	0	0	0	0	0	0	0	0	0	0	0	0	0	0	0	0	0	0	0	0	0	0	0	0	0	0	0	0	0	0	0	0	0	0	0	0	0	0	0	0	0	0	0	0	0	0	0	0	0	0	0	0	0	0	0	0	0	0	0	0	2
55	2	1	1	2	2	1	1	1	2	1	1	1	2	2	2	1	1	1	1	1	2	1	1	2	2	1	1	1	2	2	2	2	2	2	2	2	1	2	1	1	2	1	1	2	2	2	2	2	1	1	1	2	2	1	2	1	1	1	2	2	2	2	2	1	2	1	2	1	1	2	1	2	2	1	2	1	2	2	2	1	2	1	2	2	1	2	2	1	1	1	2	2	1	1	1	2	2	2
55	2	1	1	2	2	1	1	1	2	1	1	1	2	2	2	1	1	2	1	1	2	2	1	2	2	1	1	2	2	1	2	2	2	2	2	1	1	2	1	2	2	2	1	2	2	2	2	2	1	1	1	2	2	1	2	1	1	1	2	2	2	2	2	1	2	1	2	1	1	2	1	2	2	1	2	2	2	1	2	1	2	1	1	2	2	1	2	1	1	1	2	2	1	1	1	2	2	2
55	2	1	1	2	2	1	2	1	2	1	2	1	2	2	2	1	1	1	1	1	1	2	1	2	2	1	1	1	2	2	1	2	2	2	2	1	1	2	1	2	2	1	1	1	2	1	2	2	1	2	2	2	2	1	2	1	1	1	2	2	2	2	2	1	2	1	2	1	1	2	1	2	2	1	2	2	1	1	2	1	2	1	1	2	2	1	2	2	2	1	2	2	1	1	1	2	2	2
56	1	1	1	2	1	1	2	1	2	1	2	1	1	2	1	2	2	1	1	1	1	2	1	2	2	1	1	1	2	2	1	2	2	2	1	1	1	2	1	1	2	1	1	1	2	2	1	2	2	1	1	2	2	1	2	1	1	1	2	2	2	2	2	1	2	1	2	1	1	2	1	2	2	1	2	2	2	2	2	1	2	1	1	2	2	1	2	1	2	1	2	2	1	1	1	2	2	2
56	2	1	1	2	2	1	2	1	2	1	2	1	2	2	2	2	2	1	1	1	1	2	2	2	2	1	1	1	2	2	2	2	2	2	2	1	1	2	1	2	2	1	1	1	2	2	2	2	2	1	1	2	2	1	2	1	1	1	2	2	2	2	2	1	2	1	2	1	1	2	1	2	2	1	2	2	2	2	2	1	2	1	1	2	2	2	2	1	2	1	2	2	1	1	1	1	2	2
56	2	1	1	2	2	1	1	1	2	1	2	1	2	2	2	1	1	1	1	1	1	2	1	2	2	1	1	1	2	2	1	2	2	2	2	1	1	2	1	2	2	2	1	2	2	2	2	2	1	1	1	2	2	1	2	1	1	1	2	2	2	2	2	1	2	1	2	1	1	2	1	2	2	1	2	2	2	2	2	1	2	1	1	2	2	2	2	1	2	1	2	2	1	2	1	0	2	2
57	2	1	1	2	2	1	1	1	2	1	2	1	1	2	2	2	2	1	1	1	2	2	1	2	2	1	1	2	2	1	1	0	2	2	2	2	1	2	1	1	2	1	1	1	2	1	2	2	1	1	1	2	2	1	2	1	1	1	2	2	2	2	2	1	2	1	2	1	1	2	1	2	2	1	2	2	2	2	2	1	2	1	1	2	1	2	2	1	2	1	2	2	1	1	1	2	1	2
57	2	1	1	2	1	1	1	1	2	1	2	1	1	2	1	1	2	1	1	1	1	2	1	2	2	1	1	2	2	2	1	2	2	2	2	2	1	2	1	1	2	2	1	1	2	2	2	2	1	1	1	2	2	1	2	1	1	1	2	2	2	2	2	1	2	1	2	1	1	2	1	2	2	1	2	2	2	2	2	2	2	1	1	2	2	2	2	1	2	1	2	2	2	2	1	1	2	2
57	2	1	2	2	2	1	1	1	2	1	1	1	1	2	1	1	2	1	1	1	1	2	2	2	2	1	1	2	2	1	1	2	2	2	2	2	1	2	1	1	2	1	1	1	2	2	1	2	1	1	1	2	2	2	2	1	1	2	2	1	2	2	1	1	2	1	0	1	1	2	1	2	2	1	2	2	2	2	2	1	2	1	2	2	1	1	2	1	2	1	2	2	2	2	1	1	2	1
58	2	1	1	2	2	1	1	1	2	1	2	1	1	2	2	2	2	1	1	1	1	2	1	2	2	1	1	2	2	2	2	2	2	0	0	0	0	0	0	0	0	0	0	0	0	0	0	0	0	0	0	0	0	0	0	0	0	0	0	0	0	0	0	0	0	0	0	0	0	0	0	0	0	0	0	0	0	0	0	0	0	0	0	0	0	0	0	0	0	0	0	0	0	0	0	0	0	2
58	2	1	1	2	2	1	1	2	2	1	2	1	1	2	2	1	2	1	1	1	1	2	1	2	2	1	1	1	2	2	1	2	2	0	0	0	0	0	0	0	0	0	0	0	0	0	0	0	0	0	0	0	0	0	0	0	0	0	0	0	0	0	0	0	0	0	0	0	0	0	0	0	0	0	0	0	0	0	0	0	0	0	0	0	0	0	0	0	0	0	0	0	0	0	0	0	0	2
58	2	1	1	2	2	1	1	1	2	1	2	1	2	2	2	2	2	1	1	1	1	2	1	2	2	1	1	1	2	2	2	2	2	0	0	0	0	0	0	0	0	0	0	0	0	0	0	0	0	0	0	0	0	0	0	0	0	0	0	0	0	0	0	0	0	0	0	0	0	0	0	0	0	0	0	0	0	0	0	0	0	0	0	0	0	0	0	0	0	0	0	0	0	0	0	0	0	2
59	2	1	2	2	1	1	1	1	2	1	1	1	1	2	2	1	2	1	1	1	1	2	1	2	2	1	1	1	2	2	2	2	2	2	2	2	1	2	1	2	2	2	1	1	1	1	2	2	2	1	1	2	2	2	2	1	1	2	2	1	2	2	1	1	2	1	2	1	1	0	1	2	1	1	2	1	2	2	2	1	2	1	1	2	2	1	2	1	1	1	2	2	2	1	1	1	2	2
59	1	1	2	2	1	1	1	1	2	1	2	1	1	2	2	1	2	1	1	1	1	2	1	2	2	2	1	1	2	2	1	2	2	2	2	1	1	2	1	2	2	1	1	1	2	2	2	1	2	1	1	2	2	2	2	1	1	2	2	1	2	2	2	1	2	1	2	1	1	2	1	2	2	1	2	2	2	2	2	1	2	1	1	2	2	1	2	1	1	1	2	2	1	1	1	1	2	2
59	2	1	2	2	2	1	1	1	2	1	2	1	1	2	2	2	2	1	1	2	1	2	1	2	2	1	1	1	2	2	0	2	2	2	2	2	1	2	1	2	2	1	1	1	2	1	2	2	2	1	1	2	2	2	2	1	1	2	2	2	2	2	2	1	2	1	2	1	1	2	1	2	2	1	2	2	2	2	2	1	2	1	1	2	2	1	2	1	1	1	1	2	1	2	1	1	2	2
60	1	1	1	2	1	1	1	1	2	1	2	1	1	2	2	1	1	1	1	1	1	2	2	2	2	1	1	1	2	2	1	2	2	0	0	0	0	0	0	0	0	0	0	0	0	0	0	0	0	0	0	0	0	0	0	0	0	0	0	0	0	0	0	0	0	0	0	0	0	0	0	0	0	0	0	0	0	0	0	0	0	0	0	0	0	0	0	0	0	0	0	0	0	0	0	0	0	2
60	2	1	1	2	1	1	1	1	2	1	2	1	1	2	2	2	2	1	1	1	1	2	1	2	2	1	1	1	2	2	1	2	2	0	0	0	0	0	0	0	0	0	0	0	0	0	0	0	0	0	0	0	0	0	0	0	0	0	0	0	0	0	0	0	0	0	0	0	0	0	0	0	0	0	0	0	0	0	0	0	0	0	0	0	0	0	0	0	0	0	0	0	0	0	0	0	0	1
60	2	1	1	2	2	1	1	2	2	1	1	1	1	2	2	2	2	1	1	2	1	2	1	2	2	1	1	1	2	1	1	2	2	0	0	0	0	0	0	0	0	0	0	0	0	0	0	0	0	0	0	0	0	0	0	0	0	0	0	0	0	0	0	0	0	0	0	0	0	0	0	0	0	0	0	0	0	0	0	0	0	0	0	0	0	0	0	0	0	0	0	0	0	0	0	0	0	2
61	2	1	1	2	2	1	1	1	1	1	2	1	2	2	2	2	2	1	1	1	1	2	1	2	2	1	1	1	2	2	2	2	2	2	2	1	1	2	1	2	2	1	1	2	2	1	2	2	1	1	1	2	2	1	2	1	1	1	2	2	2	2	2	1	2	1	2	1	1	2	1	2	1	1	2	1	2	1	2	1	2	1	1	2	2	1	2	1	1	1	2	2	1	2	1	1	2	1
61	2	1	1	2	2	1	1	1	2	1	2	1	2	2	2	2	2	1	1	1	1	2	1	2	2	1	1	1	2	2	2	2	2	2	2	1	1	2	1	1	2	1	1	2	2	1	2	2	1	2	2	2	2	1	2	1	1	1	2	1	2	2	2	1	2	2	2	1	1	2	2	2	2	1	2	1	2	1	2	1	2	1	1	2	2	2	2	1	1	1	2	1	1	2	1	2	2	2
61	2	1	1	2	2	1	1	2	2	1	2	1	2	2	2	2	2	1	1	1	1	2	2	2	2	1	1	1	1	2	2	2	0	2	2	1	1	1	1	2	2	2	1	1	2	2	2	2	1	1	1	1	1	1	2	1	1	1	2	2	2	2	2	1	2	1	2	2	1	2	1	2	2	1	2	1	2	2	2	2	2	1	1	2	2	2	2	1	1	1	2	1	1	2	1	1	2	2
62	1	1	1	2	1	1	1	1	2	1	2	1	1	2	1	1	1	1	1	1	1	2	1	2	2	1	1	2	1	2	1	2	0	2	2	1	1	1	1	1	2	1	2	2	1	2	2	2	1	1	1	2	2	1	1	1	1	1	2	1	2	2	2	1	2	1	1	1	1	2	1	1	1	1	2	1	2	1	2	1	1	1	1	2	1	1	2	1	2	1	2	1	1	2	1	1	2	2
62	2	1	1	0	2	1	1	2	2	1	1	1	2	2	2	2	2	1	1	1	1	2	1	2	2	1	1	2	2	2	1	2	2	2	2	2	1	2	1	2	2	2	2	1	2	2	2	2	2	1	1	2	2	1	2	1	1	1	2	2	2	2	2	1	2	1	2	1	1	2	1	2	0	1	2	1	2	1	2	1	2	1	1	2	1	1	2	1	2	1	2	2	1	1	1	2	2	2
62	2	1	1	2	2	1	2	2	2	1	2	1	1	2	2	2	2	1	1	1	2	1	1	2	2	1	1	2	2	2	2	2	2	2	2	2	1	2	1	1	2	1	1	2	2	1	2	2	2	1	1	2	2	1	2	1	1	1	2	1	2	2	2	1	2	1	2	1	1	2	1	2	2	1	2	1	2	2	2	1	2	1	1	2	1	1	2	1	1	1	1	2	1	1	1	2	2	2
63	2	1	1	2	1	1	1	1	2	1	1	1	2	2	2	2	2	1	1	1	1	2	2	2	2	1	1	1	2	2	2	2	2	0	0	0	0	0	0	0	0	0	0	0	0	0	0	0	0	0	0	0	0	0	0	0	0	0	0	0	0	0	0	0	0	0	0	0	0	0	0	0	0	0	0	0	0	0	0	0	0	0	0	0	0	0	0	0	0	0	0	0	0	0	0	0	0	2
63	2	1	1	2	2	1	1	2	2	1	2	1	1	2	2	1	2	1	1	1	1	2	1	2	2	1	1	1	2	1	2	2	2	0	0	0	0	0	0	0	0	0	0	0	0	0	0	0	0	0	0	0	0	0	0	0	0	0	0	0	0	0	0	0	0	0	0	0	0	0	0	0	0	0	0	0	0	0	0	0	0	0	0	0	0	0	0	0	0	0	0	0	0	0	0	0	0	2
63	2	1	1	2	1	1	1	1	2	2	1	2	2	2	2	2	2	1	1	1	1	2	1	2	2	1	1	1	2	2	2	2	2	0	0	0	0	0	0	0	0	0	0	0	0	0	0	0	0	0	0	0	0	0	0	0	0	0	0	0	0	0	0	0	0	0	0	0	0	0	0	0	0	0	0	0	0	0	0	0	0	0	0	0	0	0	0	0	0	0	0	0	0	0	0	0	0	2
64	1	1	1	2	2	1	1	1	2	1	2	1	1	2	1	2	2	1	1	1	1	2	1	2	2	1	1	1	2	2	2	2	2	0	0	0	0	0	0	0	0	0	0	0	0	0	0	0	0	0	0	0	0	0	0	0	0	0	0	0	0	0	0	0	0	0	0	0	0	0	0	0	0	0	0	0	0	0	0	0	0	0	0	0	0	0	0	0	0	0	0	0	0	0	0	0	0	2
64	2	1	1	2	2	1	1	1	2	1	1	1	2	2	2	2	2	1	1	1	1	2	1	2	2	1	1	1	2	2	2	2	2	0	0	0	0	0	0	0	0	0	0	0	0	0	0	0	0	0	0	0	0	0	0	0	0	0	0	0	0	0	0	0	0	0	0	0	0	0	0	0	0	0	0	0	0	0	0	0	0	0	0	0	0	0	0	0	0	0	0	0	0	0	0	0	0	2
64	2	1	1	2	2	1	1	2	2	1	1	1	2	2	2	2	2	1	1	1	1	2	1	2	2	1	2	1	2	2	1	2	2	0	0	0	0	0	0	0	0	0	0	0	0	0	0	0	0	0	0	0	0	0	0	0	0	0	0	0	0	0	0	0	0	0	0	0	0	0	0	0	0	0	0	0	0	0	0	0	0	0	0	0	0	0	0	0	0	0	0	0	0	0	0	0	0	2
